2 0.503125 0.35 0.0421875 0.0625
2 0.4765625 0.3265625 0.0265625 0.05
2 0.4640625 0.31328125 0.02109375 0.028125
2 0.453125 0.30390625 0.01171875 0.025
2 0.384375 0.30390625 0.0140625 0.02109375
2 0.365625 0.309375 0.009375 0.01640625
2 0.34453125 0.3125 0.0140625 0.03046875
2 0.32734375 0.31484375 0.02421875 0.04453125
2 0.296875 0.33203125 0.028125 0.046875
2 0.2796875 0.34296875 0.03046875 0.046875
2 0.2546875 0.359375 0.05078125 0.059375
7 0.20703125 0.1375 0.02890625 0.059375
7 0.465625 0.1984375 0.021875 0.05
7 0.5421875 0.2609375 0.015625 0.01640625
7 0.5296875 0.0765625 0.01484375 0.021875
8 0.290625 0.2484375 0.0125 0.0375