8 0.3140625 0.15546875 0.03671875 0.03359375
8 0.4453125 0.16171875 0.03125 0.0390625
8 0.6171875 0.17734375 0.02890625 0.0390625
8 0.428125 0.48515625 0.0046875 0.025
8 0.459375 0.4875 0.0109375 0.02109375
8 0.521875 0.5140625 0.01171875 0.015625
8 0.4421875 0.48984375 0.015625 0.02890625
8 0.36484375 0.5109375 0.009375 0.01640625
2 0.421875 0.5359375 0.015625 0.01640625
2 0.4765625 0.5421875 0.0203125 0.02109375
2 0.509375 0.55546875 0.03671875 0.0515625
2 0.40546875 0.5359375 0.0265625 0.03359375
2 0.34609375 0.55 0.05625 0.075
2 0.44140625 0.56171875 0.05234375 0.0765625
2 0.5609375 0.571875 0.06953125 0.0890625