2 0.4109375 0.45859375 0.0546875 0.078125
2 0.8984375 0.5484375 0.2015625 0.23046875
2 0.75078125 0.509375 0.140625 0.125
2 0.67421875 0.49921875 0.090625 0.090625
2 0.62109375 0.4875 0.06640625 0.078125
2 0.58203125 0.47890625 0.04453125 0.05703125
2 0.5625 0.465625 0.04765625 0.05859375
2 0.5328125 0.465625 0.02734375 0.046875
2 0.51171875 0.46015625 0.01953125 0.040625
2 0.49921875 0.45703125 0.01171875 0.0359375
2 0.4890625 0.4546875 0.00859375 0.03359375
2 0.4796875 0.453125 0.01484375 0.0265625
2 0.46640625 0.44765625 0.0109375 0.0265625
8 0.16328125 0.259375 0.028125 0.05546875
8 0.1625 0.3390625 0.01875 0.046875
2 0.02109375 0.4453125 0.0421875 0.071875
2 0.0890625 0.4515625 0.07421875 0.0640625
2 0.2234375 0.44140625 0.03984375 0.04453125
2 0.18515625 0.43828125 0.03515625 0.04140625