2 0.3953125 0.28125 0.03984375 0.040625
2 0.3578125 0.28984375 0.040625 0.04453125
2 0.3125 0.28515625 0.05 0.0484375
2 0.25625 0.28359375 0.05234375 0.0484375
2 0.18359375 0.28359375 0.08984375 0.05703125
8 0.52421875 0.19375 0.015625 0.0359375
8 0.52421875 0.22890625 0.0203125 0.03359375
2 0.51875 0.27578125 0.03125 0.0390625
2 0.7078125 0.290625 0.02421875 0.028125
2 0.7734375 0.296875 0.021875 0.02890625
2 0.7984375 0.2953125 0.0140625 0.0234375
2 0.84609375 0.296875 0.03359375 0.040625
2 0.9484375 0.34921875 0.0921875 0.096875
7 0.64375 0.0921875 0.0109375 0.025
7 0.840625 0.1265625 0.01640625 0.02890625
2 0.90078125 0.2984375 0.07734375 0.0765625
2 0.4640625 0.403125 0.20234375 0.234375