8 0.6078125 0.48046875 0.01640625 0.034375
2 0.4796875 0.52734375 0.01640625 0.0265625
2 0.4546875 0.534375 0.01875 0.03359375
2 0.43203125 0.53984375 0.0171875 0.040625
2 0.41171875 0.53828125 0.02578125 0.046875
2 0.38671875 0.5453125 0.0234375 0.05546875
2 0.3578125 0.5515625 0.03125 0.0609375
2 0.3140625 0.5609375 0.05546875 0.07890625
2 0.25 0.590625 0.07109375 0.10546875
2 0.565625 0.53359375 0.01953125 0.0390625
2 0.6875 0.5390625 0.0328125 0.07890625
2 0.715625 0.57890625 0.08984375 0.1265625
2 0.1859375 0.59921875 0.1109375 0.13203125
2 0.62421875 0.56328125 0.0953125 0.15703125
2 0.84609375 0.58359375 0.23515625 0.2375
2 0.51015625 0.53828125 0.03515625 0.040625
2 0.540625 0.5359375 0.015625 0.034375
2 0.06796875 0.55625 0.1359375 0.32109375