7 0.16640625 0.42265625 0.01640625 0.053125
7 0.4921875 0.38828125 0.01328125 0.06953125
7 0.43125 0.52421875 0.00703125 0.02109375
7 0.321875 0.52890625 0.00703125 0.01640625
2 0.2453125 0.65 0.1671875 0.18359375
2 0.48515625 0.65625 0.1828125 0.321875
5 0.64375 0.5859375 0.01796875 0.071875
2 0.3390625 0.61015625 0.065625 0.0875
2 0.40625 0.60703125 0.0234375 0.034375
8 0.3453125 0.53828125 0.028125 0.025
7 0.4109375 0.56015625 0.00859375 0.01953125
7 0.6109375 0.30234375 0.01640625 0.053125
8 0.703125 0.24375 0.03359375 0.0609375
8 0.70234375 0.309375 0.01875 0.0375
8 0.7140625 0.328125 0.03984375 0.028125
8 0.71953125 0.41640625 0.0328125 0.14609375
8 0.54375 0.4078125 0.0296875 0.046875
8 0.00703125 0.4125 0.0125 0.034375
8 0.00625 0.4703125 0.0109375 0.0390625
8 0.00625 0.49765625 0.00859375 0.0140625
2 0.79140625 0.609375 0.09296875 0.121875
2 0.89140625 0.68515625 0.21640625 0.346875
8 0.30625 0.52421875 0.02265625 0.009375
5 0.0765625 0.62578125 0.02109375 0.09609375
7 0.6125 0.51875 0.01015625 0.025
8 0.64140625 0.2828125 0.02421875 0.07109375
7 0.7015625 0.4515625 0.01015625 0.03046875
7 0.60234375 0.5203125 0.0078125 0.02890625
2 0.40625 0.57890625 0.015625 0.02890625