7 0.19609375 0.2953125 0.0078125 0.0390625
7 0.15 0.315625 0.0078125 0.03359375
7 0.20390625 0.2921875 0.00625 0.0375
7 0.534375 0.36171875 0.00625 0.01953125
7 0.55 0.36484375 0.00625 0.02109375
7 0.6390625 0.14375 0.01328125 0.0625
7 0.61328125 0.14296875 0.01640625 0.0640625
7 0.7265625 0.284375 0.0078125 0.03203125
7 0.44140625 0.290625 0.00859375 0.0265625
7 0.3296875 0.4234375 0.00625 0.01796875
7 0.73359375 0.35078125 0.00703125 0.02109375
7 0.9734375 0.26953125 0.01328125 0.03046875
7 0.528125 0.39921875 0.0078125 0.00859375
2 0.4578125 0.43671875 0.028125 0.034375
2 0.428125 0.44296875 0.0359375 0.046875
2 0.3921875 0.453125 0.03984375 0.053125
2 0.3265625 0.4609375 0.0703125 0.0734375
2 0.171875 0.56015625 0.34375 0.3828125
2 0.5046875 0.496875 0.0984375 0.1390625
2 0.5953125 0.41796875 0.01171875 0.02109375
2 0.60703125 0.41953125 0.01953125 0.040625
2 0.621875 0.42421875 0.02890625 0.040625
2 0.7578125 0.5 0.12734375 0.14140625
2 0.94609375 0.51953125 0.1078125 0.2640625
5 0.75 0.41015625 0.0171875 0.04140625
8 0.99453125 0.184375 0.0078125 0.03359375
8 0.44375 0.36953125 0.01484375 0.03359375
8 0.4421875 0.33203125 0.021875 0.034375
7 0.7453125 0.34921875 0.0171875 0.034375