7 0.0515625 0.29765625 0.00859375 0.02109375
7 0.05390625 0.38046875 0.01328125 0.01796875
7 0.18046875 0.38125 0.00859375 0.021875
7 0.475 0.19609375 0.0125 0.05859375
7 0.37890625 0.38125 0.00625 0.015625
7 0.5890625 0.32734375 0.00703125 0.025
7 0.2046875 0.30859375 0.00859375 0.02109375
7 0.49140625 0.19609375 0.0125 0.06796875
7 0.61875 0.26796875 0.0140625 0.046875
7 0.6453125 0.26484375 0.01484375 0.05390625
7 0.6421875 0.35859375 0.015625 0.02890625
2 0.03046875 0.44453125 0.04609375 0.05390625
2 0.084375 0.440625 0.0421875 0.05390625
2 0.121875 0.440625 0.0375 0.04296875
2 0.146875 0.43671875 0.025 0.04140625
2 0.06484375 0.4515625 0.02890625 0.040625
2 0.3578125 0.4171875 0.01640625 0.0265625
2 0.36875 0.4390625 0.021875 0.03359375
2 0.33046875 0.46171875 0.0671875 0.096875
2 0.4 0.43125 0.0109375 0.01953125
2 0.4109375 0.43359375 0.01484375 0.01953125
8 0.5328125 0.4140625 0.009375 0.02109375
7 0.1765625 0.40625 0.00625 0.0109375
7 0.26796875 0.3 0.00703125 0.01796875
7 0.278125 0.3 0.0078125 0.01796875
8 0.95859375 0.37109375 0.01875 0.0125
8 0.628125 0.3703125 0.0265625 0.009375
8 0.6265625 0.38359375 0.0234375 0.0140625
8 0.625 0.396875 0.0265625 0.0125