7 0.6953125 0.33671875 0.01640625 0.059375
7 0.40078125 0.29296875 0.0171875 0.04140625
8 0.3984375 0.32109375 0.025 0.0234375
8 0.2859375 0.40390625 0.0171875 0.065625
7 0.678125 0.34140625 0.0140625 0.04453125
8 0.6046875 0.5 0.0140625 0.025
8 0.65625 0.534375 0.01171875 0.034375
7 0.8578125 0.396875 0.0140625 0.046875
7 0.89921875 0.328125 0.0109375 0.02109375
2 0.5796875 0.54453125 0.13515625 0.1109375
2 0.50703125 0.534375 0.01796875 0.02890625
2 0.49375 0.534375 0.01328125 0.028125
2 0.48125 0.53359375 0.0171875 0.04140625
2 0.465625 0.540625 0.0390625 0.04609375
2 0.42421875 0.52734375 0.0390625 0.03359375
2 0.321875 0.5171875 0.08125 0.059375
2 0.2171875 0.51015625 0.096875 0.05546875
2 0.1125 0.4953125 0.0859375 0.06796875
2 0.0375 0.47734375 0.075 0.11953125
2 0.87734375 0.5984375 0.02421875 0.0390625
2 0.83125 0.590625 0.04609375 0.04296875
2 0.7484375 0.57421875 0.01953125 0.0359375
2 0.78125 0.58515625 0.053125 0.04609375
2 0.71015625 0.57578125 0.06171875 0.04609375
2 0.93203125 0.6578125 0.13515625 0.171875
8 0.98359375 0.33359375 0.03203125 0.05859375