8 0.76171875 0.39609375 0.01875 0.03359375
8 0.6125 0.378125 0.04609375 0.02890625
2 0.5921875 0.44609375 0.01171875 0.028125
2 0.60546875 0.44296875 0.02109375 0.0375
2 0.6171875 0.434375 0.0125 0.01640625
2 0.66875 0.43671875 0.01875 0.01640625
2 0.7078125 0.44453125 0.0296875 0.028125
2 0.3546875 0.465625 0.08984375 0.0859375
2 0.63828125 0.4796875 0.0734375 0.07890625
2 0.54375 0.49765625 0.11875 0.190625
2 0.13671875 0.50078125 0.1609375 0.115625
8 0.4640625 0.2203125 0.04296875 0.1
2 0.946875 0.459375 0.1046875 0.09453125
2 0.48125 0.44453125 0.03515625 0.0484375