7 0.3078125 0.4890625 0.01875 0.034375
7 0.58671875 0.53046875 0.015625 0.0234375
7 0.54140625 0.62578125 0.0109375 0.02109375
7 0.1515625 0.57421875 0.009375 0.021875
7 0.2859375 0.434375 0.009375 0.0265625
7 0.5765625 0.52109375 0.0078125 0.03359375
8 0.65625 0.57109375 0.01875 0.021875
8 0.65625 0.590625 0.0171875 0.009375
8 0.60078125 0.6375 0.0125 0.02109375
7 0.74375 0.5984375 0.009375 0.028125
8 0.175 0.50234375 0.01484375 0.015625
8 0.3015625 0.5484375 0.0171875 0.0125
2 0.4015625 0.67109375 0.0328125 0.05859375
2 0.3671875 0.67109375 0.0375 0.04296875
2 0.54453125 0.678125 0.0109375 0.021875
2 0.553125 0.68359375 0.00859375 0.0140625
2 0.5609375 0.684375 0.00546875 0.015625
2 0.56875 0.68671875 0.0109375 0.0234375
2 0.5796875 0.684375 0.01171875 0.0234375
2 0.5921875 0.6875 0.0125 0.0265625
2 0.61328125 0.6765625 0.040625 0.05546875
2 0.478125 0.696875 0.13359375 0.2234375
2 0.68984375 0.70546875 0.0546875 0.09609375
2 0.771875 0.71328125 0.14140625 0.1609375
2 0.91875 0.759375 0.16171875 0.29140625
2 0.2203125 0.678125 0.1765625 0.196875
2 0.10078125 0.678125 0.06875 0.0734375
2 0.034375 0.6953125 0.06875 0.1265625
5 0.621875 0.67578125 0.0125 0.07109375