7 0.46875 0.32578125 0.0109375 0.021875
7 0.5375 0.32421875 0.01015625 0.01953125
2 0.4140625 0.40234375 0.0265625 0.0515625
2 0.453125 0.3984375 0.05546875 0.078125
2 0.365625 0.409375 0.08125 0.11640625
2 0.5859375 0.4234375 0.0203125 0.059375
2 0.59921875 0.42890625 0.03359375 0.06953125
2 0.60859375 0.43046875 0.0359375 0.071875
2 0.6421875 0.43828125 0.07265625 0.10546875
2 0.0828125 0.4375 0.16328125 0.39140625
2 0.3265625 0.42890625 0.1125 0.11953125
2 0.52890625 0.4265625 0.1 0.171875
2 0.69765625 0.46328125 0.12421875 0.13203125