8 0.1875 0.2515625 0.08203125 0.184375
8 0.3796875 0.51328125 0.028125 0.071875
8 0.4421875 0.596875 0.00859375 0.03203125
8 0.378125 0.6390625 0.0125 0.02890625
8 0.4625 0.62734375 0.00546875 0.015625
2 0.6421875 0.6625 0.0453125 0.046875
2 0.684375 0.6609375 0.046875 0.053125
2 0.7234375 0.66171875 0.034375 0.0484375
2 0.5265625 0.66171875 0.0140625 0.01640625
2 0.4796875 0.66015625 0.00859375 0.0140625
2 0.471875 0.66015625 0.0078125 0.0140625
2 0.31640625 0.65078125 0.028125 0.03046875
2 0.2796875 0.65625 0.01875 0.03359375
2 0.2609375 0.6578125 0.0265625 0.0359375
2 0.05 0.71640625 0.1 0.1640625
2 0.7578125 0.67578125 0.04921875 0.0609375
2 0.43125 0.65078125 0.03046875 0.03359375