2 0.60234375 0.48359375 0.015625 0.01640625
2 0.6109375 0.490625 0.0203125 0.021875
2 0.6171875 0.5 0.0203125 0.046875
2 0.6390625 0.5140625 0.04765625 0.0609375
2 0.71875 0.540625 0.10546875 0.12890625
2 0.5234375 0.5109375 0.04140625 0.05546875
2 0.49765625 0.50390625 0.01640625 0.0484375
2 0.4796875 0.50625 0.028125 0.0625
2 0.45859375 0.5125 0.03984375 0.075
2 0.42890625 0.51640625 0.04453125 0.096875
2 0.378125 0.528125 0.08203125 0.109375
2 0.296875 0.565625 0.1171875 0.16796875
2 0.125 0.58046875 0.25 0.30859375
2 0.87421875 0.60703125 0.2515625 0.42890625