7 0.790625 0.19453125 0.015625 0.065625
7 0.7765625 0.184375 0.01875 0.0765625
7 0.75625 0.184375 0.0171875 0.06953125
7 0.396875 0.2890625 0.01015625 0.05390625
7 0.38984375 0.2890625 0.0125 0.05703125
7 0.375 0.2890625 0.01171875 0.046875
8 0.3140625 0.35859375 0.02421875 0.0140625
7 0.315625 0.42421875 0.01875 0.0359375
8 0.66875 0.415625 0.02109375 0.05546875
7 0.7859375 0.4078125 0.0171875 0.0234375
2 0.0078125 0.528125 0.01484375 0.0625
2 0.5796875 0.46875 0.01640625 0.03046875
2 0.60859375 0.4859375 0.05 0.08046875
2 0.5421875 0.47109375 0.009375 0.015625
2 0.53125 0.47265625 0.0125 0.01953125
2 0.52578125 0.4765625 0.01484375 0.015625
2 0.5109375 0.4875 0.0203125 0.028125
2 0.4953125 0.48828125 0.0140625 0.0359375
2 0.4859375 0.49296875 0.0171875 0.04140625
2 0.465625 0.49453125 0.03359375 0.0484375