2 0.47265625 0.4890625 0.02265625 0.034375
2 0.559375 0.48671875 0.02890625 0.0359375
2 0.60234375 0.4921875 0.040625 0.04453125
2 0.4375 0.49921875 0.03203125 0.04140625
7 0.33203125 0.3328125 0.01953125 0.0515625
7 0.5640625 0.3453125 0.01484375 0.040625
7 0.85859375 0.3734375 0.015625 0.03046875
7 0.275 0.4546875 0.01015625 0.0234375
7 0.4640625 0.4328125 0.009375 0.01796875
7 0.53046875 0.42578125 0.00859375 0.01640625
7 0.49453125 0.44453125 0.009375 0.009375
2 0.53125 0.4875 0.01015625 0.021875
2 0.51171875 0.49609375 0.0359375 0.05
5 0.090625 0.5625 0.028125 0.12890625
7 0.6890625 0.4296875 0.01171875 0.01796875
2 0.028125 0.54453125 0.05625 0.075
8 0.6265625 0.38828125 0.0109375 0.03046875
8 0.8484375 0.31640625 0.02890625 0.0234375
8 0.68046875 0.39296875 0.02109375 0.01640625
8 0.30390625 0.44140625 0.009375 0.028125
7 0.00625 0.43515625 0.01171875 0.03046875
5 0.646875 0.47734375 0.009375 0.0484375
5 0.6328125 0.490625 0.00625 0.0609375
2 0.7578125 0.490625 0.03203125 0.03359375