7 0.8140625 0.1953125 0.02109375 0.07890625
7 0.50390625 0.43046875 0.0109375 0.0265625
7 0.5484375 0.4359375 0.0078125 0.01953125
7 0.8671875 0.3953125 0.03203125 0.0484375
8 0.6296875 0.4421875 0.01796875 0.03203125
2 0.4765625 0.47265625 0.01953125 0.0359375
2 0.4640625 0.484375 0.01875 0.03203125
2 0.4515625 0.490625 0.0171875 0.04140625
2 0.43125 0.490625 0.025 0.05546875
2 0.4171875 0.4953125 0.02734375 0.05546875
2 0.38515625 0.50234375 0.04921875 0.075
2 0.35390625 0.51953125 0.05859375 0.078125
2 0.321875 0.534375 0.05078125 0.0984375
2 0.56640625 0.47109375 0.01640625 0.03359375
2 0.575 0.48125 0.02109375 0.0515625
2 0.59609375 0.4859375 0.03671875 0.06796875
2 0.615625 0.50859375 0.03046875 0.0734375
2 0.6359375 0.51875 0.0421875 0.09140625
2 0.675 0.54140625 0.09765625 0.134375
2 0.23125 0.54921875 0.15078125 0.1625