7 0.565625 0.40703125 0.0078125 0.0265625
7 0.4796875 0.43515625 0.00625 0.02109375
7 0.4546875 0.4421875 0.0078125 0.0265625
8 0.403125 0.446875 0.0109375 0.02109375
8 0.56875 0.4625 0.009375 0.0234375
8 0.59921875 0.44921875 0.01171875 0.01640625
8 0.8125 0.4390625 0.0265625 0.05703125
2 0.4375 0.46953125 0.015625 0.028125
2 0.4203125 0.49609375 0.034375 0.0640625
2 0.3875 0.5 0.0421875 0.15390625
2 0.34375 0.51953125 0.09765625 0.19453125
2 0.22890625 0.540625 0.22578125 0.3109375
2 0.87109375 0.56875 0.14609375 0.12890625
2 0.4859375 0.5453125 0.11171875 0.19453125
2 0.96640625 0.59375 0.065625 0.1359375
2 0.12890625 0.55703125 0.25703125 0.41953125