8 0.3234375 0.6234375 0.01328125 0.0140625
8 0.37421875 0.62421875 0.00859375 0.02109375
8 0.4484375 0.6140625 0.0125 0.0109375
8 0.44375 0.62578125 0.02265625 0.02109375
8 0.46875 0.62578125 0.02578125 0.02109375
8 0.6171875 0.6265625 0.025 0.04296875
2 0.37890625 0.64609375 0.01328125 0.015625
2 0.403125 0.653125 0.0109375 0.01796875
2 0.3578125 0.6484375 0.01875 0.0359375
2 0.27421875 0.659375 0.01796875 0.0484375
2 0.43125 0.66484375 0.01640625 0.040625
2 0.1828125 0.66171875 0.1796875 0.221875
2 0.3390625 0.6546875 0.0375 0.05
2 0.39140625 0.65625 0.01875 0.02890625
2 0.45625 0.66875 0.04609375 0.06796875