2 0.3078125 0.38515625 0.059375 0.06796875
2 0.62890625 0.428125 0.10234375 0.10390625
2 0.353125 0.384375 0.03203125 0.0484375
2 0.38125 0.3765625 0.03125 0.046875
2 0.39765625 0.36875 0.01796875 0.0359375
2 0.4125 0.36875 0.021875 0.040625
2 0.425 0.36875 0.01875 0.0359375
5 0.47265625 0.371875 0.01171875 0.02109375
5 0.484375 0.37265625 0.01328125 0.0234375
2 0.49296875 0.37890625 0.0140625 0.03203125
2 0.503125 0.38046875 0.021875 0.0390625
2 0.5140625 0.384375 0.01875 0.04453125
2 0.528125 0.384375 0.02734375 0.059375
2 0.5484375 0.3921875 0.03984375 0.07109375
2 0.575 0.40703125 0.05703125 0.075
2 0.44921875 0.378125 0.01328125 0.025
2 0.459375 0.37421875 0.009375 0.01640625
2 0.434375 0.37421875 0.0109375 0.025
8 0.5859375 0.309375 0.01875 0.053125
8 0.68828125 0.271875 0.01796875 0.025
7 0.8015625 0.2484375 0.01875 0.04296875
7 0.83125 0.25234375 0.0296875 0.0484375
7 0.4796875 0.30703125 0.01171875 0.0234375
7 0.471875 0.3390625 0.0109375 0.01953125
7 0.4234375 0.29453125 0.009375 0.028125
7 0.440625 0.33671875 0.00859375 0.0234375
7 0.41875 0.29609375 0.00703125 0.02890625