7 0.21875 0.16875 0.01015625 0.0625
7 0.42109375 0.20703125 0.0078125 0.05
7 0.50859375 0.290625 0.00703125 0.03046875
7 0.2359375 0.18203125 0.01328125 0.05703125
8 0.5578125 0.28984375 0.01796875 0.01640625
8 0.5578125 0.2578125 0.025 0.03359375
8 0.21484375 0.121875 0.11171875 0.134375
2 0.3109375 0.41796875 0.1171875 0.2234375
2 0.15390625 0.45625 0.3078125 0.584375
2 0.53046875 0.53046875 0.25078125 0.36953125
8 0.509375 0.32265625 0.01484375 0.0125
2 0.38125 0.3890625 0.034375 0.04453125
7 0.42890625 0.2171875 0.009375 0.040625
2 0.4265625 0.409375 0.03203125 0.0765625