8 0.53203125 0.25625 0.01875 0.0359375
8 0.53046875 0.3 0.0203125 0.03203125
8 0.5171875 0.3171875 0.01796875 0.01796875
8 0.5078125 0.33984375 0.0328125 0.04140625
8 0.3765625 0.3484375 0.02421875 0.02109375
2 0.34765625 0.359375 0.0171875 0.025
2 0.35390625 0.38046875 0.025 0.021875
2 0.43125 0.35078125 0.01796875 0.02109375
2 0.44609375 0.359375 0.0171875 0.01796875
2 0.4765625 0.36171875 0.01171875 0.01796875
2 0.46875 0.36796875 0.01640625 0.01796875
2 0.5453125 0.434375 0.0734375 0.1015625
2 0.4078125 0.3953125 0.0140625 0.02890625
2 0.453125 0.39609375 0.02734375 0.04609375
2 0.4328125 0.421875 0.04609375 0.0734375
2 0.41875 0.34140625 0.01484375 0.01796875