2 0.428125 0.40859375 0.02109375 0.021875
2 0.35078125 0.41015625 0.03984375 0.03359375
2 0.45546875 0.403125 0.0125 0.01796875
2 0.5421875 0.403125 0.015625 0.01796875
2 0.5109375 0.409375 0.01875 0.02109375
2 0.4875 0.40703125 0.01328125 0.02109375
2 0.475 0.409375 0.0125 0.01640625
2 0.5265625 0.409375 0.01328125 0.015625
2 0.190625 0.4890625 0.29375 0.2859375
8 0.5796875 0.365625 0.02578125 0.01796875
8 0.553125 0.36484375 0.021875 0.02109375
8 0.4984375 0.36484375 0.01171875 0.00703125
8 0.49375 0.3734375 0.02109375 0.0125