8 0.74765625 0.384375 0.0328125 0.028125
8 0.7640625 0.29453125 0.025 0.01796875
8 0.5 0.43828125 0.0125 0.009375
7 0.5828125 0.121875 0.01640625 0.075
7 0.1734375 0.2203125 0.015625 0.03046875
7 0.1359375 0.290625 0.01484375 0.03046875
7 0.6 0.1359375 0.0171875 0.07109375
7 0.759375 0.4421875 0.01328125 0.034375
2 0.415625 0.47578125 0.01328125 0.015625
2 0.39375 0.465625 0.01328125 0.01796875
7 0.42734375 0.446875 0.0046875 0.01640625
7 0.3921875 0.4375 0.00703125 0.01953125
2 0.93359375 0.809375 0.13046875 0.38046875
8 0.3578125 0.4671875 0.0140625 0.02890625
8 0.50234375 0.4203125 0.01171875 0.01640625
7 0.4875 0.46171875 0.009375 0.0140625
7 0.446875 0.4046875 0.01015625 0.02109375