8 0.740625 0.09921875 0.06640625 0.11640625
8 0.62421875 0.32109375 0.028125 0.034375
8 0.58203125 0.43125 0.01328125 0.0375
8 0.834375 0.3625 0.03046875 0.05859375
8 0.5734375 0.4515625 0.0125 0.01953125
8 0.5625 0.43359375 0.00859375 0.0140625
8 0.5328125 0.38203125 0.015625 0.021875
7 0.5796875 0.05859375 0.01640625 0.0375
7 0.3328125 0.0859375 0.01796875 0.03203125
2 0.54296875 0.503125 0.0625 0.0859375
2 0.7203125 0.52109375 0.10078125 0.11953125
2 0.6140625 0.503125 0.046875 0.05390625
2 0.41484375 0.53515625 0.09296875 0.14140625
1 0.3625 0.4859375 0.09765625 0.11953125
7 0.69609375 0.196875 0.0234375 0.07890625
7 0.88125 0.03828125 0.0203125 0.0765625
7 0.8484375 0.42734375 0.015625 0.0265625