2 0.26875 0.6171875 0.0140625 0.02890625
2 0.25703125 0.61953125 0.01328125 0.03359375
2 0.24765625 0.62421875 0.01796875 0.040625
2 0.23671875 0.6296875 0.015625 0.0375
2 0.21796875 0.6328125 0.02734375 0.05703125
2 0.1984375 0.640625 0.0234375 0.05
2 0.178125 0.64609375 0.03671875 0.065625
2 0.15 0.65859375 0.03828125 0.078125
2 0.07890625 0.65390625 0.1078125 0.125
2 0.3390625 0.60546875 0.01328125 0.025
2 0.3484375 0.603125 0.0109375 0.025
2 0.35859375 0.6046875 0.01640625 0.040625
2 0.3671875 0.60703125 0.015625 0.04453125
2 0.378125 0.61328125 0.01875 0.05703125
2 0.3921875 0.625 0.03125 0.06796875
2 0.434375 0.6359375 0.075 0.1375
2 0.51875 0.665625 0.14140625 0.259375
2 0.7640625 0.72734375 0.46796875 0.490625
7 0.284375 0.5546875 0.00859375 0.01796875
7 0.353125 0.54453125 0.0078125 0.0109375