8 0.9125 0.18359375 0.10703125 0.1234375
8 0.7640625 0.175 0.1046875 0.1234375
8 0.45 0.4859375 0.01875 0.01640625
8 0.33125 0.334375 0.01953125 0.05
8 0.53984375 0.49375 0.01171875 0.01796875
8 0.83671875 0.35859375 0.0234375 0.05
8 0.690625 0.45546875 0.01015625 0.02890625
2 0.60625 0.53828125 0.01484375 0.04140625
2 0.5609375 0.53828125 0.01953125 0.05
2 0.4484375 0.54296875 0.02265625 0.025
2 0.584375 0.54609375 0.0390625 0.05546875
2 0.64609375 0.54140625 0.0765625 0.109375
2 0.5140625 0.559375 0.0765625 0.115625
2 0.840625 0.584375 0.2796875 0.24609375
2 0.903125 0.36796875 0.0640625 0.01796875
1 0.85703125 0.353125 0.0734375 0.05
2 0.7015625 0.53515625 0.02890625 0.04609375