2 0.040625 0.49765625 0.08125 0.18046875
2 0.4890625 0.43828125 0.025 0.0359375
2 0.43828125 0.440625 0.01875 0.0234375
2 0.359375 0.4453125 0.03125 0.04609375
2 0.39140625 0.4328125 0.0484375 0.06796875
2 0.19375 0.52578125 0.26640625 0.37109375
2 0.46015625 0.43828125 0.0328125 0.04453125
2 0.32578125 0.440625 0.0375 0.05546875
8 0.53125 0.3234375 0.034375 0.05859375
8 0.73125 0.21328125 0.02578125 0.04453125
8 0.4171875 0.29296875 0.08046875 0.07890625
8 0.33359375 0.29375 0.0859375 0.078125
8 0.521875 0.40390625 0.01015625 0.015625
8 0.73125 0.25703125 0.02265625 0.0375