2 0.4234375 0.41875 0.04140625 0.05859375
2 0.38203125 0.409375 0.01484375 0.01953125
8 0.5578125 0.3109375 0.0234375 0.0625
8 0.31171875 0.38203125 0.003125 0.0125
8 0.3859375 0.38515625 0.00234375 0.015625
8 0.48515625 0.359375 0.009375 0.015625
8 0.41171875 0.37421875 0.00859375 0.00546875
8 0.5109375 0.4234375 0.00859375 0.01953125
7 0.31875 0.35703125 0.00859375 0.015625
10 0.228125 0.384375 0.09453125 0.1609375
2 0.35 0.403125 0.021875 0.03046875
2 0.2796875 0.41328125 0.021875 0.05703125
2 0.3046875 0.40703125 0.0265625 0.046875
7 0.375 0.36328125 0.00859375 0.0125
7 0.37109375 0.396875 0.00546875 0.0140625
7 0.30390625 0.36171875 0.00703125 0.01796875
0 0.89375 0.46796875 0.0890625 0.1