7 0.0421875 0.29140625 0.0125 0.04609375
7 0.33046875 0.259375 0.01953125 0.0859375
7 0.4359375 0.32265625 0.01015625 0.04609375
7 0.4046875 0.225 0.01015625 0.01796875
8 0.3671875 0.2390625 0.05546875 0.0765625
2 0.3484375 0.390625 0.0390625 0.0734375
2 0.2890625 0.390625 0.03515625 0.0625
8 0.171875 0.29609375 0.0171875 0.02890625
8 0.1578125 0.34921875 0.01484375 0.02109375
2 0.13515625 0.403125 0.0578125 0.05
2 0.06875 0.403125 0.05546875 0.04140625
2 0.2046875 0.3984375 0.0484375 0.05859375
8 0.29609375 0.27421875 0.01484375 0.028125