2 0.50703125 0.54765625 0.0578125 0.08359375
2 0.471875 0.521875 0.01171875 0.025
2 0.459375 0.53203125 0.0078125 0.03359375
2 0.4484375 0.534375 0.01484375 0.04140625
2 0.4359375 0.53515625 0.01875 0.046875
2 0.3984375 0.53203125 0.0640625 0.07109375
2 0.31171875 0.546875 0.103125 0.125
2 0.21796875 0.590625 0.12578125 0.19296875
2 0.075 0.6640625 0.15 0.31875
2 0.5390625 0.528125 0.009375 0.021875
2 0.546875 0.53046875 0.01171875 0.01796875
2 0.55859375 0.53046875 0.0125 0.0265625
2 0.5796875 0.540625 0.028125 0.04140625
2 0.5890625 0.546875 0.0234375 0.034375
2 0.615625 0.55859375 0.040625 0.0625
2 0.69375 0.55546875 0.07265625 0.1015625
2 0.78671875 0.6125 0.16796875 0.203125
2 0.95 0.69375 0.09453125 0.20546875
7 0.5171875 0.47109375 0.01015625 0.0265625
7 0.48984375 0.4765625 0.01171875 0.02109375