7 0.490625 0.45 0.00703125 0.01640625
7 0.51875 0.45078125 0.01015625 0.0109375
7 0.50078125 0.46796875 0.0078125 0.0109375
7 0.5109375 0.46953125 0.0109375 0.01796875
2 0.4890625 0.478125 0.01796875 0.01953125
2 0.4796875 0.48203125 0.01484375 0.0234375
2 0.4671875 0.48671875 0.0171875 0.028125
2 0.45078125 0.484375 0.0203125 0.05
2 0.434375 0.4875 0.02734375 0.0734375
2 0.41875 0.4921875 0.0171875 0.08046875
2 0.403125 0.5078125 0.03671875 0.125
2 0.375 0.51015625 0.04296875 0.12890625
2 0.3015625 0.53984375 0.1453125 0.1890625
2 0.51875 0.47890625 0.01015625 0.0234375
2 0.52734375 0.4828125 0.01015625 0.0234375
2 0.534375 0.484375 0.01015625 0.02109375
2 0.5421875 0.4875 0.0078125 0.025
2 0.5546875 0.490625 0.02421875 0.03203125
2 0.58046875 0.50703125 0.02578125 0.07109375
2 0.59375 0.51484375 0.028125 0.0875
2 0.64765625 0.5234375 0.10703125 0.15546875