2 0.1078125 0.58671875 0.215625 0.6171875
2 0.76875 0.52109375 0.46015625 0.521875
2 0.2421875 0.484375 0.1765625 0.29453125
2 0.3375 0.43359375 0.05 0.07109375
2 0.3703125 0.4171875 0.01328125 0.02890625
2 0.3796875 0.4125 0.00859375 0.02109375
2 0.40625 0.4171875 0.01015625 0.015625
2 0.41796875 0.42734375 0.01796875 0.02890625
2 0.4328125 0.43125 0.01796875 0.0515625
2 0.4578125 0.434375 0.03671875 0.06796875
2 0.47734375 0.46875 0.06640625 0.12890625
2 0.5296875 0.471875 0.09296875 0.2
8 0.4328125 0.38671875 0.0078125 0.015625