2 0.328125 0.396875 0.0390625 0.046875
2 0.2984375 0.39765625 0.01875 0.040625
2 0.2671875 0.40078125 0.04453125 0.046875
2 0.1875 0.39765625 0.0921875 0.084375
2 0.0703125 0.39765625 0.1375 0.1234375
2 0.50390625 0.3953125 0.0125 0.025
2 0.51328125 0.39921875 0.01875 0.02890625
2 0.5265625 0.403125 0.0140625 0.0265625
2 0.54375 0.41171875 0.01484375 0.0359375
2 0.559375 0.41640625 0.02421875 0.04453125
2 0.58828125 0.42265625 0.0328125 0.0625
2 0.6625 0.446875 0.10859375 0.12109375
2 0.40078125 0.3921875 0.05390625 0.05546875