2 0.384375 0.4828125 0.03046875 0.0515625
2 0.3609375 0.48125 0.02734375 0.0734375
2 0.34296875 0.4953125 0.03359375 0.096875
2 0.2984375 0.51328125 0.07578125 0.18359375
2 0.14140625 0.5484375 0.2828125 0.33203125
2 0.42734375 0.490625 0.0296875 0.046875
2 0.45625 0.49453125 0.01953125 0.0375
2 0.46953125 0.49140625 0.02421875 0.0484375
2 0.48671875 0.490625 0.03046875 0.05546875
2 0.5109375 0.5015625 0.04375 0.0640625
2 0.54453125 0.52578125 0.0578125 0.10703125
2 0.6 0.5296875 0.103125 0.1375
2 0.69375 0.54921875 0.1609375 0.2265625
1 0.871875 0.54765625 0.25390625 0.55859375
8 0.1140625 0.221875 0.034375 0.040625
8 0.215625 0.346875 0.021875 0.0375
8 0.215625 0.2890625 0.0515625 0.08203125
7 0.3828125 0.42265625 0.01015625 0.01953125
7 0.4375 0.42890625 0.009375 0.01796875
7 0.48828125 0.4375 0.00859375 0.0109375