7 0.2484375 0.221875 0.015625 0.034375
7 0.67109375 0.084375 0.0109375 0.0609375
7 0.8015625 0.2546875 0.015625 0.04453125
7 0.83203125 0.234375 0.01328125 0.028125
7 0.6796875 0.084375 0.009375 0.05703125
8 0.25078125 0.15859375 0.02890625 0.02109375
8 0.82421875 0.215625 0.02890625 0.028125
7 0.3859375 0.0109375 0.0171875 0.021875
2 0.4 0.30078125 0.03203125 0.07109375
2 0.075 0.29140625 0.15 0.0828125
8 0.075 0.09296875 0.02890625 0.03046875
2 0.121875 0.4890625 0.24375 0.34453125
2 0.9390625 0.3953125 0.1203125 0.38203125
2 0.546875 0.41171875 0.2890625 0.54140625