2 0.0828125 0.61328125 0.15859375 0.30390625
2 0.7171875 0.66015625 0.153125 0.16640625
2 0.63046875 0.60078125 0.11484375 0.10390625
2 0.58046875 0.5859375 0.04296875 0.0859375
5 0.6421875 0.62421875 0.0328125 0.140625
5 0.809375 0.58359375 0.00859375 0.0234375
5 0.709375 0.56953125 0.01328125 0.0125
2 0.315625 0.63515625 0.43984375 0.7140625
2 0.853125 0.7609375 0.28671875 0.34609375
7 0.4625 0.38125 0.009375 0.034375
7 0.2296875 0.3890625 0.00703125 0.03046875
7 0.809375 0.38671875 0.0125 0.040625
7 0.7625 0.41171875 0.0140625 0.04609375
8 0.91875 0.42578125 0.02734375 0.0140625
8 0.9234375 0.44375 0.0296875 0.009375
8 0.8875 0.47734375 0.02890625 0.03359375
8 0.9078125 0.46640625 0.0109375 0.0140625
8 0.91875 0.534375 0.0546875 0.09453125
8 0.059375 0.09453125 0.0421875 0.021875
7 0.859375 0.4875 0.01171875 0.0375