7 0.2625 0.31171875 0.009375 0.04140625
7 0.40546875 0.3171875 0.01171875 0.034375
7 0.8265625 0.4203125 0.0125 0.05859375
7 0.81796875 0.46484375 0.0171875 0.0265625
7 0.5609375 0.15234375 0.0265625 0.0875
7 0.6234375 0.03125 0.03125 0.0625
2 0.0203125 0.5984375 0.040625 0.090625
2 0.8734375 0.6328125 0.175 0.2375
2 0.071875 0.5875 0.07109375 0.0765625
2 0.121875 0.58515625 0.046875 0.0640625
2 0.15625 0.57421875 0.05234375 0.06640625
2 0.765625 0.61640625 0.140625 0.221875
2 0.671875 0.62421875 0.1015625 0.15
2 0.6203125 0.6140625 0.03125 0.075
10 0.6265625 0.525 0.1125 0.096875
2 0.55 0.58984375 0.0796875 0.10546875
2 0.390625 0.56171875 0.028125 0.03359375
7 0.37890625 0.4953125 0.009375 0.01640625
7 0.39375 0.5078125 0.0078125 0.02109375
7 0.36484375 0.5078125 0.009375 0.01640625
8 0.5609375 0.46796875 0.0125 0.02890625
2 0.5078125 0.56953125 0.0375 0.0765625
2 0.43125 0.56015625 0.021875 0.03046875
2 0.2859375 0.56171875 0.0171875 0.025
2 0.23125 0.5578125 0.0390625 0.03203125