7 0.428125 0.375 0.0109375 0.025
7 0.4984375 0.365625 0.0125 0.02109375
7 0.553125 0.36015625 0.01484375 0.028125
7 0.65625 0.3734375 0.01171875 0.025
8 0.6640625 0.328125 0.01953125 0.03203125
8 0.4546875 0.3796875 0.04609375 0.01640625
2 0.55 0.471875 0.01640625 0.025
2 0.59609375 0.47890625 0.01953125 0.03203125
2 0.6296875 0.47578125 0.02890625 0.0265625
2 0.76328125 0.48125 0.05859375 0.04453125
2 0.71875 0.4859375 0.0625 0.0484375
2 0.3703125 0.48828125 0.071875 0.065625
2 0.4265625 0.4796875 0.0421875 0.02890625
2 0.1953125 0.503125 0.10234375 0.09296875
2 0.0359375 0.503125 0.0484375 0.03203125
2 0.009375 0.5015625 0.01875 0.04375
2 0.4703125 0.48203125 0.02109375 0.02109375
7 0.275 0.278125 0.01171875 0.046875
2 0.51875 0.46640625 0.0375 0.034375