7 0.484375 0.4578125 0.0078125 0.01796875
7 0.5 0.4578125 0.01015625 0.0140625
2 0.49140625 0.47734375 0.0171875 0.01953125
2 0.51328125 0.484375 0.0140625 0.0265625
2 0.5234375 0.4859375 0.01640625 0.03359375
2 0.5421875 0.490625 0.02890625 0.0515625
2 0.56875 0.4984375 0.03984375 0.06640625
2 0.5875 0.503125 0.03125 0.08046875
2 0.6296875 0.51015625 0.0828125 0.1140625
2 0.6671875 0.53984375 0.08203125 0.13359375
2 0.8015625 0.5640625 0.2609375 0.26796875
2 0.4796875 0.490625 0.009375 0.02109375
2 0.471875 0.4921875 0.01171875 0.025
2 0.4640625 0.49453125 0.0125 0.025
2 0.453125 0.50078125 0.01640625 0.0375
2 0.43984375 0.50390625 0.01640625 0.05546875
2 0.3140625 0.52421875 0.16953125 0.2390625
2 0.15625 0.62109375 0.3125 0.3171875
2 0.415625 0.50703125 0.04453125 0.0640625