2 0.115625 0.525 0.0109375 0.0140625
2 0.13046875 0.53515625 0.01015625 0.01796875
2 0.13671875 0.546875 0.0125 0.01640625
2 0.14375 0.55390625 0.0140625 0.0265625
2 0.1484375 0.56640625 0.015625 0.028125
10 0.1765625 0.5546875 0.04375 0.071875
2 0.184375 0.575 0.02578125 0.04453125
2 0.190625 0.575 0.02421875 0.046875
2 0.2140625 0.57578125 0.046875 0.0625
2 0.0984375 0.54296875 0.015625 0.01796875
2 0.103125 0.55625 0.0171875 0.021875
2 0.0765625 0.559375 0.034375 0.025
2 0.06328125 0.5796875 0.01796875 0.03046875
2 0.05 0.58671875 0.01640625 0.04140625
2 0.0328125 0.5890625 0.0265625 0.05390625
2 0.01640625 0.596875 0.02265625 0.046875
2 0.00625 0.59921875 0.0125 0.0625
2 0.26875 0.584375 0.0765625 0.0875
2 0.4953125 0.628125 0.25078125 0.2109375
2 0.09453125 0.58125 0.02890625 0.0375
8 0.2703125 0.4796875 0.015625 0.0265625