7 0.11875 0.0921875 0.01875 0.084375
7 0.5765625 0.040625 0.0265625 0.07890625
7 0.546875 0.034375 0.0234375 0.06796875
7 0.33984375 0.3515625 0.0109375 0.02109375
7 0.4265625 0.34921875 0.009375 0.0140625
7 0.42734375 0.371875 0.00625 0.0140625
7 0.84765625 0.28359375 0.01875 0.02890625
7 0.8234375 0.2890625 0.02265625 0.03203125
2 0.65625 0.42578125 0.103125 0.13046875
2 0.490625 0.4109375 0.0171875 0.040625
2 0.509375 0.41484375 0.021875 0.0390625
2 0.5234375 0.41875 0.01875 0.03359375
2 0.53671875 0.428125 0.02265625 0.0484375
2 0.56640625 0.42265625 0.03671875 0.05859375
2 0.6078125 0.42265625 0.06484375 0.103125
2 0.33203125 0.4171875 0.01875 0.028125
2 0.3453125 0.41484375 0.01171875 0.021875
2 0.35390625 0.415625 0.0109375 0.02109375
1 0.459375 0.3984375 0.03125 0.04140625
2 0.3890625 0.409375 0.0125 0.01640625
2 0.4140625 0.40703125 0.0078125 0.0109375
2 0.42578125 0.40703125 0.01328125 0.0109375
2 0.40390625 0.40859375 0.00859375 0.0140625
7 0.3828125 0.3859375 0.0078125 0.0140625
8 0.303125 0.3734375 0.00859375 0.0140625
8 0.30234375 0.353125 0.00625 0.02109375
8 0.2796875 0.37109375 0.0109375 0.00859375
8 0.82265625 0.1515625 0.02890625 0.0234375
8 0.80703125 0.19921875 0.03984375 0.021875
8 0.796875 0.15078125 0.021875 0.05546875