2 0.4921875 0.5328125 0.1078125 0.15703125
2 0.7125 0.5375 0.12265625 0.128125
2 0.4109375 0.47890625 0.04296875 0.059375
2 0.2765625 0.5578125 0.1625 0.2
2 0.03125 0.484375 0.0625 0.17109375
2 0.078125 0.46875 0.15625 0.1515625
2 0.1515625 0.47109375 0.08203125 0.1140625
2 0.1875 0.478125 0.05703125 0.05
2 0.5421875 0.47265625 0.028125 0.034375
2 0.559375 0.46640625 0.01875 0.0265625
2 0.3796875 0.459375 0.02578125 0.02890625
8 0.3875 0.36796875 0.01875 0.03359375
7 0.43359375 0.415625 0.00703125 0.01640625
7 0.5375 0.42421875 0.00546875 0.01640625