7 0.4359375 0.546875 0.0078125 0.0109375
8 0.56015625 0.51953125 0.01015625 0.03046875
8 0.559375 0.546875 0.009375 0.01953125
8 0.259375 0.484375 0.02265625 0.040625
2 0.5140625 0.59140625 0.01171875 0.025
2 0.4984375 0.58515625 0.01015625 0.01953125
1 0.54296875 0.58671875 0.03671875 0.05859375
2 0.559375 0.60234375 0.03671875 0.053125
2 0.584375 0.6140625 0.03203125 0.05859375
2 0.609375 0.62265625 0.03671875 0.0765625
2 0.64765625 0.63984375 0.07265625 0.09296875
2 0.29375 0.58828125 0.03359375 0.0359375
2 0.040625 0.59140625 0.07890625 0.059375
2 0.93359375 0.73046875 0.1328125 0.2890625
2 0.7171875 0.65703125 0.13125 0.128125
2 0.425 0.58515625 0.02421875 0.0265625
2 0.465625 0.61875 0.0671875 0.1125
10 0.125 0.57578125 0.0546875 0.05390625