2 0.590625 0.428125 0.01953125 0.025
2 0.56484375 0.4296875 0.01640625 0.01796875
2 0.61875 0.43671875 0.04453125 0.05859375
2 0.475 0.43203125 0.02421875 0.034375
8 0.4796875 0.39453125 0.021875 0.04296875
7 0.146875 0.36796875 0.0140625 0.04609375
7 0.8859375 0.321875 0.0171875 0.05390625
7 0.4984375 0.20078125 0.01484375 0.0390625
5 0.2109375 0.46015625 0.02109375 0.08046875
5 0.1703125 0.4515625 0.009375 0.075
5 0.178125 0.45625 0.01640625 0.08046875
5 0.2390625 0.47109375 0.0125 0.05546875
3 0.071875 0.48671875 0.06875 0.1