7 0.3703125 0.4 0.00625 0.0125
7 0.41875 0.39609375 0.0078125 0.015625
7 0.475 0.38515625 0.00859375 0.01640625
7 0.509375 0.384375 0.0078125 0.0140625
7 0.528125 0.38984375 0.0078125 0.0125
2 0.540625 0.40546875 0.0109375 0.01640625
2 0.5203125 0.4109375 0.01171875 0.02109375
2 0.5046875 0.4203125 0.0171875 0.02109375
2 0.4921875 0.425 0.009375 0.0125
2 0.48125 0.42421875 0.01484375 0.01640625
2 0.459375 0.434375 0.02421875 0.0265625
2 0.53828125 0.4328125 0.01328125 0.0234375
2 0.42109375 0.46328125 0.0578125 0.0765625
2 0.346875 0.51328125 0.11171875 0.1890625
2 0.2453125 0.4859375 0.06171875 0.08046875
2 0.18515625 0.51015625 0.0984375 0.109375
2 0.465625 0.58125 0.17890625 0.27109375