2 0.0578125 0.390625 0.04296875 0.0375
2 0.1171875 0.38984375 0.0359375 0.04140625
2 0.1515625 0.38984375 0.0234375 0.0375
2 0.1796875 0.390625 0.0328125 0.034375
2 0.2109375 0.3890625 0.0296875 0.02890625
2 0.2484375 0.38046875 0.0390625 0.040625
2 0.284375 0.390625 0.034375 0.040625
2 0.3140625 0.390625 0.0234375 0.040625
2 0.4375 0.40703125 0.03125 0.05546875
2 0.60078125 0.4109375 0.06875 0.06953125
2 0.4765625 0.4375 0.07890625 0.09609375
2 0.01875 0.38359375 0.0375 0.0578125
8 0.2328125 0.32890625 0.0265625 0.03203125
8 0.2859375 0.35078125 0.028125 0.0375
8 0.66875 0.26171875 0.0609375 0.08203125
7 0.66640625 0.0921875 0.0234375 0.125
7 0.41015625 0.05625 0.02109375 0.1125
7 0.38046875 0.25234375 0.01796875 0.06953125
7 0.5640625 0.24609375 0.02109375 0.06640625
7 0.75859375 0.2296875 0.01796875 0.05
7 0.7265625 0.3765625 0.01171875 0.03203125
2 0.57109375 0.46484375 0.1515625 0.19296875
2 0.3703125 0.4625 0.14140625 0.2140625
5 0.16875 0.415625 0.01796875 0.103125