2 0.5125 0.4125 0.01484375 0.0359375
2 0.496875 0.4109375 0.01796875 0.0375
2 0.47578125 0.4171875 0.028125 0.04609375
2 0.27578125 0.496875 0.23515625 0.240625
2 0.06875 0.5703125 0.1375 0.3875
2 0.575 0.4109375 0.01796875 0.0375
2 0.5890625 0.4203125 0.0203125 0.0515625
2 0.60625 0.43125 0.028125 0.065625
2 0.62734375 0.44453125 0.05078125 0.0875
2 0.66328125 0.465625 0.053125 0.11796875
2 0.70078125 0.490625 0.06328125 0.1640625
2 0.7359375 0.51953125 0.0890625 0.2015625
2 0.85 0.5515625 0.29765625 0.38203125
2 0.52578125 0.40859375 0.01171875 0.0265625
2 0.54140625 0.4109375 0.01875 0.02109375
2 0.37265625 0.465625 0.0703125 0.15
2 0.41796875 0.44296875 0.0515625 0.115625
2 0.4453125 0.43671875 0.03359375 0.08046875