7 0.41875 0.3015625 0.0109375 0.015625
7 0.33515625 0.275 0.0125 0.02109375
7 0.28515625 0.29453125 0.01328125 0.015625
7 0.34375 0.321875 0.0078125 0.0125
8 0.2734375 0.26640625 0.01171875 0.0234375
8 0.32109375 0.27421875 0.0171875 0.0125
8 0.4171875 0.315625 0.01484375 0.009375
8 0.20703125 0.215625 0.015625 0.03046875
8 0.20234375 0.25078125 0.01328125 0.01640625
8 0.2015625 0.2671875 0.0109375 0.015625
8 0.20234375 0.28359375 0.009375 0.015625
2 0.2765625 0.33515625 0.0328125 0.0375
2 0.38125 0.3265625 0.01640625 0.0234375
2 0.3984375 0.33671875 0.0234375 0.03046875
2 0.41328125 0.35234375 0.03515625 0.05546875
2 0.4421875 0.37421875 0.0625 0.0984375
2 0.5234375 0.36484375 0.065625 0.0625
2 0.09375 0.55390625 0.1875 0.31796875
2 0.3046875 0.334375 0.028125 0.040625
2 0.3546875 0.334375 0.03125 0.0375
2 0.35625 0.415625 0.08359375 0.10859375
2 0.2359375 0.34296875 0.04609375 0.05859375
2 0.1828125 0.36640625 0.071875 0.075
2 0.51796875 0.4484375 0.1140625 0.14609375
2 0.3203125 0.32734375 0.01484375 0.028125
2 0.33046875 0.3296875 0.0109375 0.021875