2 0.40625 0.4375 0.04609375 0.06640625
2 0.48125 0.4234375 0.02734375 0.0375
2 0.5078125 0.415625 0.01875 0.028125
2 0.5875 0.453125 0.07890625 0.1125
2 0.53828125 0.43125 0.02890625 0.0390625
2 0.7546875 0.4671875 0.09140625 0.084375
2 0.8328125 0.4796875 0.1171875 0.115625
2 0.93359375 0.51171875 0.12890625 0.178125
8 0.325 0.28125 0.01484375 0.025
8 0.246875 0.303125 0.02265625 0.046875
8 0.31875 0.33359375 0.01640625 0.021875
7 0.40546875 0.31484375 0.01171875 0.01953125
7 0.55 0.31953125 0.01171875 0.028125