7 0.171875 0.23125 0.0125 0.046875
7 0.3328125 0.2046875 0.0125 0.05
7 0.1359375 0.2015625 0.015625 0.0515625
7 0.0671875 0.14375 0.01953125 0.0640625
8 0.4 0.2140625 0.0578125 0.025
8 0.56875 0.15859375 0.009375 0.034375
8 0.58125 0.1859375 0.0265625 0.0390625
8 0.6078125 0.1875 0.021875 0.0359375
8 0.5671875 0.015625 0.03984375 0.02890625
7 0.590625 0.2359375 0.025 0.053125
7 0.615625 0.2359375 0.02734375 0.05703125
2 0.7640625 0.37265625 0.04453125 0.0484375
2 0.8875 0.353125 0.078125 0.0640625
2 0.696875 0.38046875 0.09375 0.0765625
2 0.440625 0.49765625 0.2328125 0.4390625
2 0.1140625 0.534375 0.228125 0.5125
8 0.0921875 0.1796875 0.015625 0.046875