7 0.596875 0.528125 0.01328125 0.02109375
7 0.49765625 0.49453125 0.0109375 0.01953125
8 0.471875 0.48515625 0.03671875 0.0140625
8 0.44296875 0.51796875 0.015625 0.03359375
2 0.43046875 0.63671875 0.03828125 0.059375
2 0.5046875 0.63046875 0.0484375 0.0609375
2 0.3953125 0.6609375 0.04765625 0.1125
2 0.309375 0.68125 0.1359375 0.16796875
2 0.1640625 0.75625 0.2546875 0.30546875
2 0.0546875 0.828125 0.10859375 0.33046875
2 0.69140625 0.64921875 0.08125 0.0734375
2 0.775 0.653125 0.10078125 0.1390625
2 0.465625 0.62421875 0.02578125 0.04296875
2 0.8515625 0.68828125 0.12734375 0.12890625
2 0.94140625 0.72421875 0.115625 0.1640625