2 0.3453125 0.44921875 0.12265625 0.146875
2 0.5921875 0.415625 0.04375 0.05
2 0.509375 0.3984375 0.028125 0.034375
2 0.478125 0.396875 0.01875 0.021875
7 0.221875 0.21640625 0.00703125 0.015625
7 0.340625 0.1296875 0.01796875 0.0609375
7 0.57734375 0.2203125 0.00859375 0.01796875
7 0.775 0.321875 0.01015625 0.021875
7 0.465625 0.3265625 0.00703125 0.01953125
7 0.7515625 0.3234375 0.0078125 0.021875
8 0.2359375 0.253125 0.0203125 0.04609375
8 0.2375 0.33203125 0.01796875 0.02890625
8 0.7578125 0.25078125 0.0234375 0.0125
8 0.7078125 0.196875 0.015625 0.02890625
2 0.5546875 0.38984375 0.0265625 0.03203125
2 0.4515625 0.37734375 0.025 0.053125
2 0.4046875 0.390625 0.0296875 0.05