8 0.57890625 0.40859375 0.01328125 0.0265625
8 0.525 0.465625 0.00703125 0.0125
8 0.47734375 0.459375 0.00703125 0.0125
2 0.4578125 0.48125 0.01484375 0.04296875
2 0.4484375 0.4921875 0.0171875 0.0375
2 0.43515625 0.496875 0.01640625 0.04453125
2 0.425 0.496875 0.02734375 0.0484375
2 0.409375 0.50859375 0.02109375 0.040625
2 0.3703125 0.50703125 0.078125 0.08203125
0 0.3296875 0.51796875 0.0671875 0.09453125
0 0.240625 0.55390625 0.109375 0.11796875
2 0.5359375 0.490625 0.01015625 0.0234375
2 0.54921875 0.48828125 0.0265625 0.03203125
2 0.5890625 0.51171875 0.03671875 0.06796875
2 0.6296875 0.52578125 0.0609375 0.090625
2 0.70703125 0.55078125 0.140625 0.15546875
2 0.95546875 0.721875 0.0859375 0.28359375
8 0.17890625 0.2640625 0.0234375 0.0625
8 0.17890625 0.321875 0.02265625 0.053125
8 0.4546875 0.446875 0.0046875 0.01953125