2 0.034375 0.5046875 0.06875 0.13359375
2 0.8828125 0.50625 0.23203125 0.4484375
2 0.1421875 0.4765625 0.084375 0.1125
2 0.4515625 0.43203125 0.0796875 0.12109375
2 0.353125 0.42109375 0.0328125 0.0515625
2 0.6875 0.43359375 0.1421875 0.1984375
2 0.5125 0.39375 0.028125 0.0390625
2 0.22109375 0.459375 0.06953125 0.084375
2 0.6125 0.4234375 0.040625 0.109375
2 0.5828125 0.4234375 0.03046875 0.05703125
2 0.565625 0.421875 0.025 0.05390625
2 0.553125 0.40703125 0.0171875 0.04609375
2 0.5453125 0.39609375 0.0125 0.0375
2 0.534375 0.396875 0.0109375 0.0390625
2 0.5265625 0.4 0.0171875 0.03203125
2 0.378125 0.41328125 0.01953125 0.053125
2 0.39609375 0.4140625 0.0140625 0.0484375
7 0.50546875 0.36171875 0.01015625 0.025
8 0.71484375 0.203125 0.0140625 0.0265625