8 0.7046875 0.41328125 0.01015625 0.01796875
8 0.684375 0.42421875 0.01875 0.04140625
7 0.596875 0.4203125 0.00625 0.0265625
7 0.546875 0.41640625 0.00703125 0.0234375
1 0.4515625 0.440625 0.12421875 0.19140625
2 0.86875 0.61328125 0.2578125 0.409375
2 0.215625 0.5515625 0.30546875 0.30859375
8 0.2265625 0.328125 0.0140625 0.02890625
2 0.65390625 0.49453125 0.06484375 0.078125
2 0.540625 0.47734375 0.01484375 0.040625
2 0.528125 0.484375 0.015625 0.04453125
2 0.5140625 0.4875 0.01875 0.04453125
2 0.6078125 0.484375 0.01484375 0.034375
2 0.61953125 0.49140625 0.01796875 0.04453125
2 0.36875 0.515625 0.11484375 0.1734375