8 0.521875 0.49140625 0.0109375 0.021875
8 0.6015625 0.4828125 0.01875 0.028125
2 0.51875 0.528125 0.01953125 0.0265625
2 0.478125 0.5203125 0.02265625 0.028125
2 0.42578125 0.51953125 0.03828125 0.04609375
2 0.36875 0.52421875 0.03359375 0.04609375
2 0.3953125 0.51640625 0.015625 0.01953125
2 0.5640625 0.51953125 0.0515625 0.0984375
2 0.5015625 0.53828125 0.025 0.040625
2 0.75 0.60703125 0.17734375 0.1734375
2 0.91328125 0.55 0.08828125 0.0625
2 0.9796875 0.565625 0.0375 0.08359375
2 0.0796875 0.57109375 0.159375 0.1578125