2 0.340625 0.5703125 0.05078125 0.065625
2 0.36875 0.56015625 0.02421875 0.05546875
2 0.3859375 0.56015625 0.01796875 0.04609375
2 0.47734375 0.55234375 0.015625 0.02890625
2 0.4859375 0.5546875 0.0125 0.02890625
2 0.49609375 0.553125 0.0140625 0.034375
2 0.50859375 0.559375 0.025 0.059375
2 0.54609375 0.58046875 0.0890625 0.109375
2 0.6 0.559375 0.03984375 0.05546875
2 0.6234375 0.5703125 0.04609375 0.06796875
2 0.6921875 0.58046875 0.1078125 0.109375
2 0.4375 0.5578125 0.04140625 0.046875
7 0.41875 0.47421875 0.00859375 0.015625
7 0.525 0.47578125 0.00859375 0.01796875
2 0.478125 0.5203125 0.00859375 0.0125
8 0.77890625 0.378125 0.01640625 0.04296875
8 0.7765625 0.4421875 0.0234375 0.01796875
8 0.0328125 0.35859375 0.03125 0.059375