2 0.15078125 0.484375 0.05390625 0.07890625
2 0.19609375 0.49140625 0.09375 0.09140625
2 0.2734375 0.46484375 0.04375 0.0609375
2 0.1125 0.4671875 0.0265625 0.02890625
8 0.440625 0.34921875 0.0203125 0.05390625
8 0.53359375 0.103125 0.05 0.1265625
8 0.20390625 0.3953125 0.01328125 0.02109375
8 0.2046875 0.4171875 0.0078125 0.01953125
8 0.4109375 0.36796875 0.0109375 0.034375
8 0.3796875 0.415625 0.0234375 0.03046875
8 0.3421875 0.34921875 0.03359375 0.0359375
8 0.3734375 0.39375 0.0109375 0.01640625
8 0.38828125 0.3953125 0.01640625 0.009375
7 0.31640625 0.40546875 0.00859375 0.0140625