7 0.4453125 0.28203125 0.0125 0.05
7 0.609375 0.25546875 0.00859375 0.0359375
7 0.5171875 0.41328125 0.0078125 0.01953125
7 0.096875 0.421875 0.01640625 0.02890625
7 0.79296875 0.371875 0.0203125 0.0265625
7 0.4296875 0.284375 0.01015625 0.0515625
7 0.5984375 0.25 0.0109375 0.05703125
7 0.69296875 0.371875 0.01484375 0.0375
7 0.6953125 0.2890625 0.02421875 0.0125
7 0.70546875 0.3171875 0.02578125 0.01953125
7 0.7515625 0.37578125 0.0171875 0.025
7 0.6078125 0.3859375 0.009375 0.015625
7 0.43515625 0.40078125 0.0125 0.01953125
5 0.75390625 0.48671875 0.02734375 0.1375
5 0.709375 0.46484375 0.034375 0.103125
8 0.2546875 0.2265625 0.02578125 0.0109375
5 0.4375 0.47421875 0.02109375 0.08203125
5 0.41015625 0.47421875 0.0171875 0.0734375
2 0.515625 0.45234375 0.03828125 0.059375
2 0.5390625 0.48671875 0.08046875 0.13046875
2 0.64453125 0.559375 0.19765625 0.2640625
8 0.8421875 0.215625 0.04609375 0.10390625