2 0.4171875 0.5453125 0.0171875 0.02109375
2 0.40234375 0.540625 0.01328125 0.02109375
2 0.38828125 0.540625 0.021875 0.03046875
2 0.365625 0.540625 0.02265625 0.03203125
2 0.32578125 0.540625 0.02265625 0.025
2 0.3109375 0.5375 0.01875 0.025
2 0.303125 0.56171875 0.02734375 0.05
2 0.075 0.528125 0.0265625 0.01640625
2 0.5 0.5390625 0.02578125 0.0234375
2 0.4546875 0.5453125 0.02265625 0.025
2 0.26640625 0.56484375 0.0546875 0.08046875
2 0.2015625 0.58515625 0.075 0.07890625
7 0.39375 0.4703125 0.00703125 0.0234375
7 0.0890625 0.465625 0.0078125 0.03046875
7 0.4734375 0.47265625 0.01171875 0.015625
7 0.69765625 0.47265625 0.015625 0.03046875
7 0.6328125 0.221875 0.01328125 0.0640625
7 0.6125 0.23359375 0.021875 0.096875
7 0.05078125 0.08203125 0.02578125 0.109375
7 0.0796875 0.08046875 0.02890625 0.11640625
7 0.10234375 0.090625 0.0203125 0.11640625
8 0.1171875 0.43515625 0.03671875 0.021875
8 0.6578125 0.4109375 0.015625 0.03359375
8 0.6921875 0.40625 0.02421875 0.0234375
8 0.68046875 0.43671875 0.03046875 0.0234375
8 0.1796875 0.465625 0.0171875 0.0265625
7 0.41875 0.50859375 0.009375 0.01640625