2 0.234375 0.36640625 0.1328125 0.146875
2 0.3109375 0.346875 0.0890625 0.11953125
2 0.3703125 0.346875 0.05859375 0.075
2 0.403125 0.3390625 0.04609375 0.0640625
2 0.43359375 0.3328125 0.0390625 0.05546875
2 0.46875 0.32578125 0.03671875 0.0625
2 0.5375 0.325 0.0359375 0.046875
2 0.5625 0.32421875 0.01875 0.0515625
2 0.584375 0.33515625 0.04609375 0.06796875
2 0.615625 0.3609375 0.065625 0.146875
2 0.7265625 0.38203125 0.1703125 0.2125
2 0.8953125 0.4546875 0.209375 0.56640625
2 0.51328125 0.33828125 0.06328125 0.125
8 0.621875 0.25390625 0.0109375 0.0265625
8 0.45390625 0.28671875 0.00859375 0.015625
8 0.55 0.28203125 0.00859375 0.015625