2 0.5046875 0.696875 0.03359375 0.06796875
2 0.5359375 0.6953125 0.03203125 0.04609375
2 0.475 0.71015625 0.04296875 0.09140625
2 0.640625 0.72578125 0.07734375 0.090625
2 0.7046875 0.7359375 0.090625 0.1125
2 0.84375 0.82890625 0.3125 0.34140625
2 0.33515625 0.8078125 0.3078125 0.384375
8 0.06875 0.540625 0.05234375 0.028125
8 0.56953125 0.578125 0.03671875 0.025
8 0.721875 0.5375 0.01875 0.02109375
8 0.0125 0.55078125 0.0234375 0.025
8 0.02265625 0.6625 0.01171875 0.05
7 0.15625 0.55078125 0.0109375 0.04609375
7 0.4875 0.56171875 0.00703125 0.0359375
7 0.49375 0.56171875 0.009375 0.0359375
7 0.52265625 0.61796875 0.009375 0.025
7 0.1671875 0.553125 0.0140625 0.065625
7 0.09375 0.67265625 0.01328125 0.02109375
7 0.728125 0.6109375 0.015625 0.03203125