2 0.4125 0.44375 0.0265625 0.03046875
2 0.3859375 0.44140625 0.01484375 0.0265625
2 0.5640625 0.44140625 0.0171875 0.03046875
2 0.58046875 0.43359375 0.01484375 0.04296875
2 0.59375 0.44609375 0.03125 0.06796875
2 0.62734375 0.465625 0.0625 0.10703125
2 0.9828125 0.45390625 0.03046875 0.071875
2 0.85625 0.559375 0.28515625 0.3234375
2 0.48671875 0.55390625 0.1671875 0.259375
10 0.51015625 0.37578125 0.1046875 0.225
2 0.2640625 0.515625 0.19921875 0.2515625
2 0.05078125 0.49921875 0.1015625 0.14609375
8 0.434375 0.3265625 0.01015625 0.021875
8 0.69921875 0.303125 0.009375 0.025
8 0.775 0.36015625 0.040625 0.04140625
7 0.83359375 0.2890625 0.01015625 0.04140625
7 0.4453125 0.334375 0.009375 0.021875
7 0.675 0.3109375 0.009375 0.02109375
7 0.746875 0.3171875 0.009375 0.025
7 0.7359375 0.365625 0.01015625 0.0375
7 0.68671875 0.303125 0.009375 0.02890625
7 0.35234375 0.334375 0.0078125 0.0375
7 0.38203125 0.33671875 0.01015625 0.02109375
7 0.725 0.40078125 0.009375 0.01640625
7 0.75546875 0.3921875 0.0171875 0.02109375
7 0.7984375 0.3625 0.01484375 0.0265625
7 0.796875 0.30625 0.01015625 0.05390625
8 0.096875 0.34296875 0.021875 0.02890625
10 0.871875 0.4015625 0.0828125 0.03203125