7 0.3296875 0.3375 0.01015625 0.03046875
7 0.51640625 0.153125 0.0125 0.0625
7 0.6546875 0.209375 0.0171875 0.04453125
7 0.6 0.340625 0.015625 0.01953125
7 0.6421875 0.340625 0.00859375 0.01953125
7 0.60859375 0.36875 0.00703125 0.01953125
7 0.53125 0.15546875 0.0140625 0.05703125
7 0.8953125 0.2921875 0.025 0.046875
7 0.8640625 0.2984375 0.0140625 0.04453125
7 0.4625 0.3671875 0.00859375 0.021875
7 0.45390625 0.37109375 0.00703125 0.025
2 0.3203125 0.46484375 0.1796875 0.2109375
2 0.1171875 0.55234375 0.234375 0.3734375
2 0.6296875 0.47578125 0.09921875 0.14453125
7 0.6390625 0.37109375 0.0109375 0.015625