7 0.4625 0.525 0.01484375 0.025
7 0.559375 0.53984375 0.0140625 0.01640625
7 0.55 0.6 0.00703125 0.009375
2 0.49375 0.61015625 0.01640625 0.01796875
2 0.509375 0.61015625 0.01171875 0.01796875
2 0.51875 0.61015625 0.0078125 0.015625
2 0.5296875 0.61640625 0.01796875 0.028125
2 0.54375 0.615625 0.0109375 0.01796875
2 0.553125 0.61484375 0.01015625 0.01640625
2 0.56171875 0.61640625 0.0078125 0.015625
2 0.5703125 0.621875 0.01015625 0.01796875
2 0.5890625 0.625 0.02421875 0.0265625
2 0.3109375 0.6234375 0.1125 0.13359375
2 0.4703125 0.61015625 0.02890625 0.02109375
7 0.5296875 0.5921875 0.0078125 0.009375