2 0.58125 0.58984375 0.02421875 0.02890625
2 0.540625 0.5953125 0.0265625 0.0359375
2 0.56484375 0.60078125 0.021875 0.03046875
2 0.49609375 0.596875 0.02734375 0.0375
2 0.51875 0.5953125 0.0140625 0.021875
2 0.4671875 0.59921875 0.0328125 0.028125
2 0.31484375 0.64296875 0.13046875 0.1359375
2 0.6640625 0.603125 0.01796875 0.02109375
2 0.6421875 0.596875 0.0171875 0.0125
2 0.7109375 0.615625 0.01875 0.0609375
2 0.45625 0.61640625 0.0515625 0.06640625
2 0.7609375 0.615625 0.09296875 0.1109375
2 0.1484375 0.6625 0.296875 0.2859375
8 0.5453125 0.509375 0.01015625 0.03359375
8 0.434375 0.4671875 0.01328125 0.0515625
2 0.61875 0.596875 0.02890625 0.028125