2 0.01875 0.50234375 0.0375 0.2328125
2 0.16875 0.48984375 0.2859375 0.27890625
2 0.4125 0.55546875 0.24453125 0.334375
2 0.30859375 0.44296875 0.0734375 0.084375
2 0.559375 0.4515625 0.01953125 0.04296875
2 0.575 0.45859375 0.0125 0.05
2 0.5921875 0.46015625 0.0359375 0.0609375
2 0.678125 0.51171875 0.1875 0.23046875
2 0.946875 0.57265625 0.103125 0.1890625
7 0.5703125 0.2484375 0.01484375 0.05
7 0.35625 0.271875 0.01171875 0.040625
7 0.4328125 0.35078125 0.00703125 0.0265625
7 0.4828125 0.36953125 0.00703125 0.01640625
7 0.4953125 0.403125 0.0046875 0.01953125
7 0.56015625 0.24765625 0.00859375 0.0515625
7 0.7765625 0.35 0.0125 0.028125
5 0.8828125 0.48203125 0.03046875 0.18359375
8 0.78828125 0.2453125 0.0265625 0.01953125
8 0.7875 0.2703125 0.028125 0.02109375
8 0.675 0.3359375 0.0234375 0.0140625
8 0.59765625 0.25390625 0.02734375 0.046875
8 0.1109375 0.19140625 0.0359375 0.015625
8 0.1140625 0.24921875 0.02109375 0.02109375
8 0.390625 0.3609375 0.025 0.0125
8 0.415625 0.35390625 0.015625 0.015625
8 0.53125 0.37421875 0.02421875 0.01640625
8 0.6375 0.3734375 0.01171875 0.02890625
5 0.5421875 0.434375 0.0078125 0.0265625
5 0.5171875 0.43125 0.0078125 0.0359375
2 0.50078125 0.41875 0.0125 0.03046875
2 0.50625 0.41171875 0.0109375 0.0234375
7 0.28515625 0.38359375 0.01015625 0.01640625
7 0.2765625 0.384375 0.00546875 0.01640625
7 0.5578125 0.41171875 0.00703125 0.01640625
8 0.6734375 0.36328125 0.0140625 0.03203125
8 0.13046875 0.1015625 0.02421875 0.0359375
7 0.12421875 0.32421875 0.01484375 0.03046875