8 0.28046875 0.49296875 0.0359375 0.07109375
8 0.759375 0.4734375 0.03515625 0.0625
8 0.63125 0.51796875 0.01796875 0.0265625
7 0.5546875 0.546875 0.009375 0.015625
2 0.48046875 0.571875 0.01171875 0.02109375
2 0.490625 0.5734375 0.00859375 0.02109375
2 0.5015625 0.5796875 0.015625 0.0265625
2 0.55 0.58984375 0.0109375 0.02109375
2 0.540625 0.58828125 0.0109375 0.01953125
2 0.5359375 0.60078125 0.015625 0.01953125
2 0.6125 0.6 0.025 0.0359375
10 0.65625 0.59609375 0.05703125 0.09140625
10 0.715625 0.58359375 0.0296875 0.0359375
5 0.7484375 0.62734375 0.02109375 0.09140625