7 0.6765625 0.09921875 0.0265625 0.0984375
7 0.71953125 0.0953125 0.0234375 0.0859375
7 0.7015625 0.08828125 0.0171875 0.090625
7 0.8359375 0.3984375 0.02421875 0.0375
2 0.484375 0.5515625 0.059375 0.090625
2 0.428125 0.49765625 0.0234375 0.0359375
2 0.2921875 0.553125 0.06640625 0.075
2 0.3203125 0.53828125 0.03515625 0.0609375
2 0.3390625 0.5234375 0.0328125 0.05546875
2 0.35859375 0.52421875 0.0171875 0.046875
2 0.371875 0.5109375 0.0234375 0.0375
2 0.3890625 0.50390625 0.01953125 0.0375
2 0.4046875 0.50078125 0.009375 0.03046875
2 0.4828125 0.50078125 0.040625 0.01640625
2 0.4828125 0.48125 0.0328125 0.021875
2 0.459375 0.490625 0.015625 0.03046875
2 0.95234375 0.58359375 0.09140625 0.084375