2 0.021875 0.4875 0.04375 0.125
2 0.14765625 0.5109375 0.15546875 0.10703125
2 0.2578125 0.509375 0.08359375 0.05703125
2 0.32578125 0.5015625 0.0453125 0.04453125
2 0.515625 0.534375 0.01640625 0.05546875
2 0.5375 0.528125 0.0453125 0.08046875
2 0.56875 0.559375 0.07890625 0.11953125
2 0.615625 0.5203125 0.03359375 0.040625
2 0.575 0.48828125 0.0453125 0.028125
2 0.45625 0.56953125 0.1171875 0.184375
2 0.7078125 0.58984375 0.24140625 0.30546875
1 0.1109375 0.4453125 0.06328125 0.09296875
7 0.1953125 0.37890625 0.01171875 0.02890625
8 0.4703125 0.0953125 0.05703125 0.09140625
8 0.62421875 0.1 0.05390625 0.0890625
8 0.7140625 0.34765625 0.01640625 0.028125
8 0.715625 0.3828125 0.01796875 0.00859375
7 0.71328125 0.41640625 0.0140625 0.025
7 0.5109375 0.415625 0.015625 0.02890625
7 0.4390625 0.43046875 0.0109375 0.02109375
8 0.4375 0.45546875 0.01171875 0.03046875
8 0.40546875 0.434375 0.015625 0.02890625
2 0.5140625 0.45 0.00703125 0.01953125
2 0.5359375 0.45390625 0.0109375 0.01953125
2 0.55546875 0.4578125 0.009375 0.02109375
2 0.78203125 0.5453125 0.08515625 0.13203125
7 0.5875 0.1421875 0.0296875 0.140625
7 0.4703125 0.178125 0.03125 0.08046875
8 0.95703125 0.48125 0.02421875 0.040625
7 0.290625 0.371875 0.0203125 0.0390625