2 0.8359375 0.6265625 0.32578125 0.484375
2 0.659375 0.60546875 0.15078125 0.20390625
5 0.025 0.56640625 0.01015625 0.01953125
2 0.05546875 0.63203125 0.11015625 0.134375
2 0.1375 0.6140625 0.07578125 0.0875
2 0.22734375 0.59140625 0.071875 0.08046875
2 0.28359375 0.58515625 0.034375 0.0640625
2 0.31875 0.5859375 0.07265625 0.08046875
2 0.3578125 0.56640625 0.021875 0.03359375
2 0.38203125 0.56875 0.0359375 0.0484375
2 0.4125 0.56640625 0.02421875 0.05546875
2 0.49453125 0.55 0.01015625 0.03359375
2 0.51171875 0.54765625 0.03046875 0.0640625
2 0.54453125 0.553125 0.05546875 0.10390625
2 0.565625 0.56875 0.0671875 0.08203125
5 0.5921875 0.534375 0.01875 0.04296875
7 0.453125 0.434375 0.01015625 0.0140625
7 0.3109375 0.42265625 0.00859375 0.01796875
2 0.4546875 0.5640625 0.0640625 0.09609375
8 0.65078125 0.1703125 0.03046875 0.07890625
8 0.65390625 0.2609375 0.04140625 0.0765625
8 0.246875 0.48359375 0.0171875 0.025