7 0.2796875 0.046875 0.0296875 0.0875
7 0.24375 0.0375 0.0328125 0.06796875
8 0.228125 0.32421875 0.040625 0.02890625
8 0.8515625 0.38828125 0.0234375 0.0265625
8 0.85703125 0.34296875 0.021875 0.01953125
8 0.56953125 0.46953125 0.0125 0.0140625
8 0.5515625 0.47109375 0.0125 0.01640625
7 0.2109375 0.39453125 0.021875 0.04296875
7 0.86875 0.42109375 0.0234375 0.03359375
7 0.83515625 0.425 0.0109375 0.03203125
7 0.5515625 0.48828125 0.0109375 0.01640625
7 0.53515625 0.440625 0.0078125 0.0140625
7 0.465625 0.4375 0.009375 0.021875
7 0.47421875 0.4625 0.009375 0.01953125
7 0.4921875 0.471875 0.0078125 0.01953125
2 0.4703125 0.48828125 0.021875 0.0515625
2 0.43984375 0.51328125 0.0203125 0.0375
2 0.4203125 0.521875 0.02734375 0.04609375
2 0.403125 0.515625 0.01796875 0.071875
2 0.55 0.51484375 0.01640625 0.04609375
2 0.55625 0.52109375 0.01328125 0.03359375
2 0.5734375 0.52265625 0.0234375 0.0484375
2 0.5953125 0.5265625 0.03671875 0.0609375
2 0.65 0.52890625 0.08984375 0.08046875
2 0.35 0.51796875 0.1 0.14609375
8 0.4328125 0.46875 0.0109375 0.0125
7 0.42421875 0.48203125 0.0078125 0.01953125
2 0.5296875 0.50390625 0.01875 0.02890625