7 0.3859375 0.30625 0.01484375 0.03203125
7 0.5578125 0.34453125 0.009375 0.046875
7 0.5484375 0.34375 0.0078125 0.0515625
7 0.56875 0.34453125 0.009375 0.046875
7 0.7046875 0.465625 0.01171875 0.0265625
7 0.31875 0.47265625 0.0140625 0.0234375
7 0.54453125 0.4734375 0.00625 0.01796875
7 0.5015625 0.47734375 0.00625 0.015625
7 0.1296875 0.43046875 0.0140625 0.03046875
7 0.6953125 0.46640625 0.00859375 0.0265625
2 0.59375 0.5359375 0.02421875 0.04453125
2 0.48125 0.52890625 0.015625 0.03046875
2 0.7578125 0.59296875 0.0953125 0.1734375
2 0.4578125 0.540625 0.02890625 0.0359375
2 0.403125 0.5453125 0.05078125 0.065625
2 0.5328125 0.5859375 0.12734375 0.1890625
2 0.890625 0.575 0.2140625 0.409375
8 0.62890625 0.47265625 0.0078125 0.0234375