8 0.15546875 0.05234375 0.11328125 0.04609375
8 0.0484375 0.2203125 0.04609375 0.0265625
8 0.046875 0.353125 0.03125 0.040625
8 0.328125 0.39921875 0.0125 0.03203125
8 0.4203125 0.39609375 0.0171875 0.009375
8 0.53125 0.3953125 0.0078125 0.00703125
8 0.503125 0.4046875 0.021875 0.0140625
8 0.621875 0.38671875 0.01484375 0.02890625
8 0.87421875 0.25234375 0.03515625 0.01953125
8 0.87734375 0.278125 0.0171875 0.021875
7 0.0375 0.25078125 0.01953125 0.025
7 0.378125 0.403125 0.009375 0.01640625
7 0.390625 0.41171875 0.00859375 0.01640625
7 0.453125 0.39140625 0.00859375 0.01640625
7 0.5171875 0.3890625 0.00859375 0.01640625
7 0.0171875 0.3515625 0.02265625 0.034375
7 0.8609375 0.378125 0.0109375 0.025
7 0.8875 0.37734375 0.01328125 0.0234375
5 0.071875 0.478125 0.02578125 0.1140625
5 0.71484375 0.465625 0.01171875 0.0484375
5 0.690625 0.46015625 0.009375 0.0609375
5 0.696875 0.465625 0.0078125 0.05546875
5 0.775 0.46640625 0.0203125 0.09296875
5 0.8015625 0.471875 0.02109375 0.09140625
5 0.9125 0.478125 0.01796875 0.09453125
5 0.92890625 0.471875 0.0203125 0.10390625
5 0.95234375 0.478125 0.025 0.09453125
5 0.63125 0.46015625 0.01015625 0.05546875
5 0.64140625 0.4625 0.0078125 0.05546875
5 0.034375 0.46640625 0.02109375 0.13203125
7 0.63828125 0.19375 0.0140625 0.0265625
2 0.48046875 0.45703125 0.02265625 0.0359375
2 0.5078125 0.45390625 0.03125 0.0375
2 0.54296875 0.45546875 0.034375 0.05390625
2 0.4390625 0.46015625 0.0125 0.034375
2 0.4171875 0.4578125 0.02109375 0.05
2 0.403125 0.46171875 0.02421875 0.0625
2 0.3671875 0.471875 0.07421875 0.09140625
1 0.59375 0.44140625 0.078125 0.0875
2 0.45625 0.459375 0.0234375 0.040625
0 0.20625 0.4921875 0.02578125 0.0640625
2 0.42890625 0.453125 0.01484375 0.02890625