2 0.96328125 0.55234375 0.07109375 0.17890625
2 0.8296875 0.46484375 0.21171875 0.1734375
2 0.696875 0.42890625 0.1171875 0.1265625
2 0.55625 0.38203125 0.05078125 0.0625
2 0.2625 0.3859375 0.04375 0.05859375
2 0.290625 0.384375 0.0328125 0.046875
2 0.3109375 0.38359375 0.021875 0.040625
2 0.3328125 0.37890625 0.02109375 0.03203125
2 0.3375 0.3703125 0.02578125 0.0390625
2 0.35390625 0.3703125 0.01484375 0.03046875
2 0.5265625 0.371875 0.0265625 0.04140625
2 0.509375 0.3703125 0.01953125 0.0390625
2 0.490625 0.36953125 0.015625 0.03203125