2 0.315625 0.4796875 0.0203125 0.0265625
2 0.4375 0.4625 0.025 0.046875
2 0.415625 0.4671875 0.04375 0.0609375
2 0.296875 0.48203125 0.02734375 0.03203125
2 0.334375 0.46875 0.01796875 0.01953125
2 0.5921875 0.453125 0.05390625 0.0875
8 0.3546875 0.45 0.01328125 0.0265625
8 0.2921875 0.459375 0.0109375 0.01953125
8 0.39609375 0.43984375 0.01328125 0.02890625
2 0.18125 0.5484375 0.20859375 0.2015625
2 0.515625 0.51953125 0.165625 0.234375
8 0.621875 0.39140625 0.01953125 0.03359375
2 0.8984375 0.50859375 0.203125 0.38046875