8 0.45625 0.3234375 0.1453125 0.19453125
8 0.5546875 0.33203125 0.034375 0.1015625
8 0.634375 0.440625 0.01328125 0.021875
8 0.2875 0.38359375 0.0359375 0.01640625
8 0.07734375 0.29453125 0.053125 0.02109375
7 0.11328125 0.27265625 0.0234375 0.034375
7 0.2484375 0.35859375 0.01484375 0.025
7 0.08125 0.3453125 0.0171875 0.034375
7 0.1296875 0.4046875 0.01484375 0.0390625
7 0.3828125 0.46875 0.01484375 0.01796875
7 0.06796875 0.346875 0.01171875 0.03046875
2 0.465625 0.47890625 0.05078125 0.04140625
2 0.41484375 0.47890625 0.11796875 0.059375
10 0.77421875 0.46015625 0.0578125 0.06796875
2 0.8578125 0.475 0.09140625 0.059375
2 0.028125 0.46875 0.0546875 0.059375
2 0.221875 0.4921875 0.0453125 0.05859375
2 0.2921875 0.46796875 0.0765625 0.08359375
8 0.546875 0.428125 0.009375 0.025