8 0.1765625 0.2703125 0.03203125 0.0609375
8 0.6015625 0.3359375 0.0125 0.0234375
8 0.5 0.41328125 0.0109375 0.02109375
2 0.4515625 0.46484375 0.01640625 0.02890625
2 0.37890625 0.465625 0.02109375 0.04453125
2 0.3546875 0.471875 0.03515625 0.0625
2 0.3328125 0.471875 0.034375 0.07890625
2 0.30234375 0.48046875 0.06171875 0.09140625
2 0.265625 0.48828125 0.071875 0.1109375
2 0.178125 0.50703125 0.13515625 0.1625
2 0.478125 0.45390625 0.02734375 0.04296875
2 0.5015625 0.4609375 0.03203125 0.053125
2 0.5234375 0.46796875 0.04296875 0.08359375
2 0.5640625 0.47421875 0.0625 0.12109375
2 0.621875 0.4921875 0.11328125 0.20390625
2 0.4140625 0.45859375 0.05 0.059375
2 0.06015625 0.546875 0.1203125 0.20703125
2 0.79453125 0.51875 0.3328125 0.3375