2 0.275 0.4921875 0.059375 0.078125
2 0.1953125 0.50859375 0.1328125 0.10859375
2 0.4296875 0.4703125 0.0390625 0.06953125
2 0.45703125 0.4625 0.01875 0.03359375
2 0.55 0.475 0.01796875 0.05390625
2 0.565625 0.478125 0.02734375 0.0734375
2 0.5953125 0.48359375 0.06640625 0.1
2 0.646875 0.5078125 0.08828125 0.153125
2 0.76953125 0.534375 0.259375 0.309375
2 0.91171875 0.640625 0.1765625 0.4484375
2 0.5234375 0.459375 0.02734375 0.040625
2 0.3625 0.49375 0.1171875 0.175
2 0.0703125 0.5390625 0.140625 0.19140625
2 0.4875 0.459375 0.015625 0.025
7 0.4203125 0.33125 0.01015625 0.02109375
7 0.5265625 0.3484375 0.01015625 0.021875
7 0.5078125 0.4046875 0.0078125 0.01796875
8 0.58828125 0.35546875 0.01953125 0.01796875
8 0.3203125 0.378125 0.01953125 0.0140625
8 0.3671875 0.37421875 0.01640625 0.0140625