7 0.1859375 0.48046875 0.01484375 0.025
7 0.396875 0.4453125 0.0125 0.040625
7 0.3 0.553125 0.00859375 0.01796875
7 0.50625 0.54140625 0.0078125 0.021875
7 0.59453125 0.51640625 0.0125 0.021875
8 0.18515625 0.49921875 0.01875 0.0125
8 0.49375 0.5 0.0171875 0.0109375
8 0.58203125 0.4515625 0.0265625 0.01796875
8 0.590625 0.4 0.01953125 0.015625
7 0.36953125 0.546875 0.00546875 0.0140625
2 0.3859375 0.596875 0.015625 0.02109375
2 0.403125 0.60234375 0.025 0.03203125
2 0.425 0.60390625 0.01953125 0.04140625
2 0.34375 0.5984375 0.015625 0.021875
2 0.1 0.67421875 0.2 0.24140625
2 0.5578125 0.6328125 0.1265625 0.1390625
2 0.44296875 0.61328125 0.03671875 0.05
2 0.3578125 0.603125 0.02265625 0.03203125
2 0.3265625 0.59921875 0.02734375 0.040625
2 0.309375 0.596875 0.015625 0.01796875
2 0.278125 0.6 0.02890625 0.025