7 0.453125 0.45078125 0.01015625 0.009375
7 0.5 0.45078125 0.0109375 0.0140625
7 0.3921875 0.490625 0.01015625 0.0109375
7 0.3671875 0.50078125 0.01015625 0.00859375
8 0.615625 0.4265625 0.0234375 0.0375
8 0.615625 0.45859375 0.02265625 0.015625
8 0.57890625 0.46171875 0.0109375 0.0234375
8 0.521875 0.49453125 0.00859375 0.0140625
2 0.38359375 0.540625 0.015625 0.03359375
2 0.3640625 0.546875 0.03046875 0.040625
2 0.453125 0.52109375 0.01796875 0.01953125
2 0.4359375 0.521875 0.01875 0.0234375
2 0.471875 0.521875 0.021875 0.02890625
2 0.47734375 0.5 0.00703125 0.0125
2 0.528125 0.553125 0.0296875 0.0484375
2 0.5875 0.55859375 0.10078125 0.13203125