8 0.63984375 0.278125 0.02734375 0.0640625
8 0.3859375 0.5078125 0.0171875 0.0265625
8 0.0453125 0.5125 0.015625 0.01953125
8 0.0171875 0.43984375 0.0140625 0.03359375
8 0.0046875 0.42578125 0.009375 0.0421875
8 0.0921875 0.57578125 0.01796875 0.009375
8 0.00546875 0.5359375 0.0109375 0.0140625
5 0.98125 0.61015625 0.0359375 0.15859375
5 0.94375 0.61015625 0.040625 0.15859375
5 0.89375 0.6203125 0.03125 0.14140625
5 0.87265625 0.61171875 0.0265625 0.15859375
5 0.846875 0.61796875 0.0328125 0.146875
5 0.7609375 0.628125 0.0390625 0.12109375
5 0.60859375 0.61484375 0.01328125 0.06640625
5 0.596875 0.56953125 0.01484375 0.10703125
5 0.10078125 0.628125 0.0125 0.05546875
5 0.0875 0.63046875 0.009375 0.053125
6 0.0640625 0.62578125 0.0109375 0.0359375
10 0.4859375 0.63046875 0.1328125 0.14609375
2 0.2921875 0.60390625 0.34140625 0.371875
5 0.6578125 0.62265625 0.01875 0.09609375
7 0.3875 0.53125 0.009375 0.0265625
5 0.0359375 0.63125 0.01171875 0.0484375