7 0.44375 0.71484375 0.0078125 0.034375
7 0.571875 0.72890625 0.0078125 0.02109375
7 0.559375 0.75078125 0.00390625 0.015625
7 0.4890625 0.7484375 0.00703125 0.01640625
7 0.50703125 0.7578125 0.00546875 0.0140625
7 0.46796875 0.74921875 0.0078125 0.015625
2 0.515625 0.79375 0.02265625 0.0359375
2 0.553125 0.79140625 0.01875 0.034375
2 0.49296875 0.7828125 0.00703125 0.02109375
2 0.4875 0.7859375 0.0109375 0.01640625
2 0.45625 0.80234375 0.009375 0.01796875
2 0.44609375 0.803125 0.0171875 0.025
2 0.425 0.80625 0.02265625 0.0265625
2 0.3375 0.81171875 0.02421875 0.0390625
2 0.303125 0.81328125 0.05078125 0.0625
2 0.5890625 0.79765625 0.01484375 0.0234375
2 0.5921875 0.796875 0.01015625 0.025
2 0.61875 0.7984375 0.02421875 0.04296875
2 0.646875 0.8125 0.01640625 0.05390625
2 0.7109375 0.82421875 0.0484375 0.0890625
2 0.775 0.8265625 0.109375 0.12890625
2 0.865625 0.85390625 0.16328125 0.1625
2 0.95 0.865625 0.0984375 0.2015625
8 0.95 0.65546875 0.03359375 0.096875
8 0.3578125 0.740625 0.01328125 0.0109375
2 0.4984375 0.7796875 0.00625 0.01640625
2 0.60234375 0.79921875 0.01484375 0.025
2 0.628125 0.80625 0.03359375 0.0375
2 0.57109375 0.778125 0.00859375 0.0140625
2 0.565625 0.778125 0.00859375 0.0125
2 0.57265625 0.7828125 0.00703125 0.0140625
2 0.5765625 0.7859375 0.01171875 0.01796875
2 0.67421875 0.8109375 0.05703125 0.071875
2 0.4640625 0.7984375 0.0109375 0.01640625
2 0.3453125 0.80859375 0.01796875 0.03046875