2 0.11875 0.615625 0.2375 0.265625
2 0.190625 0.496875 0.04609375 0.05546875
2 0.23125 0.49296875 0.05 0.059375
2 0.2875 0.4953125 0.05703125 0.0625
2 0.31484375 0.48046875 0.03125 0.053125
2 0.33671875 0.4703125 0.02421875 0.04296875
2 0.36875 0.4515625 0.021875 0.0375
2 0.3796875 0.446875 0.0171875 0.04140625
2 0.3953125 0.44609375 0.0140625 0.02109375
2 0.4140625 0.45234375 0.02109375 0.03046875
2 0.515625 0.66875 0.271875 0.353125
7 0.021875 0.321875 0.02421875 0.075
7 0.49453125 0.25625 0.01796875 0.05859375
7 0.0109375 0.421875 0.01640625 0.0265625
7 0.509375 0.2546875 0.0140625 0.05546875
8 0.1109375 0.40703125 0.02578125 0.0375
8 0.525 0.28671875 0.0140625 0.0390625
8 0.55546875 0.39453125 0.02265625 0.034375
8 0.5578125 0.3625 0.034375 0.04609375
8 0.84375 0.22734375 0.05625 0.0359375
8 0.48359375 0.36640625 0.015625 0.03203125
8 0.484375 0.3921875 0.0125 0.01640625
8 0.44140625 0.36875 0.040625 0.025
8 0.028125 0.26875 0.03203125 0.03359375
8 0.0296875 0.190625 0.02109375 0.0390625
8 0.671875 0.3828125 0.02578125 0.05
8 0.703125 0.32421875 0.02265625 0.0609375
8 0.44375 0.43515625 0.00859375 0.01640625
2 0.40546875 0.43046875 0.0140625 0.02109375
2 0.753125 0.5453125 0.02734375 0.0625
2 0.56953125 0.47421875 0.04140625 0.04140625
2 0.27265625 0.47109375 0.04296875 0.059375
2 0.29296875 0.45546875 0.03203125 0.04453125
8 0.453125 0.4359375 0.01171875 0.01796875
8 0.428125 0.44140625 0.01640625 0.025