7 0.471875 0.37265625 0.00625 0.0375
7 0.3765625 0.36171875 0.00625 0.034375
7 0.3515625 0.4359375 0.009375 0.01953125
7 0.51953125 0.42890625 0.0109375 0.01953125
7 0.45625 0.440625 0.00390625 0.0234375
2 0.4234375 0.45546875 0.0125 0.02109375
2 0.4109375 0.45546875 0.0078125 0.02109375
2 0.403125 0.46015625 0.0109375 0.02109375
2 0.384375 0.46015625 0.0234375 0.0265625
2 0.35234375 0.47734375 0.0234375 0.04453125
2 0.3375 0.4828125 0.0171875 0.0375
2 0.3109375 0.47109375 0.0328125 0.07109375
2 0.265625 0.4875 0.0609375 0.09453125
2 0.2 0.49453125 0.09921875 0.13203125
2 0.0734375 0.5234375 0.146875 0.16640625
2 0.46328125 0.45625 0.01171875 0.01953125
2 0.4890625 0.4609375 0.0234375 0.03046875
2 0.51953125 0.46640625 0.03828125 0.05546875
2 0.54296875 0.47890625 0.03125 0.06640625
2 0.5671875 0.48515625 0.0390625 0.0875
2 0.60625 0.48984375 0.0765625 0.140625
2 0.7015625 0.50390625 0.17890625 0.22109375
2 0.9640625 0.66953125 0.0703125 0.259375
2 0.43359375 0.453125 0.0109375 0.02109375
2 0.4484375 0.446875 0.01328125 0.01796875
2 0.478125 0.45546875 0.009375 0.01953125