8 0.3640625 0.40234375 0.04453125 0.1125
2 0.2546875 0.5125 0.034375 0.05546875
2 0.315625 0.50703125 0.028125 0.0359375
2 0.521875 0.49140625 0.0203125 0.04296875
2 0.5859375 0.49765625 0.028125 0.0609375
2 0.50546875 0.4890625 0.01953125 0.034375
2 0.4796875 0.484375 0.0203125 0.03203125
7 0.434375 0.42734375 0.01015625 0.01953125
7 0.525 0.396875 0.00859375 0.02109375
7 0.58046875 0.4515625 0.01171875 0.015625
7 0.47890625 0.446875 0.00703125 0.01640625
7 0.46796875 0.45234375 0.00625 0.01953125
2 0.55234375 0.52734375 0.07890625 0.10703125
8 0.9515625 0.325 0.025 0.0515625