2 0.590625 0.85390625 0.14609375 0.1625
2 0.715625 0.88125 0.225 0.2359375
2 0.88984375 0.8796875 0.2171875 0.2359375
2 0.39375 0.81328125 0.03671875 0.04296875
2 0.21328125 0.81640625 0.03828125 0.0375
2 0.171875 0.809375 0.03125 0.0359375
2 0.0953125 0.809375 0.05078125 0.0609375
7 0.3609375 0.659375 0.015625 0.028125
7 0.4796875 0.7625 0.0109375 0.025
8 0.4703125 0.66953125 0.01640625 0.04609375
8 0.4328125 0.6828125 0.034375 0.0265625
7 0.00703125 0.590625 0.0125 0.0640625
2 0.1390625 0.8109375 0.0390625 0.05390625