2 0.0640625 0.5421875 0.12734375 0.09296875
2 0.24375 0.5109375 0.05078125 0.05546875
2 0.4796875 0.48984375 0.03828125 0.05546875
2 0.4359375 0.48671875 0.0234375 0.03359375
2 0.7546875 0.5421875 0.12421875 0.12109375
2 0.27578125 0.496875 0.05546875 0.059375
2 0.3140625 0.49765625 0.03203125 0.046875
2 0.3421875 0.4953125 0.0328125 0.03359375
2 0.68671875 0.5109375 0.0890625 0.1140625
2 0.6328125 0.4984375 0.06640625 0.09609375
2 0.590625 0.503125 0.0265625 0.03203125
2 0.5765625 0.5 0.0140625 0.02890625
2 0.5359375 0.4890625 0.0203125 0.02109375
2 0.5234375 0.484375 0.0171875 0.01640625
2 0.5109375 0.48203125 0.01484375 0.015625
7 0.5109375 0.40390625 0.00625 0.02109375
7 0.5015625 0.44296875 0.0046875 0.0234375