7 0.49140625 0.384375 0.009375 0.02890625
7 0.4234375 0.3640625 0.0078125 0.03046875
7 0.43125 0.365625 0.00546875 0.0265625
7 0.4984375 0.3859375 0.00546875 0.021875
7 0.5515625 0.465625 0.00703125 0.015625
7 0.3671875 0.45078125 0.00546875 0.0109375
8 0.2046875 0.390625 0.0140625 0.0125
7 0.4859375 0.45390625 0.00625 0.015625
7 0.446875 0.45625 0.00546875 0.00859375
7 0.453125 0.46875 0.00390625 0.0109375
2 0.45546875 0.49765625 0.01328125 0.0125
2 0.44296875 0.49609375 0.0140625 0.02890625
2 0.428125 0.5015625 0.0109375 0.025
2 0.41171875 0.50234375 0.028125 0.02890625
2 0.38125 0.5109375 0.01328125 0.04296875
2 0.36328125 0.509375 0.03046875 0.065625
2 0.3375 0.51171875 0.04453125 0.06953125
2 0.2859375 0.5265625 0.08125 0.0875
2 0.48125 0.496875 0.00546875 0.015625
2 0.49375 0.5015625 0.0109375 0.0125
2 0.4671875 0.4953125 0.00703125 0.0125
2 0.5109375 0.50625 0.02421875 0.0359375
2 0.08125 0.54296875 0.1625 0.296875