7 0.559375 0.50078125 0.0109375 0.02109375
7 0.2515625 0.5109375 0.00859375 0.01640625
7 0.5109375 0.57421875 0.0078125 0.0125
7 0.2375 0.565625 0.00859375 0.0125
7 0.14765625 0.540625 0.0078125 0.01953125
7 0.6359375 0.57265625 0.01171875 0.0140625
7 0.7890625 0.55078125 0.00703125 0.021875
8 0.246875 0.4609375 0.01484375 0.01640625
7 0.525 0.57734375 0.01171875 0.00703125
7 0.5609375 0.58125 0.009375 0.021875
2 0.478125 0.590625 0.0078125 0.009375
2 0.46875 0.590625 0.0046875 0.015625
2 0.4578125 0.603125 0.01328125 0.02109375
2 0.446875 0.60625 0.015625 0.034375
2 0.4375 0.6109375 0.0078125 0.0125
2 0.4234375 0.61875 0.02734375 0.028125
2 0.3828125 0.621875 0.0328125 0.0359375
2 0.3484375 0.61171875 0.03515625 0.046875
2 0.0578125 0.6015625 0.115625 0.096875
2 0.471875 0.6203125 0.0125 0.02109375
2 0.49140625 0.60234375 0.01484375 0.0125
2 0.5015625 0.6109375 0.00859375 0.0125
2 0.509375 0.6109375 0.01171875 0.0125
2 0.509375 0.6234375 0.0125 0.0140625
2 0.521875 0.621875 0.009375 0.015625
2 0.5296875 0.61953125 0.00703125 0.01953125
2 0.3109375 0.61171875 0.025 0.04453125
2 0.540625 0.621875 0.0171875 0.021875
2 0.61875 0.63125 0.0859375 0.1265625
2 0.7171875 0.64765625 0.0875 0.096875
2 0.8046875 0.640625 0.15859375 0.11953125
2 0.84375 0.81328125 0.30625 0.365625
8 0.23671875 0.534375 0.01875 0.01796875
7 0.175 0.41953125 0.0140625 0.0390625
8 0.15625 0.46015625 0.0140625 0.01796875
8 0.59609375 0.50546875 0.0328125 0.02109375
8 0.63359375 0.53671875 0.0140625 0.01640625
2 0.5765625 0.6078125 0.0234375 0.0390625
7 0.4359375 0.56875 0.0140625 0.02109375
2 0.92578125 0.6640625 0.146875 0.1640625