2 0.03203125 0.28046875 0.0640625 0.10859375
2 0.11015625 0.27734375 0.0390625 0.08203125
2 0.0703125 0.28046875 0.0546875 0.09609375
2 0.2265625 0.2921875 0.0546875 0.0875
2 0.1640625 0.27890625 0.0953125 0.121875
2 0.4671875 0.284375 0.04140625 0.075
2 0.51875 0.28125 0.090625 0.0859375
2 0.72265625 0.2484375 0.09921875 0.0390625
2 0.671875 0.284375 0.1046875 0.05390625
2 0.92734375 0.271875 0.03125 0.04296875
2 0.8984375 0.2734375 0.02421875 0.03203125
2 0.965625 0.2796875 0.05234375 0.0515625