7 0.4046875 0.20703125 0.0140625 0.03203125
7 0.165625 0.29296875 0.025 0.04140625
7 0.4125 0.17734375 0.01328125 0.028125
7 0.3953125 0.1921875 0.01171875 0.0625
7 0.86953125 0.134375 0.02109375 0.065625
7 0.84921875 0.14765625 0.02109375 0.08203125
7 0.54375 0.4421875 0.00625 0.0109375
7 0.503125 0.453125 0.00390625 0.00859375
8 0.3046875 0.16171875 0.084375 0.04296875
8 0.328125 0.38359375 0.0140625 0.0359375
8 0.43125 0.40625 0.01171875 0.0234375
8 0.9828125 0.128125 0.034375 0.04609375
2 0.4875 0.46484375 0.01484375 0.01640625
2 0.534375 0.47109375 0.009375 0.009375
2 0.26875 0.47734375 0.02578125 0.02890625
2 0.0796875 0.471875 0.0203125 0.01953125
2 0.103125 0.47734375 0.0203125 0.0234375
2 0.20078125 0.471875 0.01328125 0.0234375
2 0.22890625 0.478125 0.0171875 0.03203125
2 0.4515625 0.47890625 0.04609375 0.0609375
2 0.55859375 0.47734375 0.02734375 0.040625
2 0.6109375 0.49453125 0.075 0.0984375
6 0.515625 0.4875 0.021875 0.06796875
3 0.5140625 0.503125 0.01640625 0.046875
2 0.346875 0.49765625 0.125 0.1609375
2 0.83046875 0.5296875 0.3390625 0.44296875
1 0.690625 0.44375 0.090625 0.1625
2 0.04375 0.48359375 0.0296875 0.040625