7 0.465625 0.2734375 0.01796875 0.07109375
7 0.73125 0.48125 0.02734375 0.0375
7 0.396875 0.5234375 0.01171875 0.01796875
7 0.4265625 0.55234375 0.01328125 0.0140625
7 0.5046875 0.5265625 0.01328125 0.0234375
7 0.325 0.5375 0.01328125 0.0125
7 0.3375 0.57265625 0.009375 0.01640625
8 0.2265625 0.51953125 0.01484375 0.0359375
8 0.3703125 0.53359375 0.0203125 0.0140625
8 0.7328125 0.37109375 0.0328125 0.0234375
8 0.7171875 0.421875 0.03828125 0.025
8 0.5796875 0.30078125 0.07734375 0.0390625
8 0.57109375 0.5375 0.0171875 0.0359375
2 0.4046875 0.59375 0.01171875 0.0234375
2 0.38125 0.596875 0.015625 0.02109375
2 0.36171875 0.596875 0.0171875 0.025
2 0.34921875 0.596875 0.01015625 0.025
2 0.3265625 0.59765625 0.03984375 0.04296875
2 0.2984375 0.59921875 0.03125 0.04453125
2 0.2796875 0.603125 0.0359375 0.0375
2 0.22265625 0.6046875 0.04140625 0.04609375
2 0.1828125 0.6078125 0.059375 0.065625
2 0.13046875 0.6171875 0.06328125 0.0640625
2 0.0734375 0.615625 0.0921875 0.084375
2 0.01875 0.62265625 0.0375 0.0828125
2 0.4828125 0.6015625 0.16171875 0.14609375
5 0.6453125 0.58203125 0.01484375 0.053125
5 0.6671875 0.58984375 0.01484375 0.0515625
5 0.7046875 0.58671875 0.01875 0.075
5 0.9203125 0.61484375 0.0203125 0.090625
5 0.246875 0.60078125 0.02890625 0.121875
8 0.97734375 0.5640625 0.015625 0.05546875
8 0.9875 0.590625 0.01328125 0.0265625