2 0.06796875 0.46171875 0.1359375 0.11640625
2 0.2203125 0.43125 0.0796875 0.0890625
2 0.4234375 0.41484375 0.0453125 0.040625
2 0.453125 0.409375 0.0140625 0.025
2 0.465625 0.409375 0.015625 0.01640625
2 0.475 0.40390625 0.0140625 0.01953125
2 0.48828125 0.39453125 0.015625 0.02109375
2 0.521875 0.39375 0.015625 0.01953125
2 0.521875 0.396875 0.01640625 0.025
2 0.5359375 0.390625 0.015625 0.02109375
2 0.5578125 0.39453125 0.02265625 0.02109375
2 0.59140625 0.3921875 0.0140625 0.01640625
2 0.634375 0.4171875 0.0375 0.0609375
2 0.6796875 0.4421875 0.05703125 0.075
2 0.7625 0.475 0.11015625 0.09609375
2 0.91015625 0.4953125 0.17734375 0.328125
7 0.5890625 0.36484375 0.01328125 0.015625
7 0.5640625 0.37109375 0.009375 0.015625
7 0.64375 0.37890625 0.0109375 0.01953125