7 0.5046875 0.353125 0.009375 0.01953125
8 0.2515625 0.2390625 0.0421875 0.071875
8 0.25 0.290625 0.03515625 0.03203125
8 0.371875 0.2828125 0.0234375 0.03359375
8 0.371875 0.31796875 0.02890625 0.0265625
2 0.5546875 0.3765625 0.01484375 0.0359375
2 0.49375 0.38359375 0.02421875 0.0359375
2 0.23125 0.40546875 0.03125 0.0359375
2 0.1953125 0.4109375 0.03984375 0.0484375
2 0.0859375 0.421875 0.096875 0.075
10 0.6 0.33984375 0.06171875 0.16796875
2 0.528125 0.38828125 0.04609375 0.084375
2 0.4390625 0.41015625 0.078125 0.09453125
2 0.4015625 0.39453125 0.02890625 0.0625
10 0.8109375 0.32734375 0.37421875 0.646875