7 0.2109375 0.3109375 0.02421875 0.034375
7 0.49296875 0.290625 0.0171875 0.0359375
7 0.5515625 0.29609375 0.01328125 0.03046875
7 0.321875 0.359375 0.01640625 0.025
7 0.3875 0.27109375 0.01796875 0.034375
7 0.41875 0.2984375 0.0171875 0.034375
8 0.6046875 0.31171875 0.021875 0.02890625
8 0.64296875 0.34375 0.0140625 0.021875
8 0.759375 0.3015625 0.025 0.028125
2 0.2390625 0.434375 0.1296875 0.1359375
2 0.6140625 0.43828125 0.07265625 0.1
2 0.5078125 0.44296875 0.06953125 0.1
2 0.5515625 0.41484375 0.0296875 0.046875
2 0.4734375 0.4109375 0.02421875 0.0375
2 0.7671875 0.44921875 0.1078125 0.121875
2 0.875 0.46015625 0.17265625 0.17109375
2 0.95859375 0.4875 0.08046875 0.2015625
8 0.39609375 0.39140625 0.01015625 0.01796875
8 0.340625 0.3109375 0.03515625 0.03046875