8 0.35625 0.73125 0.03515625 0.040625
10 0.125 0.753125 0.115625 0.1140625
2 0.215625 0.784375 0.034375 0.02890625
2 0.26015625 0.78671875 0.021875 0.0234375
2 0.5296875 0.803125 0.0296875 0.0609375
2 0.44921875 0.8 0.015625 0.03046875
2 0.4671875 0.79453125 0.02265625 0.0390625
10 0.41328125 0.77578125 0.05859375 0.14453125
2 0.49375 0.809375 0.04375 0.0734375
2 0.621875 0.84921875 0.14375 0.17109375
2 0.72578125 0.803125 0.0203125 0.0234375
2 0.784375 0.80078125 0.03515625 0.0359375
2 0.83359375 0.803125 0.04921875 0.040625
2 0.87734375 0.8125 0.0359375 0.03046875
2 0.9796875 0.92265625 0.0375 0.1484375
2 0.3171875 0.8 0.0359375 0.04609375