2 0.2578125 0.44609375 0.0265625 0.0265625
2 0.4625 0.453125 0.01796875 0.025
2 0.31015625 0.44609375 0.02265625 0.0265625
2 0.34140625 0.446875 0.01640625 0.02109375
2 0.328125 0.446875 0.0140625 0.02109375
2 0.159375 0.4265625 0.0125 0.015625
2 0.0765625 0.434375 0.01640625 0.01796875
2 0.48515625 0.446875 0.01171875 0.02109375
2 0.4484375 0.43828125 0.01171875 0.02109375
2 0.4703125 0.43828125 0.01484375 0.02109375
8 0.1953125 0.40546875 0.01484375 0.0359375
8 0.3625 0.41796875 0.0203125 0.03359375
8 0.39609375 0.40546875 0.0203125 0.04453125
8 0.4171875 0.409375 0.025 0.0375
2 0.290625 0.43828125 0.01796875 0.02109375
2 0.11484375 0.4359375 0.01484375 0.015625
8 0.103125 0.3875 0.01015625 0.02109375
2 0.52734375 0.453125 0.01171875 0.01640625
2 0.5421875 0.45546875 0.0171875 0.02109375
2 0.56875 0.45859375 0.0140625 0.01953125
2 0.6125 0.45859375 0.02734375 0.034375
2 0.65703125 0.4640625 0.02734375 0.03046875
2 0.70234375 0.46171875 0.04296875 0.040625
2 0.7546875 0.471875 0.0390625 0.0484375
2 0.9515625 0.47578125 0.09453125 0.04609375
2 0.04921875 0.42734375 0.03671875 0.04453125
2 0.01953125 0.42265625 0.03828125 0.04453125
2 0.36328125 0.45390625 0.01640625 0.0265625