7 0.578125 0.415625 0.00546875 0.0140625
7 0.5640625 0.41640625 0.00546875 0.01796875
2 0.6171875 0.453125 0.0203125 0.04453125
2 0.5078125 0.46015625 0.02265625 0.0375
2 0.26640625 0.540625 0.09453125 0.1265625
2 0.1953125 0.54453125 0.08359375 0.13046875
2 0.59453125 0.453125 0.01796875 0.0234375
2 0.640625 0.4546875 0.03671875 0.05390625
2 0.7265625 0.46328125 0.08671875 0.09140625
2 0.56640625 0.45625 0.021875 0.02109375
2 0.53125 0.46328125 0.0265625 0.03046875
2 0.4671875 0.48359375 0.05703125 0.08203125
2 0.3765625 0.53671875 0.12265625 0.15703125
2 0.08359375 0.5828125 0.1671875 0.140625
7 0.953125 0.22578125 0.02578125 0.040625