2 0.18515625 0.4203125 0.10859375 0.09296875
2 0.4046875 0.37265625 0.04375 0.0484375
2 0.57734375 0.34609375 0.0125 0.0390625
2 0.59375 0.34921875 0.028125 0.05859375
2 0.06875 0.4375 0.1375 0.125
2 0.3734375 0.38828125 0.04609375 0.046875
2 0.55390625 0.33359375 0.01015625 0.0140625
2 0.5328125 0.34140625 0.021875 0.03203125
10 0.9 0.49765625 0.1953125 0.5625
8 0.1828125 0.259375 0.02734375 0.0140625
8 0.0796875 0.31640625 0.01875 0.0390625
7 0.58125 0.31328125 0.0078125 0.0140625
7 0.50546875 0.31484375 0.00625 0.0140625