8 0.24921875 0.065625 0.059375 0.08203125
8 0.334375 0.05703125 0.121875 0.1140625
8 0.70625 0.284375 0.028125 0.034375
8 0.65859375 0.22421875 0.10078125 0.05390625
7 0.284375 0.34375 0.03125 0.04296875
0 0.540625 0.528125 0.0703125 0.07890625
0 0.35546875 0.53984375 0.075 0.075
2 0.9375 0.5515625 0.11875 0.240625
5 0.6734375 0.48359375 0.0234375 0.07890625
5 0.5125 0.45390625 0.015625 0.05546875
5 0.45546875 0.49921875 0.034375 0.125
5 0.13828125 0.5375 0.03125 0.1390625
5 0.228125 0.51171875 0.0421875 0.246875
5 0.0171875 0.4890625 0.02421875 0.08359375