8 0.5515625 0.45859375 0.00859375 0.01953125
2 0.490625 0.51171875 0.01640625 0.028125
2 0.5140625 0.496875 0.01171875 0.015625
2 0.5078125 0.52265625 0.021875 0.046875
2 0.525 0.475 0.01328125 0.01953125
2 0.5375 0.484375 0.0109375 0.01953125
2 0.5609375 0.50390625 0.01328125 0.01640625
2 0.5375 0.53046875 0.040625 0.06640625
2 0.5859375 0.528125 0.0296875 0.046875
2 0.4328125 0.53828125 0.05 0.06796875
2 0.55859375 0.57578125 0.08671875 0.1125
8 0.678125 0.4765625 0.0140625 0.04609375
8 0.6453125 0.4421875 0.0109375 0.0390625
2 0.103125 0.521875 0.1265625 0.09453125