7 0.315625 0.3765625 0.00703125 0.02890625
7 0.325 0.38046875 0.0078125 0.03203125
7 0.546875 0.3703125 0.00703125 0.025
7 0.5625 0.459375 0.0046875 0.0125
8 0.253125 0.41484375 0.01875 0.03359375
8 0.57265625 0.44296875 0.0078125 0.021875
8 0.665625 0.421875 0.01640625 0.0109375
8 0.78671875 0.34921875 0.02890625 0.01796875
8 0.85234375 0.3078125 0.01796875 0.0375
8 0.85546875 0.33671875 0.02890625 0.015625
8 0.04453125 0.34140625 0.015625 0.0140625
8 0.0296875 0.34921875 0.02109375 0.015625
8 0.0296875 0.37109375 0.04296875 0.01640625
8 0.040625 0.39375 0.02109375 0.015625
8 0.03515625 0.4125 0.025 0.01796875
2 0.5375 0.49921875 0.00703125 0.01796875
2 0.5453125 0.5046875 0.01171875 0.0265625
2 0.55625 0.50703125 0.0125 0.04140625
2 0.5640625 0.51640625 0.01328125 0.046875
2 0.5765625 0.5359375 0.02734375 0.1
2 0.5390625 0.5203125 0.015625 0.0265625
2 0.4796875 0.50390625 0.0953125 0.0890625
2 0.409375 0.5078125 0.025 0.034375
2 0.33203125 0.584375 0.07421875 0.134375
2 0.3875 0.5578125 0.025 0.05703125
2 0.075 0.5609375 0.13046875 0.14140625
2 0.225 0.6 0.2375 0.2984375
2 0.45625 0.64296875 0.184375 0.284375
2 0.6453125 0.56015625 0.1453125 0.19609375
1 0.8625 0.478125 0.27265625 0.2859375
2 0.078125 0.67421875 0.15625 0.3703125
2 0.878125 0.64609375 0.240625 0.26953125
8 0.3015625 0.3828125 0.02109375 0.01796875