2 0.2046875 0.35703125 0.028125 0.0484375
2 0.18203125 0.35546875 0.0328125 0.05
2 0.1578125 0.365625 0.0484375 0.05859375
2 0.128125 0.3703125 0.03515625 0.059375
2 0.29375 0.34609375 0.03984375 0.0375
2 0.24375 0.3765625 0.0609375 0.0765625
2 0.06875 0.44296875 0.1375 0.2453125
2 0.3546875 0.34296875 0.0328125 0.04453125
2 0.440625 0.3515625 0.02109375 0.04296875
2 0.453125 0.35546875 0.01171875 0.04296875
1 0.49765625 0.32421875 0.08125 0.11953125
2 0.546875 0.3640625 0.08359375 0.090625
8 0.403125 0.23046875 0.04921875 0.03359375
8 0.465625 0.228125 0.015625 0.02109375
8 0.32578125 0.3171875 0.00859375 0.03046875
8 0.42890625 0.3078125 0.0140625 0.03046875
7 0.5484375 0.0359375 0.0203125 0.06796875
7 0.56875 0.046875 0.015625 0.0375
7 0.7203125 0.23984375 0.021875 0.0359375
7 0.9609375 0.13671875 0.04453125 0.07109375
8 0.7890625 0.04140625 0.053125 0.0484375
8 0.721875 0.040625 0.0421875 0.04296875
2 0.97734375 0.2953125 0.04140625 0.07890625
2 0.925 0.4703125 0.146875 0.2875
7 0.3546875 0.27421875 0.009375 0.02109375
7 0.371875 0.2734375 0.009375 0.025