8 0.7765625 0.040625 0.03046875 0.0265625
7 0.796875 0.11328125 0.0203125 0.06796875
8 0.765625 0.16328125 0.01875 0.025
8 0.81015625 0.1734375 0.04375 0.02890625
8 0.77578125 0.21484375 0.03203125 0.03359375
8 0.7890625 0.25625 0.02109375 0.04453125
7 0.80625 0.265625 0.0203125 0.05
7 0.7671875 0.26953125 0.0140625 0.04453125
7 0.47578125 0.38203125 0.0109375 0.02109375
7 0.45703125 0.3765625 0.01015625 0.021875
2 0.334375 0.41875 0.02421875 0.040625
2 0.3203125 0.4328125 0.025 0.0390625
2 0.290625 0.4265625 0.03828125 0.0625
2 0.2671875 0.434375 0.046875 0.07109375
2 0.23046875 0.4515625 0.059375 0.0859375
2 0.16171875 0.4640625 0.109375 0.1140625
2 0.08671875 0.49765625 0.07890625 0.13046875
2 0.028125 0.5171875 0.05625 0.15625
2 0.4078125 0.40625 0.01875 0.0265625
2 0.4953125 0.4046875 0.0125 0.0390625
2 0.5109375 0.40703125 0.02109375 0.040625
2 0.528125 0.4140625 0.02734375 0.059375
2 0.53515625 0.415625 0.0265625 0.06796875
10 0.5796875 0.396875 0.08515625 0.146875
2 0.4734375 0.40703125 0.02265625 0.025
2 0.44296875 0.40703125 0.021875 0.028125
2 0.425 0.40859375 0.02421875 0.0265625
2 0.3671875 0.42421875 0.059375 0.071875