8 0.30234375 0.2953125 0.028125 0.015625
8 0.33984375 0.36328125 0.01015625 0.01640625
8 0.334375 0.371875 0.00859375 0.02109375
8 0.4578125 0.3578125 0.0109375 0.01796875
7 0.303125 0.33203125 0.00859375 0.015625
7 0.296875 0.3625 0.00703125 0.02109375
7 0.43671875 0.30546875 0.00625 0.01796875
7 0.4875 0.35 0.00859375 0.025
5 0.659375 0.39765625 0.01640625 0.07890625
5 0.97734375 0.38984375 0.04140625 0.25
5 0.575 0.38046875 0.009375 0.028125
5 0.5625 0.39453125 0.0109375 0.0484375
5 0.50703125 0.39453125 0.01015625 0.04609375
2 0.3765625 0.390625 0.03125 0.0390625
2 0.4265625 0.384375 0.03671875 0.04609375
2 0.4640625 0.3953125 0.03046875 0.0390625
7 0.34375 0.29375 0.00703125 0.0234375
7 0.3359375 0.2953125 0.00625 0.01953125
8 0.3265625 0.290625 0.00703125 0.01640625