7 0.4484375 0.3625 0.00546875 0.02109375
7 0.4984375 0.35625 0.00859375 0.015625
2 0.496875 0.43671875 0.02890625 0.034375
2 0.5140625 0.4328125 0.0203125 0.02890625
2 0.4140625 0.4484375 0.0390625 0.04453125
2 0.3140625 0.471875 0.10234375 0.14453125
2 0.10859375 0.51328125 0.2171875 0.24296875
2 0.57421875 0.446875 0.06640625 0.096875
8 0.578125 0.3640625 0.0171875 0.04140625
8 0.3984375 0.34296875 0.01328125 0.0140625
8 0.83203125 0.20234375 0.0515625 0.09140625
8 0.8359375 0.12578125 0.03515625 0.04296875
8 0.8125 0.0953125 0.0234375 0.0375
5 0.87734375 0.4515625 0.02734375 0.13359375
5 0.8484375 0.459375 0.02734375 0.1484375
5 0.771875 0.41171875 0.0265625 0.04296875
5 0.659375 0.43046875 0.0171875 0.07109375
5 0.61796875 0.42890625 0.01328125 0.0609375
8 0.68359375 0.23984375 0.01953125 0.0265625