8 0.8328125 0.1484375 0.04140625 0.084375
8 0.69921875 0.234375 0.01328125 0.0265625
8 0.534375 0.278125 0.00859375 0.03203125
7 0.4515625 0.29375 0.00546875 0.01640625
7 0.4328125 0.303125 0.00546875 0.015625
2 0.42578125 0.33359375 0.01328125 0.01796875
2 0.36796875 0.35390625 0.03984375 0.05546875
10 0.4609375 0.31953125 0.01328125 0.0640625
10 0.49921875 0.3109375 0.065625 0.12109375
10 0.2890625 0.321875 0.10234375 0.159375
10 0.803125 0.2578125 0.24765625 0.24609375
2 0.22265625 0.359375 0.04609375 0.05
7 0.61875 0.2515625 0.0078125 0.03359375
2 0.159375 0.3578125 0.04296875 0.084375