7 0.4703125 0.23359375 0.01328125 0.0640625
7 0.63359375 0.44453125 0.0171875 0.03046875
7 0.4875 0.24296875 0.0171875 0.05859375
7 0.05625 0.04375 0.03046875 0.0875
7 0.0140625 0.040625 0.028125 0.08125
7 0.021875 0.4171875 0.01953125 0.0375
7 0.04375 0.4140625 0.015625 0.0265625
8 0.0421875 0.35078125 0.03671875 0.0265625
8 0.05 0.30078125 0.0109375 0.0234375
8 0.025 0.28515625 0.02890625 0.0265625
8 0.615625 0.396875 0.02890625 0.0234375
8 0.62578125 0.35703125 0.0171875 0.0375
8 0.61640625 0.3046875 0.01953125 0.028125
5 0.0171875 0.51015625 0.034375 0.071875
2 0.421875 0.5109375 0.0109375 0.01953125
2 0.43125 0.5125 0.01328125 0.0265625
2 0.4390625 0.51484375 0.015625 0.0265625
2 0.44765625 0.515625 0.0171875 0.03359375
2 0.453125 0.52265625 0.01171875 0.03359375
2 0.3640625 0.51015625 0.015625 0.0265625
2 0.35078125 0.5109375 0.02109375 0.028125
2 0.2828125 0.51640625 0.0265625 0.040625
2 0.25625 0.52421875 0.0328125 0.0484375
2 0.21484375 0.521875 0.05703125 0.07890625
10 0.4046875 0.49140625 0.02265625 0.02109375
2 0.315625 0.51875 0.0484375 0.0609375
2 0.4 0.52109375 0.02734375 0.0375
2 0.47734375 0.51875 0.03984375 0.0609375
2 0.16953125 0.5265625 0.08828125 0.09609375
2 0.5359375 0.521875 0.0171875 0.034375
8 0.52734375 0.42890625 0.015625 0.03359375
2 0.94375 0.5671875 0.1109375 0.103125
7 0.38046875 0.48359375 0.00625 0.01796875