7 0.43125 0.41171875 0.01015625 0.0140625
2 0.43203125 0.453125 0.01015625 0.021875
2 0.44609375 0.45390625 0.0171875 0.02109375
2 0.47109375 0.46015625 0.01171875 0.025
2 0.4796875 0.4625 0.01171875 0.03359375
2 0.49609375 0.46171875 0.02421875 0.0390625
2 0.5671875 0.490625 0.0375 0.05546875
2 0.5875 0.490625 0.03125 0.059375
2 0.62734375 0.4953125 0.07109375 0.09296875
2 0.41796875 0.45859375 0.01484375 0.025
2 0.390625 0.48515625 0.0515625 0.071875
2 0.3234375 0.46015625 0.0234375 0.03359375
2 0.30546875 0.45859375 0.02890625 0.0375
2 0.27734375 0.45859375 0.01953125 0.02890625
2 0.2578125 0.4625 0.01875 0.02109375
2 0.221875 0.475 0.04296875 0.04140625
2 0.0515625 0.50234375 0.10078125 0.12109375
2 0.35625 0.45234375 0.0125 0.02109375