7 0.3390625 0.4109375 0.0109375 0.0234375
7 0.3078125 0.41328125 0.00703125 0.01953125
8 0.1 0.3671875 0.04765625 0.04296875
8 0.74765625 0.01796875 0.07578125 0.034375
8 0.396875 0.38046875 0.009375 0.01640625
8 0.396875 0.41328125 0.0109375 0.015625
2 0.296875 0.475 0.0296875 0.04453125
2 0.33125 0.4609375 0.0140625 0.01640625
2 0.346875 0.475 0.025 0.0359375
2 0.37265625 0.45859375 0.0171875 0.0234375
2 0.26484375 0.478125 0.0578125 0.084375
7 0.8234375 0.2640625 0.021875 0.053125
7 0.7953125 0.2609375 0.0296875 0.0765625
5 0.58671875 0.47421875 0.02265625 0.09453125
5 0.55859375 0.478125 0.01953125 0.084375
2 0.39609375 0.45546875 0.0125 0.01796875
7 0.2640625 0.43203125 0.0140625 0.01640625