2 0.325 0.46171875 0.00703125 0.02109375
2 0.315625 0.46328125 0.0171875 0.028125
2 0.29765625 0.459375 0.0265625 0.04453125
2 0.2703125 0.4625 0.0390625 0.0625
2 0.24296875 0.471875 0.04140625 0.0859375
2 0.353125 0.46796875 0.015625 0.0234375
2 0.365625 0.46796875 0.021875 0.0234375
2 0.3890625 0.471875 0.02265625 0.040625
2 0.40625 0.478125 0.03359375 0.0515625
2 0.446875 0.4921875 0.04765625 0.11796875
2 0.484375 0.50078125 0.08671875 0.1390625
2 0.17734375 0.47265625 0.10859375 0.146875
2 0.3390625 0.46640625 0.0171875 0.028125
7 0.35 0.42109375 0.00703125 0.01796875
7 0.3296875 0.4171875 0.01015625 0.02109375
7 0.3234375 0.021875 0.025 0.04375