7 0.6625 0.371875 0.0125 0.0515625
7 0.55859375 0.515625 0.01171875 0.0234375
7 0.4484375 0.4359375 0.009375 0.0484375
7 0.36015625 0.42421875 0.00859375 0.05546875
8 0.4890625 0.4515625 0.03359375 0.015625
8 0.7515625 0.4171875 0.0515625 0.0859375
8 0.8296875 0.3265625 0.02265625 0.071875
8 0.8265625 0.253125 0.0265625 0.0625
8 0.8859375 0.4640625 0.02734375 0.075
7 0.203125 0.47421875 0.009375 0.028125
2 0.1421875 0.6375 0.159375 0.18359375
2 0.2359375 0.61640625 0.06484375 0.115625
2 0.04296875 0.696875 0.0859375 0.25859375
2 0.34765625 0.71953125 0.28046875 0.378125
2 0.9625 0.5609375 0.07421875 0.071875