2 0.39375 0.64375 0.03984375 0.04296875
2 0.44296875 0.63515625 0.0265625 0.03359375
2 0.48125 0.62890625 0.0203125 0.0234375
2 0.89375 0.78046875 0.20859375 0.43203125
8 0.6125 0.596875 0.0109375 0.028125
7 0.5 0.5640625 0.009375 0.015625
7 0.540625 0.56640625 0.0078125 0.02109375
7 0.540625 0.58046875 0.0078125 0.0140625
7 0.50625 0.58125 0.00703125 0.01953125
2 0.5546875 0.6296875 0.01328125 0.01796875
2 0.534375 0.62890625 0.01171875 0.009375
8 0.590625 0.6046875 0.0078125 0.0234375
8 0.58046875 0.60546875 0.0109375 0.01953125
5 0.1921875 0.6578125 0.0125 0.0609375
5 0.17578125 0.653125 0.01484375 0.06953125