7 0.415625 0.33125 0.00703125 0.02109375
7 0.475 0.3578125 0.00703125 0.0234375
7 0.5265625 0.353125 0.00703125 0.02109375
8 0.446875 0.39921875 0.01171875 0.02109375
2 0.41875 0.39453125 0.01796875 0.03203125
8 0.4625 0.36640625 0.01171875 0.028125
8 0.4625 0.38671875 0.0109375 0.0125
2 0.53125 0.396875 0.01328125 0.01953125
2 0.54375 0.403125 0.01171875 0.0125
2 0.55390625 0.4046875 0.0140625 0.0234375
2 0.5625 0.409375 0.015625 0.028125
2 0.57421875 0.4171875 0.021875 0.0359375
2 0.5859375 0.425 0.01953125 0.0390625
2 0.59375 0.4359375 0.0265625 0.0515625
2 0.60625 0.44453125 0.02734375 0.06796875
2 0.63125 0.453125 0.06484375 0.084375
8 0.715625 0.34296875 0.0359375 0.0234375
8 0.7140625 0.3046875 0.02421875 0.053125
2 0.95078125 0.72265625 0.0984375 0.378125
2 0.384375 0.38828125 0.02265625 0.0265625
2 0.3671875 0.38984375 0.02109375 0.01953125
2 0.4015625 0.39296875 0.01953125 0.02109375
2 0.3484375 0.3875 0.02890625 0.03359375