7 0.4828125 0.34375 0.0109375 0.03046875
7 0.390625 0.35078125 0.0078125 0.034375
7 0.4421875 0.38359375 0.0078125 0.0265625
7 0.4890625 0.38828125 0.009375 0.0265625
7 0.3265625 0.3640625 0.009375 0.0234375
7 0.23828125 0.3265625 0.01171875 0.028125
7 0.440625 0.40859375 0.0078125 0.0234375
7 0.4578125 0.40625 0.0078125 0.0234375
7 0.39765625 0.34609375 0.009375 0.04453125
8 0.22890625 0.38125 0.02265625 0.040625
7 0.1703125 0.33125 0.01328125 0.03359375
8 0.328125 0.39140625 0.01484375 0.0234375
8 0.5203125 0.4046875 0.009375 0.02109375
8 0.89453125 0.18515625 0.040625 0.07890625
8 0.89375 0.1171875 0.0578125 0.05546875
2 0.1546875 0.446875 0.0515625 0.05390625
2 0.275 0.45390625 0.0671875 0.078125
2 0.3125 0.43984375 0.02265625 0.03046875
2 0.340625 0.4390625 0.02109375 0.028125
2 0.3984375 0.43515625 0.0265625 0.034375
2 0.4453125 0.4421875 0.02109375 0.0265625
2 0.45703125 0.4328125 0.0171875 0.01640625
2 0.4671875 0.42734375 0.01171875 0.01953125
2 0.49140625 0.42734375 0.01484375 0.01953125
2 0.47890625 0.4390625 0.01875 0.028125
2 0.425 0.4515625 0.034375 0.0484375
2 0.37578125 0.46484375 0.05546875 0.075
2 0.209375 0.4625 0.084375 0.0984375
2 0.0703125 0.54453125 0.13984375 0.309375