8 0.146875 0.2828125 0.02109375 0.04453125
8 0.4671875 0.34375 0.01484375 0.02109375
8 0.471875 0.309375 0.009375 0.01953125
2 0.3796875 0.38359375 0.0109375 0.02109375
2 0.3875 0.384375 0.01328125 0.01953125
2 0.3984375 0.384375 0.01484375 0.01953125
2 0.4140625 0.3859375 0.01953125 0.0265625
2 0.4859375 0.4171875 0.03828125 0.05703125
2 0.5125 0.4203125 0.04609375 0.0609375
2 0.5484375 0.4203125 0.059375 0.075
2 0.596875 0.44453125 0.103125 0.09609375
2 0.1171875 0.3828125 0.0265625 0.0375
2 0.0953125 0.390625 0.03671875 0.0484375
2 0.1765625 0.3859375 0.02890625 0.034375
2 0.4390625 0.3953125 0.03828125 0.0484375
2 0.9578125 0.39453125 0.084375 0.07109375
2 0.81015625 0.55078125 0.3796875 0.3875
2 0.2453125 0.3796875 0.01171875 0.01953125
2 0.2296875 0.38125 0.02109375 0.02109375
2 0.2125 0.38125 0.0265625 0.034375
2 0.2859375 0.378125 0.01875 0.01953125