7 0.25625 0.08515625 0.01875 0.065625
7 0.44140625 0.06640625 0.01953125 0.071875
7 0.440625 0.2875 0.00546875 0.01640625
7 0.4 0.2875 0.009375 0.01953125
7 0.41875 0.3109375 0.00390625 0.009375
7 0.87578125 0.16171875 0.02578125 0.0640625
7 0.24140625 0.084375 0.0140625 0.05
8 0.171875 0.14765625 0.02109375 0.025
8 0.528125 0.253125 0.0140625 0.03046875
8 0.465625 0.28984375 0.009375 0.01640625
8 0.4828125 0.32578125 0.00546875 0.0140625
8 0.5296875 0.290625 0.00859375 0.01953125
2 0.4359375 0.35390625 0.03046875 0.046875
2 0.4859375 0.35078125 0.03125 0.0390625
2 0.4578125 0.3375 0.009375 0.0125
2 0.45 0.31875 0.00625 0.00703125
2 0.24296875 0.3640625 0.0609375 0.1015625
2 0.296875 0.38125 0.07265625 0.09609375
2 0.38359375 0.409375 0.12109375 0.1765625
2 0.471875 0.36953125 0.0421875 0.0609375
8 0.1234375 0.23125 0.025 0.0109375
7 0.115625 0.28203125 0.02109375 0.03359375