7 0.365625 0.221875 0.02265625 0.053125
7 0.76640625 0.021875 0.0265625 0.04375
7 0.53671875 0.3359375 0.009375 0.01640625
8 0.83125 0.03671875 0.07890625 0.03203125
8 0.1625 0.234375 0.04765625 0.02890625
2 0.89375 0.3953125 0.0609375 0.0515625
8 0.959375 0.453125 0.009375 0.02890625
2 0.77734375 0.4109375 0.0671875 0.07109375
2 0.7421875 0.40390625 0.03359375 0.0515625
2 0.71171875 0.396875 0.03359375 0.0640625
2 0.4640625 0.421875 0.0625 0.09140625
2 0.4921875 0.396875 0.05390625 0.07109375
2 0.5171875 0.3828125 0.0296875 0.046875
2 0.5375 0.36875 0.0109375 0.03203125
2 0.56640625 0.36015625 0.01796875 0.01953125
2 0.6171875 0.37109375 0.015625 0.01953125
2 0.6328125 0.37734375 0.02421875 0.0234375
7 0.61875 0.34453125 0.00859375 0.01640625
8 0.64609375 0.3140625 0.01640625 0.0109375
8 0.4390625 0.284375 0.00859375 0.025