7 0.3609375 0.4015625 0.00859375 0.015625
7 0.3140625 0.41328125 0.009375 0.01953125
7 0.25234375 0.4046875 0.01171875 0.01796875
8 0.4609375 0.3921875 0.0125 0.040625
2 0.3296875 0.45234375 0.0140625 0.0234375
2 0.315625 0.4546875 0.021875 0.02890625
2 0.2921875 0.453125 0.03125 0.04296875
2 0.2625 0.46796875 0.05859375 0.0640625
2 0.2125 0.49453125 0.06328125 0.08359375
2 0.1484375 0.5 0.09375 0.1359375
2 0.015625 0.59765625 0.0296875 0.140625
2 0.071875 0.53671875 0.14375 0.16796875
2 0.39296875 0.4484375 0.01171875 0.025
2 0.403125 0.45078125 0.01953125 0.046875
2 0.4328125 0.45078125 0.0578125 0.0890625
2 0.49609375 0.4609375 0.08671875 0.1359375
2 0.5640625 0.50078125 0.11875 0.190625
2 0.765625 0.5125 0.3765625 0.38359375
2 0.353125 0.45390625 0.03828125 0.0625