7 0.2953125 0.47578125 0.00859375 0.01796875
7 0.38125 0.484375 0.009375 0.015625
2 0.29921875 0.546875 0.01875 0.03359375
2 0.1921875 0.565625 0.0453125 0.10703125
2 0.103125 0.5765625 0.18125 0.18359375
2 0.2515625 0.56875 0.10546875 0.121875
2 0.3671875 0.55390625 0.03125 0.040625
2 0.40625 0.55 0.021875 0.04453125
2 0.4171875 0.55546875 0.02265625 0.04296875
2 0.43671875 0.559375 0.03515625 0.0640625
2 0.4953125 0.56796875 0.09453125 0.1359375
2 0.8046875 0.634375 0.390625 0.28203125
8 0.840625 0.41015625 0.0296875 0.0765625
8 0.484375 0.459375 0.0109375 0.02109375