8 0.39296875 0.27578125 0.01875 0.028125
8 0.5203125 0.30625 0.0109375 0.01796875
8 0.70078125 0.309375 0.00859375 0.01953125
8 0.6765625 0.31171875 0.009375 0.015625
8 0.225 0.29609375 0.01171875 0.00859375
8 0.81640625 0.2953125 0.0140625 0.0265625
2 0.16328125 0.33515625 0.0171875 0.015625
2 0.25625 0.34453125 0.0265625 0.021875
2 0.22734375 0.33515625 0.0171875 0.015625
2 0.2015625 0.3328125 0.0265625 0.01796875
2 0.12109375 0.33828125 0.0578125 0.02109375
2 0.0671875 0.346875 0.04140625 0.040625
2 0.04375 0.353125 0.0359375 0.0390625
2 0.01171875 0.35703125 0.0234375 0.04296875
2 0.16640625 0.490625 0.3328125 0.30703125
2 0.75625 0.34296875 0.04296875 0.0515625
2 0.7953125 0.346875 0.05390625 0.046875
2 0.33671875 0.34375 0.0234375 0.01953125
2 0.465625 0.35 0.01484375 0.02109375
7 0.4703125 0.31953125 0.01328125 0.0359375
7 0.53515625 0.30625 0.01171875 0.03046875
7 0.4109375 0.30234375 0.0140625 0.028125