7 0.44375 0.03984375 0.040625 0.075
7 0.478125 0.0421875 0.025 0.084375
7 0.37109375 0.484375 0.0109375 0.021875
7 0.4234375 0.490625 0.0109375 0.01953125
2 0.2796875 0.51953125 0.0171875 0.028125
2 0.409375 0.51171875 0.01953125 0.021875
2 0.3609375 0.52734375 0.01015625 0.046875
2 0.53046875 0.56328125 0.0578125 0.09453125
2 0.3234375 0.53515625 0.07109375 0.10390625
2 0.4546875 0.628125 0.175 0.234375
2 0.2578125 0.528125 0.0484375 0.059375
2 0.1296875 0.515625 0.121875 0.12890625
7 0.4109375 0.49609375 0.01015625 0.01953125
5 0.76328125 0.59453125 0.03359375 0.12890625
5 0.7328125 0.58671875 0.03046875 0.134375
5 0.7125 0.58359375 0.0265625 0.171875
5 0.6625 0.57578125 0.028125 0.14140625
8 0.6859375 0.29375 0.0171875 0.0375
8 0.715625 0.309375 0.03671875 0.025
7 0.7265625 0.4328125 0.02109375 0.034375