7 0.58125 0.60234375 0.01015625 0.0234375
7 0.5375 0.59453125 0.009375 0.02109375
7 0.56640625 0.65390625 0.009375 0.01796875
7 0.54375 0.64296875 0.01015625 0.015625
2 0.50234375 0.67265625 0.01015625 0.01796875
2 0.5640625 0.6875 0.01875 0.021875
2 0.6 0.7046875 0.02265625 0.04140625
2 0.3984375 0.659375 0.034375 0.0640625
2 0.38046875 0.66640625 0.0390625 0.0609375
2 0.3296875 0.665625 0.08359375 0.0875
2 0.490625 0.6703125 0.01640625 0.0265625
2 0.53203125 0.69375 0.05234375 0.084375
2 0.61640625 0.71015625 0.0328125 0.046875
8 0.209375 0.621875 0.021875 0.040625
8 0.2671875 0.50390625 0.01484375 0.0515625