8 0.5578125 0.134375 0.03125 0.025
8 0.646875 0.12109375 0.03203125 0.01796875
8 0.446875 0.20625 0.0640625 0.0875
8 0.53125 0.19296875 0.0859375 0.096875
8 0.621875 0.17578125 0.09296875 0.09609375
2 0.809375 0.31171875 0.04296875 0.0390625
8 0.596875 0.3 0.0171875 0.025
2 0.5421875 0.315625 0.01171875 0.0125
2 0.575 0.33515625 0.01640625 0.0140625
2 0.553125 0.3171875 0.0125 0.009375
2 0.59140625 0.3171875 0.021875 0.0265625
2 0.60625 0.33359375 0.01796875 0.0265625
2 0.5703125 0.346875 0.02421875 0.025
2 0.54296875 0.34609375 0.01953125 0.03046875
2 0.5296875 0.32421875 0.01484375 0.01640625
2 0.37890625 0.38671875 0.0296875 0.08359375
2 0.3890625 0.3921875 0.03359375 0.09453125
2 0.5078125 0.32265625 0.0265625 0.02890625
2 0.63203125 0.3375 0.078125 0.078125
2 0.8796875 0.27578125 0.01953125 0.02109375
2 0.6796875 0.403125 0.16875 0.2140625
2 0.4515625 0.42734375 0.13984375 0.184375