7 0.1015625 0.3234375 0.01171875 0.021875
7 0.18515625 0.17890625 0.01015625 0.02109375
7 0.559375 0.26171875 0.009375 0.02109375
7 0.07734375 0.3890625 0.01015625 0.01640625
7 0.7328125 0.39296875 0.01171875 0.02109375
5 0.2390625 0.4640625 0.0171875 0.10390625
5 0.25625 0.45546875 0.01171875 0.07109375
7 0.3046875 0.415625 0.00703125 0.02109375
2 0.278125 0.46484375 0.0421875 0.05546875
2 0.571875 0.46796875 0.040625 0.0875
2 0.61640625 0.48046875 0.05859375 0.10390625
2 0.68046875 0.48125 0.0984375 0.1515625
2 0.83125 0.57890625 0.33203125 0.5140625
2 0.434375 0.60546875 0.39453125 0.44140625
8 0.721875 0.3296875 0.0265625 0.0140625
8 0.7234375 0.2578125 0.01953125 0.04609375
8 0.10390625 0.24921875 0.0234375 0.01640625
7 0.096875 0.3890625 0.01171875 0.02109375
5 0.225 0.446875 0.0078125 0.0265625