2 0.33828125 0.34296875 0.01015625 0.02109375
2 0.33203125 0.353125 0.01171875 0.0484375
2 0.30859375 0.3546875 0.0390625 0.0515625
2 0.3046875 0.3671875 0.03984375 0.05390625
2 0.40625 0.33515625 0.01015625 0.0265625
2 0.4171875 0.33984375 0.0171875 0.034375
2 0.42890625 0.346875 0.01796875 0.04609375
2 0.25 0.378125 0.06875 0.0875
2 0.36875 0.3625 0.0671875 0.10703125
2 0.45 0.35859375 0.03984375 0.05703125
8 0.478125 0.19140625 0.0125 0.03203125
8 0.6109375 0.16328125 0.01484375 0.0359375
7 0.628125 0.221875 0.0203125 0.0390625