7 0.3515625 0.58046875 0.0109375 0.021875
2 0.203125 0.653125 0.04140625 0.075
2 0.16953125 0.65703125 0.04140625 0.090625
2 0.07421875 0.640625 0.05 0.0609375
2 0.1171875 0.66328125 0.0671875 0.09609375
2 0.028125 0.7578125 0.05390625 0.1515625
2 0.33828125 0.659375 0.02734375 0.0875
2 0.2671875 0.6671875 0.10625 0.1390625
2 0.42578125 0.7 0.14296875 0.21796875
2 0.56640625 0.675 0.096875 0.11640625
8 0.55 0.55390625 0.01640625 0.02109375
8 0.5515625 0.5890625 0.0140625 0.021875
5 0.6953125 0.66796875 0.01875 0.109375
2 0.6203125 0.66171875 0.02890625 0.0765625