2 0.4578125 0.36328125 0.025 0.0359375
2 0.4359375 0.359375 0.0265625 0.04453125
7 0.43046875 0.32890625 0.00703125 0.01953125
2 0.4109375 0.36328125 0.03828125 0.0875
2 0.34140625 0.38203125 0.14453125 0.2015625
2 0.209375 0.36796875 0.04921875 0.071875
2 0.17578125 0.375 0.03828125 0.0765625
2 0.121875 0.3765625 0.090625 0.1140625
2 0.4828125 0.3640625 0.02265625 0.01640625
2 0.49921875 0.36171875 0.01328125 0.025
1 0.5171875 0.3515625 0.02890625 0.046875
10 0.56015625 0.35390625 0.0421875 0.065625
10 0.60625 0.35 0.05703125 0.10390625
10 0.6859375 0.35546875 0.0984375 0.1484375
8 0.5609375 0.25546875 0.05 0.02890625
8 0.51015625 0.29921875 0.01796875 0.0109375
7 0.49453125 0.29765625 0.00625 0.01640625
7 0.7875 0.1078125 0.0140625 0.05703125
8 0.6703125 0.07890625 0.0703125 0.02890625
8 0.7125 0.12265625 0.03671875 0.04453125
7 0.60625 0.04921875 0.01875 0.04296875
7 0.5828125 0.0734375 0.0203125 0.05703125
8 0.7796875 0.2375 0.03203125 0.01953125
7 0.8015625 0.275 0.0109375 0.02109375
7 0.7890625 0.278125 0.01171875 0.03203125
5 0.83515625 0.37578125 0.03359375 0.1
7 0.2171875 0.1234375 0.01796875 0.0640625
8 0.1109375 0.1296875 0.071875 0.03359375
8 0.0125 0.03984375 0.0203125 0.01953125
2 0.48125 0.371875 0.02890625 0.0359375