2 0.05078125 0.6953125 0.028125 0.03203125
2 0.08671875 0.690625 0.01875 0.02109375
2 0.1484375 0.690625 0.0421875 0.04296875
2 0.240625 0.675 0.01328125 0.01640625
2 0.259375 0.67265625 0.02109375 0.01640625
2 0.30234375 0.678125 0.009375 0.0109375
2 0.503125 0.65234375 0.02734375 0.0375
2 0.290625 0.67734375 0.00859375 0.02109375
2 0.315625 0.675 0.015625 0.01640625
8 0.321875 0.403125 0.04375 0.028125
8 0.3078125 0.45859375 0.08671875 0.0890625
8 0.309375 0.5234375 0.090625 0.028125
8 0.3890625 0.5546875 0.02265625 0.05703125
8 0.434375 0.61640625 0.0109375 0.0234375
8 0.4109375 0.6453125 0.03203125 0.04296875
8 0.3375 0.65234375 0.015625 0.0125
8 0.29375 0.66484375 0.03203125 0.02109375