2 0.409375 0.575 0.0109375 0.015625
2 0.390625 0.571875 0.01015625 0.015625
2 0.38046875 0.5765625 0.01171875 0.015625
2 0.365625 0.56640625 0.015625 0.04140625
2 0.3609375 0.57421875 0.0140625 0.034375
2 0.3421875 0.58046875 0.02734375 0.0484375
2 0.30625 0.5796875 0.053125 0.071875
2 0.10703125 0.58828125 0.12109375 0.10390625
2 0.1171875 0.5296875 0.03359375 0.02890625
2 0.0484375 0.5625 0.096875 0.134375
2 0.42265625 0.56640625 0.01171875 0.025
2 0.4359375 0.57421875 0.01328125 0.025
2 0.459375 0.57265625 0.0328125 0.065625
2 0.4703125 0.590625 0.025 0.0625
2 0.484375 0.59921875 0.0265625 0.08046875
2 0.51875 0.609375 0.07734375 0.10390625
7 0.18359375 0.17265625 0.0234375 0.09609375
7 0.146875 0.1640625 0.01875 0.084375
8 0.83671875 0.46796875 0.034375 0.0265625
7 0.821875 0.515625 0.01171875 0.03359375
7 0.84921875 0.5203125 0.01796875 0.03203125
2 0.93359375 0.66328125 0.128125 0.1484375