2 0.584375 0.3125 0.02265625 0.05
2 0.6015625 0.31796875 0.0296875 0.05
2 0.61953125 0.32890625 0.0265625 0.05
2 0.6421875 0.32265625 0.03984375 0.05703125
2 0.67578125 0.32265625 0.03671875 0.0625
2 0.73359375 0.325 0.0921875 0.084375
2 0.8078125 0.3296875 0.0671875 0.1
2 0.3515625 0.3046875 0.01484375 0.02109375
2 0.3359375 0.30859375 0.01953125 0.01640625
2 0.3171875 0.309375 0.01953125 0.0234375
2 0.26796875 0.321875 0.01640625 0.01953125
2 0.24921875 0.3265625 0.01953125 0.0265625
2 0.21875 0.3328125 0.03828125 0.04609375
2 0.4203125 0.296875 0.0109375 0.0140625
2 0.440625 0.296875 0.01171875 0.015625
2 0.5390625 0.33671875 0.0859375 0.103125
7 0.50703125 0.22421875 0.01015625 0.025
7 0.4640625 0.26015625 0.00703125 0.01796875