2 0.059375 0.3421875 0.0328125 0.0375
2 0.0796875 0.33828125 0.0140625 0.0265625
2 0.0234375 0.3578125 0.046875 0.06796875
2 0.1203125 0.33046875 0.06171875 0.04296875
2 0.69296875 0.3234375 0.0765625 0.0375
2 0.765625 0.3359375 0.03359375 0.01640625
8 0.1203125 0.25546875 0.021875 0.03046875
8 0.1765625 0.275 0.025 0.0359375
8 0.2578125 0.05390625 0.05078125 0.05390625
8 0.25625 0.1078125 0.0484375 0.06640625
8 0.253125 0.16796875 0.0421875 0.046875
8 0.253125 0.23671875 0.0484375 0.10390625
7 0.015625 0.240625 0.01796875 0.0265625
2 0.32109375 0.31875 0.06796875 0.0375