7 0.375 0.20859375 0.021875 0.065625
7 0.78125 0.1296875 0.025 0.1
7 0.75546875 0.125 0.01640625 0.090625
7 0.59375 0.471875 0.01171875 0.0265625
7 0.1046875 0.38984375 0.021875 0.040625
7 0.0875 0.3890625 0.01015625 0.034375
7 0.64140625 0.440625 0.00546875 0.025
2 0.36171875 0.521875 0.021875 0.06640625
2 0.3296875 0.5203125 0.06171875 0.0859375
2 0.39765625 0.51796875 0.05234375 0.1015625
2 0.2453125 0.51953125 0.115625 0.1484375
2 0.503125 0.5609375 0.1765625 0.278125
2 0.6234375 0.5203125 0.06015625 0.08203125
2 0.7421875 0.515625 0.10859375 0.1109375
7 0.890625 0.378125 0.01640625 0.04296875
7 0.9265625 0.378125 0.03203125 0.04453125