2 0.05 0.65703125 0.09609375 0.20859375
2 0.296875 0.54140625 0.04140625 0.0765625
2 0.4359375 0.553125 0.01875 0.09140625
2 0.45546875 0.54921875 0.01875 0.0515625
2 0.625 0.55625 0.065625 0.10546875
2 0.56328125 0.546875 0.04921875 0.06953125
2 0.534375 0.540625 0.0203125 0.0390625
2 0.475 0.5390625 0.01953125 0.03046875
2 0.5 0.546875 0.03671875 0.05859375
2 0.7296875 0.6015625 0.15 0.153125
2 0.3671875 0.55234375 0.1234375 0.1984375
2 0.2453125 0.5734375 0.10234375 0.11796875
7 0.503125 0.48515625 0.0125 0.021875
7 0.4828125 0.503125 0.00859375 0.01796875
8 0.2125 0.40234375 0.01640625 0.02109375
8 0.9203125 0.31796875 0.03515625 0.08203125