7 0.2734375 0.17109375 0.0171875 0.02890625
7 0.428125 0.1984375 0.0140625 0.0265625
7 0.63125 0.3765625 0.0140625 0.02890625
7 0.0046875 0.3109375 0.0078125 0.021875
7 0.284375 0.4015625 0.01015625 0.02109375
7 0.47421875 0.434375 0.01015625 0.02109375
7 0.0796875 0.415625 0.009375 0.01640625
8 0.51796875 0.240625 0.08203125 0.0390625
8 0.6125 0.3015625 0.03359375 0.02890625
8 0.565625 0.3921875 0.01171875 0.03046875
8 0.590625 0.39453125 0.01640625 0.0265625
8 0.5796875 0.396875 0.0140625 0.01796875
8 0.3984375 0.365625 0.01171875 0.025
8 0.3921875 0.40078125 0.01171875 0.0140625
8 0.5328125 0.43046875 0.0140625 0.0140625
7 0.4328125 0.44453125 0.0078125 0.01640625
2 0.0125 0.43046875 0.025 0.0390625
2 0.3125 0.4515625 0.01640625 0.021875
2 0.2984375 0.45234375 0.01171875 0.025
2 0.3453125 0.45390625 0.01171875 0.02109375
2 0.359375 0.45625 0.0125 0.01640625
2 0.428125 0.459375 0.01640625 0.01796875
8 0.6328125 0.334375 0.0328125 0.02109375