8 0.4109375 0.140625 0.1046875 0.034375
8 0.65625 0.16328125 0.03515625 0.028125
8 0.409375 0.203125 0.15078125 0.1
8 0.615625 0.2140625 0.1265625 0.08203125
8 0.6140625 0.26640625 0.10078125 0.028125
8 0.175 0.359375 0.1046875 0.134375
8 0.3609375 0.3625 0.02734375 0.02109375
8 0.39296875 0.3640625 0.025 0.01640625
8 0.4234375 0.36484375 0.02421875 0.01953125
8 0.45234375 0.36640625 0.02734375 0.01953125
8 0.48125 0.36796875 0.0125 0.021875
8 0.471875 0.4171875 0.01171875 0.01640625
2 0.084375 0.61328125 0.16875 0.53359375
2 0.253125 0.49296875 0.09921875 0.128125
2 0.31328125 0.465625 0.05390625 0.0890625
2 0.34375 0.4640625 0.015625 0.04296875
2 0.35625 0.4578125 0.015625 0.04140625
2 0.584375 0.49609375 0.09765625 0.1140625
2 0.5234375 0.4625 0.03984375 0.04140625
2 0.4921875 0.453125 0.0203125 0.0265625
2 0.41328125 0.45234375 0.05234375 0.07890625
2 0.4484375 0.4421875 0.01875 0.028125