8 0.2 0.5484375 0.040625 0.071875
8 0.346875 0.55 0.0421875 0.07109375
8 0.65 0.5640625 0.01875 0.025
8 0.578125 0.55390625 0.01015625 0.0140625
8 0.5921875 0.565625 0.0140625 0.01953125
2 0.290625 0.571875 0.04453125 0.04140625
2 0.52109375 0.57734375 0.01640625 0.02109375
2 0.4953125 0.58984375 0.0515625 0.07109375
2 0.571875 0.58046875 0.0234375 0.02109375
2 0.6390625 0.58984375 0.0359375 0.04609375
2 0.440625 0.56875 0.01796875 0.015625
2 0.42421875 0.56796875 0.0171875 0.01640625
2 0.4078125 0.565625 0.01640625 0.01640625
2 0.3921875 0.565625 0.0140625 0.01640625
2 0.378125 0.565625 0.0171875 0.01953125
2 0.09375 0.5734375 0.09765625 0.0890625
2 0.0375 0.56953125 0.0515625 0.0859375
2 0.8328125 0.6484375 0.1421875 0.1265625