7 0.46875 0.1265625 0.01953125 0.090625
7 0.4515625 0.13359375 0.0171875 0.0859375
7 0.4859375 0.1328125 0.015625 0.090625
7 0.1234375 0.4078125 0.01796875 0.0390625
8 0.75625 0.30390625 0.01015625 0.02109375
8 0.75703125 0.3421875 0.009375 0.02109375
8 0.7671875 0.37421875 0.02421875 0.025
8 0.76875 0.415625 0.02578125 0.0265625
7 0.775 0.309375 0.0140625 0.0484375
8 0.6015625 0.41953125 0.021875 0.0125
8 0.59140625 0.415625 0.01484375 0.02890625
2 0.578125 0.44140625 0.015625 0.0234375
8 0.325 0.47578125 0.0171875 0.0234375
2 0.4484375 0.48046875 0.03984375 0.0609375
2 0.3859375 0.50390625 0.065625 0.084375
8 0.92265625 0.4203125 0.07421875 0.084375
8 0.79921875 0.3203125 0.03125 0.02109375
8 0.81875 0.42578125 0.0375 0.0515625