2 0.77578125 0.665625 0.42734375 0.41953125
2 0.30390625 0.553125 0.06796875 0.1
2 0.365625 0.53515625 0.01640625 0.01953125
2 0.23515625 0.52109375 0.03125 0.0234375
8 0.496875 0.4890625 0.01640625 0.0390625
8 0.3890625 0.509375 0.0125 0.021875
8 0.434375 0.47109375 0.0125 0.01640625
8 0.428125 0.48359375 0.0125 0.01640625
8 0.40625 0.496875 0.0125 0.0140625
8 0.6015625 0.41875 0.01875 0.02890625
8 0.60625 0.44453125 0.02734375 0.021875
7 0.4109375 0.50859375 0.009375 0.01953125
7 0.3671875 0.4640625 0.00703125 0.021875
7 0.265625 0.4640625 0.01328125 0.01640625
8 0.2625 0.47421875 0.0109375 0.009375
8 0.0109375 0.234375 0.02109375 0.03046875