2 0.4921875 0.39453125 0.0359375 0.05859375
2 0.509375 0.403125 0.03671875 0.0734375
2 0.5546875 0.4203125 0.08046875 0.1
2 0.6640625 0.44765625 0.18359375 0.18203125
2 0.884375 0.5609375 0.2296875 0.4234375
2 0.38671875 0.371875 0.0171875 0.025
2 0.4234375 0.38359375 0.01875 0.01953125
8 0.5125 0.265625 0.02109375 0.0390625
8 0.3140625 0.32109375 0.0203125 0.034375
8 0.371875 0.31953125 0.00703125 0.028125
7 0.4 0.321875 0.00625 0.01796875
8 0.7546875 0.19453125 0.0296875 0.0390625
7 0.4171875 0.35546875 0.009375 0.02109375