2 0.4203125 0.29453125 0.01171875 0.02109375
2 0.4125 0.296875 0.0171875 0.0265625
2 0.4015625 0.3046875 0.0171875 0.0375
2 0.39453125 0.30859375 0.01875 0.040625
2 0.378125 0.31328125 0.0265625 0.05859375
2 0.3453125 0.3234375 0.06328125 0.09453125
2 0.2890625 0.35 0.065625 0.1359375
2 0.21875 0.371875 0.13984375 0.190625
2 0.4515625 0.29921875 0.01171875 0.03046875
2 0.4609375 0.29921875 0.01484375 0.03046875
2 0.4671875 0.303125 0.01484375 0.0375
2 0.4734375 0.3078125 0.01328125 0.04140625
2 0.484375 0.3078125 0.0171875 0.05703125
2 0.5 0.31640625 0.03203125 0.084375
2 0.5234375 0.33125 0.04609375 0.10859375
2 0.55 0.35546875 0.05546875 0.10546875
2 0.615625 0.378125 0.1328125 0.18359375
2 0.81875 0.5125 0.36171875 0.334375
2 0.115625 0.44609375 0.23125 0.2765625
2 0.04765625 0.29453125 0.07890625 0.03046875