2 0.090625 0.42578125 0.11640625 0.08359375
7 0.1828125 0.33359375 0.021875 0.028125
7 0.33046875 0.3671875 0.01328125 0.01953125
8 0.34140625 0.32265625 0.0203125 0.015625
8 0.84375 0.2546875 0.01875 0.015625
8 0.72109375 0.34921875 0.01875 0.0125
7 0.728125 0.37734375 0.01640625 0.02109375
7 0.746875 0.203125 0.01171875 0.04453125
7 0.50078125 0.37265625 0.0109375 0.025
7 0.56328125 0.37734375 0.01171875 0.01640625
7 0.528125 0.39921875 0.01171875 0.0109375
2 0.5234375 0.415625 0.0109375 0.0109375
2 0.4859375 0.42109375 0.0109375 0.0140625
2 0.45703125 0.4203125 0.0234375 0.03359375
2 0.44609375 0.428125 0.01640625 0.03046875
2 0.425 0.4265625 0.02890625 0.04296875
2 0.57265625 0.4171875 0.0140625 0.01640625
2 0.5984375 0.42578125 0.0140625 0.02109375
2 0.609375 0.42890625 0.01875 0.028125
2 0.62421875 0.4296875 0.021875 0.03359375
2 0.6390625 0.43828125 0.02421875 0.0390625
2 0.6703125 0.440625 0.05 0.05546875
2 0.3921875 0.43203125 0.0421875 0.05546875
2 0.534375 0.4203125 0.01328125 0.01953125
2 0.559375 0.4171875 0.0140625 0.0125
2 0.5515625 0.41953125 0.00859375 0.01640625
2 0.925 0.453125 0.08046875 0.053125
7 0.8484375 0.3453125 0.0203125 0.025
7 0.5546875 0.403125 0.009375 0.015625