2 0.359375 0.63203125 0.02734375 0.04609375
2 0.38046875 0.63359375 0.015625 0.05390625
2 0.39609375 0.634375 0.02421875 0.0609375
2 0.4140625 0.646875 0.025 0.06953125
2 0.4515625 0.659375 0.06484375 0.128125
2 0.5046875 0.67265625 0.06875 0.19609375
2 0.71953125 0.7515625 0.42421875 0.496875
2 0.2921875 0.65234375 0.0546875 0.09140625
2 0.2171875 0.7046875 0.09296875 0.20546875
2 0.07265625 0.79296875 0.14375 0.3984375
2 0.3265625 0.63359375 0.0328125 0.059375
2 0.1515625 0.734375 0.153125 0.240625