2 0.5015625 0.51875 0.0171875 0.0265625
7 0.5 0.48125 0.009375 0.01640625
2 0.415625 0.53984375 0.04765625 0.04453125
2 0.5296875 0.53359375 0.0265625 0.034375
2 0.540625 0.52890625 0.0140625 0.03203125
2 0.56171875 0.52734375 0.015625 0.02890625
2 0.3671875 0.54765625 0.0328125 0.0484375
2 0.315625 0.54375 0.07421875 0.06953125
2 0.18203125 0.56875 0.12109375 0.10390625
2 0.075 0.55859375 0.15 0.14140625
2 0.5765625 0.53046875 0.028125 0.03046875
5 0.5921875 0.525 0.0109375 0.04453125
2 0.64609375 0.546875 0.0390625 0.0375
8 0.66875 0.45703125 0.01484375 0.0234375
8 0.7453125 0.43828125 0.0234375 0.046875
8 0.7453125 0.4734375 0.015625 0.015625
2 0.70625 0.55 0.0921875 0.12890625
10 0.8875 0.621875 0.225 0.375
7 0.5078125 0.4984375 0.00859375 0.01953125