2 0.4296875 0.37421875 0.01328125 0.0359375
2 0.40625 0.378125 0.0453125 0.0484375
7 0.3390625 0.309375 0.01328125 0.025
7 0.42265625 0.17109375 0.00859375 0.040625
7 0.43515625 0.17578125 0.01171875 0.04296875
7 0.57578125 0.12890625 0.00859375 0.02109375
7 0.590625 0.11328125 0.009375 0.04453125
8 0.62421875 0.253125 0.021875 0.01953125
8 0.625 0.27734375 0.025 0.021875
7 0.634375 0.303125 0.009375 0.02109375
7 0.771875 0.2515625 0.01328125 0.0359375
8 0.7625 0.13515625 0.03984375 0.03359375
2 0.74375 0.3859375 0.1109375 0.08046875
2 0.875 0.471875 0.24609375 0.346875
2 0.50703125 0.42734375 0.16171875 0.2609375
2 0.2375 0.43828125 0.18203125 0.18359375
2 0.14921875 0.396875 0.075 0.08359375
2 0.084375 0.4765625 0.16875 0.390625
8 0.22890625 0.165625 0.04296875 0.0234375
8 0.2390625 0.140625 0.021875 0.02890625
7 0.221875 0.253125 0.01796875 0.03359375