7 0.56875 0.31796875 0.009375 0.046875
7 0.34375 0.2421875 0.01328125 0.05703125
7 0.55625 0.3203125 0.009375 0.04296875
7 0.35546875 0.2484375 0.01328125 0.05703125
7 0.3328125 0.246875 0.009375 0.0515625
7 0.66484375 0.4359375 0.01328125 0.028125
7 0.30078125 0.4265625 0.00703125 0.025
7 0.9109375 0.3484375 0.015625 0.0359375
7 0.9328125 0.41484375 0.00859375 0.01953125
8 0.89453125 0.31015625 0.03359375 0.0234375
8 0.159375 0.3546875 0.02734375 0.01953125
8 0.146875 0.32109375 0.01640625 0.0234375
8 0.165625 0.3484375 0.015625 0.0625
8 0.653125 0.3890625 0.0203125 0.0234375
8 0.6609375 0.3625 0.01328125 0.00859375
2 0.165625 0.55859375 0.13828125 0.178125
2 0.071875 0.571875 0.14140625 0.2984375
2 0.4109375 0.49375 0.0140625 0.0484375
2 0.40078125 0.4921875 0.01796875 0.046875
2 0.375 0.49609375 0.05546875 0.0625
2 0.603125 0.49609375 0.05 0.07109375
2 0.8953125 0.49609375 0.140625 0.07109375
2 0.484375 0.51953125 0.1296875 0.20703125
2 0.5546875 0.49921875 0.01328125 0.025
5 0.56875 0.49921875 0.01328125 0.06796875