8 0.34296875 0.2140625 0.07265625 0.071875
8 0.490625 0.1703125 0.04140625 0.02109375
8 0.465625 0.2109375 0.0921875 0.0625
8 0.63046875 0.325 0.07265625 0.04296875
8 0.73125 0.33203125 0.07109375 0.0140625
8 0.7265625 0.190625 0.04765625 0.146875
8 0.553125 0.2875 0.00859375 0.0140625
8 0.43359375 0.33984375 0.0171875 0.01796875
8 0.41484375 0.34375 0.02265625 0.01953125
2 0.45390625 0.353125 0.02734375 0.05859375
2 0.3671875 0.3484375 0.0109375 0.0140625
2 0.36875 0.36484375 0.02578125 0.03046875
2 0.43046875 0.3734375 0.0421875 0.05546875
2 0.28515625 0.3734375 0.0265625 0.03046875
2 0.3203125 0.36484375 0.01640625 0.025