7 0.3421875 0.165625 0.01328125 0.05
7 0.52109375 0.07421875 0.01171875 0.0625
7 0.35625 0.16171875 0.01640625 0.05859375
7 0.5390625 0.065625 0.0171875 0.0765625
7 0.7109375 0.26640625 0.01328125 0.028125
7 0.784375 0.1859375 0.01328125 0.04296875
7 0.76796875 0.19375 0.01015625 0.040625
7 0.25 0.3125 0.0140625 0.0234375
8 0.7484375 0.07734375 0.0296875 0.06796875
8 0.734375 0.2046875 0.0171875 0.015625
2 0.3359375 0.37890625 0.05234375 0.0984375
2 0.140625 0.396875 0.1265625 0.09296875
2 0.62578125 0.35 0.10703125 0.09140625
2 0.8140625 0.334375 0.10234375 0.084375
2 0.91015625 0.334375 0.10078125 0.0984375
2 0.9796875 0.33046875 0.03828125 0.084375
2 0.0421875 0.396875 0.08203125 0.2375
2 0.4703125 0.52265625 0.39296875 0.446875