7 0.340625 0.4625 0.0109375 0.0234375
7 0.490625 0.3875 0.01171875 0.02109375
7 0.5859375 0.465625 0.01328125 0.025
8 0.58125 0.384375 0.03359375 0.01953125
8 0.58125 0.41171875 0.0109375 0.0359375
8 0.58125 0.35390625 0.03515625 0.0484375
8 0.7234375 0.38984375 0.021875 0.03046875
2 0.74609375 0.521875 0.05234375 0.04296875
2 0.684375 0.53125 0.071875 0.06796875
2 0.54296875 0.51953125 0.0546875 0.09453125
2 0.2390625 0.546875 0.0921875 0.10703125
2 0.39296875 0.5328125 0.01484375 0.03203125
2 0.12890625 0.57421875 0.19140625 0.1640625
2 0.0328125 0.625 0.06484375 0.15703125
2 0.3765625 0.54453125 0.03203125 0.03046875
2 0.453125 0.56015625 0.12734375 0.19453125
2 0.5953125 0.553125 0.09609375 0.1234375
2 0.84453125 0.66875 0.3109375 0.44140625
1 0.6921875 0.49375 0.16640625 0.06953125