2 0.4453125 0.33828125 0.02109375 0.04140625
2 0.4640625 0.33125 0.0265625 0.0625
2 0.4859375 0.33125 0.0359375 0.0625
2 0.490625 0.3421875 0.01953125 0.0640625
2 0.503125 0.34609375 0.028125 0.084375
10 0.546875 0.38359375 0.08359375 0.125
2 0.625 0.4046875 0.12265625 0.18203125
2 0.753125 0.44765625 0.2671875 0.2484375
2 0.35859375 0.34296875 0.01328125 0.03046875
2 0.35 0.33984375 0.0171875 0.0375
2 0.32734375 0.33671875 0.02734375 0.05390625
2 0.29453125 0.32890625 0.046875 0.09296875
2 0.275 0.33828125 0.046875 0.1
2 0.25 0.34296875 0.05625 0.1140625
2 0.23359375 0.36015625 0.05546875 0.11796875
2 0.1859375 0.37734375 0.090625 0.134375
2 0.0921875 0.38203125 0.18125 0.27890625
2 0.896875 0.55859375 0.20390625 0.375