2 0.1609375 0.5703125 0.2234375 0.2375
2 0.2875 0.56640625 0.09140625 0.134375
2 0.51875 0.559375 0.05078125 0.07109375
2 0.45234375 0.54609375 0.03984375 0.065625
2 0.60390625 0.559375 0.0703125 0.084375
2 0.5765625 0.53984375 0.05859375 0.0890625
2 0.65 0.55234375 0.04453125 0.084375
2 0.8984375 0.63046875 0.14921875 0.14609375
2 0.9796875 0.64765625 0.0375 0.1
2 0.4875 0.5546875 0.0171875 0.034375
2 0.475 0.54453125 0.01171875 0.04140625
2 0.42265625 0.559375 0.0171875 0.03359375
8 0.37109375 0.465625 0.01328125 0.0375
8 0.40859375 0.4625 0.01640625 0.0234375
8 0.8265625 0.4453125 0.01953125 0.009375
8 0.83125 0.4609375 0.02109375 0.009375
8 0.81171875 0.4796875 0.01328125 0.009375
7 0.503125 0.40546875 0.01328125 0.02109375
7 0.6171875 0.43828125 0.00859375 0.02109375
7 0.478125 0.49609375 0.009375 0.0140625
7 0.521875 0.49921875 0.0078125 0.0140625
8 0.3078125 0.41015625 0.0109375 0.028125
7 0.821875 0.5046875 0.01015625 0.01953125
7 0.80546875 0.403125 0.0125 0.02890625
2 0.9734375 0.559375 0.04921875 0.065625
7 0.365625 0.553125 0.00859375 0.0234375
7 0.4265625 0.4859375 0.00859375 0.01953125
8 0.4046875 0.5359375 0.0078125 0.021875
7 0.30703125 0.4671875 0.01015625 0.028125