7 0.45078125 0.3859375 0.009375 0.02890625
7 0.43046875 0.4921875 0.0078125 0.01953125
7 0.6546875 0.36953125 0.01015625 0.04453125
7 0.6453125 0.36875 0.00703125 0.04140625
7 0.99140625 0.4578125 0.01640625 0.0359375
8 0.965625 0.253125 0.05 0.0375
8 0.984375 0.32421875 0.02890625 0.0265625
8 0.984375 0.3640625 0.02890625 0.03359375
8 0.7921875 0.31328125 0.01328125 0.04609375
2 0.5 0.54140625 0.01484375 0.025
2 0.521875 0.559375 0.0359375 0.05859375
2 0.55390625 0.5640625 0.0203125 0.065625
2 0.5875 0.559375 0.0734375 0.125
2 0.6359375 0.55390625 0.03203125 0.04296875
2 0.3453125 0.575 0.08671875 0.1265625
2 0.44296875 0.60546875 0.13359375 0.1984375
2 0.14921875 0.57578125 0.2984375 0.4359375
2 0.79375 0.65234375 0.4125 0.3375
8 0.0796875 0.35546875 0.04609375 0.03203125
8 0.08359375 0.3234375 0.0234375 0.03203125
8 0.703125 0.396875 0.0265625 0.0375
8 0.2515625 0.42578125 0.040625 0.0234375
8 0.759375 0.43125 0.0359375 0.02109375