7 0.22421875 0.228125 0.01953125 0.028125
7 0.3484375 0.49921875 0.0078125 0.00859375
7 0.44296875 0.49375 0.01015625 0.015625
7 0.41328125 0.5265625 0.0078125 0.0109375
7 0.7640625 0.121875 0.02265625 0.0390625
7 0.725 0.096875 0.0265625 0.07890625
7 0.8984375 0.446875 0.02421875 0.0390625
7 0.40078125 0.5375 0.00625 0.0125
8 0.2203125 0.28046875 0.04765625 0.03359375
8 0.346875 0.51484375 0.01328125 0.009375
8 0.90625 0.2 0.046875 0.04296875
8 0.909375 0.34609375 0.04140625 0.02109375
8 0.8984375 0.3734375 0.034375 0.01953125
2 0.3765625 0.565625 0.01484375 0.0234375
2 0.39375 0.56015625 0.01015625 0.01796875
2 0.4171875 0.55625 0.01484375 0.01796875
2 0.4328125 0.55859375 0.015625 0.01953125
2 0.45546875 0.559375 0.0203125 0.02109375
2 0.4875 0.5625 0.0171875 0.03046875
2 0.5109375 0.559375 0.02734375 0.0359375
2 0.6359375 0.56953125 0.065625 0.071875
2 0.6703125 0.57265625 0.05078125 0.0765625
2 0.7046875 0.5734375 0.0640625 0.08203125
2 0.76015625 0.590625 0.0953125 0.0875
7 0.9328125 0.44140625 0.01953125 0.03046875