2 0.9421875 0.84765625 0.11328125 0.29609375
7 0.6890625 0.06484375 0.01640625 0.04609375
7 0.5859375 0.24296875 0.01484375 0.07890625
7 0.46640625 0.45390625 0.0109375 0.02109375
7 0.4453125 0.45859375 0.0125 0.02109375
2 0.525 0.4984375 0.040625 0.046875
2 0.2984375 0.534375 0.084375 0.096875
2 0.4390625 0.47734375 0.0140625 0.01640625
2 0.40234375 0.48125 0.01875 0.01640625
2 0.353125 0.509375 0.03046875 0.0515625
2 0.3875 0.48125 0.0171875 0.02109375
2 0.5015625 0.48125 0.01953125 0.025
7 0.6015625 0.24375 0.01484375 0.075
7 0.571875 0.24375 0.0125 0.065625
2 0.4703125 0.47734375 0.0203125 0.02890625