7 0.5359375 0.14296875 0.0296875 0.121875
7 0.65390625 0.43125 0.00703125 0.01640625
7 0.62578125 0.4265625 0.00625 0.0265625
2 0.28125 0.621875 0.24609375 0.33046875
7 0.3109375 0.43359375 0.01328125 0.02890625
2 0.4890625 0.521875 0.10390625 0.0765625
2 0.621875 0.49609375 0.128125 0.05546875
8 0.8546875 0.365625 0.03515625 0.059375
7 0.9 0.39296875 0.0171875 0.05703125
7 0.93515625 0.3953125 0.03203125 0.06640625
2 0.7703125 0.49609375 0.065625 0.07890625
2 0.7109375 0.48671875 0.03984375 0.05
2 0.6640625 0.48671875 0.02578125 0.01953125
2 0.7375 0.48828125 0.01640625 0.040625
2 0.6421875 0.48671875 0.0109375 0.01640625
2 0.6359375 0.47109375 0.015625 0.0125
2 0.6484375 0.459375 0.00859375 0.01640625
2 0.61015625 0.46484375 0.01484375 0.01953125
8 0.2984375 0.378125 0.01796875 0.02890625