7 0.4125 0.221875 0.01171875 0.04609375
7 0.4078125 0.40234375 0.0078125 0.021875
7 0.315625 0.39765625 0.0109375 0.021875
8 0.321875 0.37734375 0.01640625 0.028125
7 0.58046875 0.37890625 0.01953125 0.025
8 0.565625 0.31796875 0.021875 0.0125
8 0.5703125 0.340625 0.01171875 0.0109375
8 0.55859375 0.196875 0.01640625 0.0140625
8 0.5578125 0.21953125 0.01875 0.0125
7 0.74375 0.32421875 0.0484375 0.04296875
8 0.73046875 0.23046875 0.03671875 0.021875
8 0.271875 0.33359375 0.034375 0.015625
2 0.978125 0.64296875 0.04375 0.128125
2 0.259375 0.46640625 0.01953125 0.021875
2 0.246875 0.46953125 0.02265625 0.025
2 0.2265625 0.46875 0.02265625 0.0390625
2 0.1984375 0.46796875 0.03515625 0.04453125
2 0.13125 0.46875 0.12265625 0.1359375
2 0.346875 0.49140625 0.08203125 0.14453125
2 0.434375 0.5359375 0.17109375 0.22890625
2 0.92421875 0.49375 0.06796875 0.06640625
7 0.42734375 0.22578125 0.01328125 0.0515625