7 0.590625 0.45 0.00546875 0.025
7 0.521875 0.4984375 0.00390625 0.0140625
7 0.471875 0.4921875 0.00390625 0.015625
7 0.478125 0.4953125 0.00546875 0.0140625
7 0.5984375 0.4484375 0.0078125 0.025
7 0.66875 0.525 0.0078125 0.0125
8 0.440625 0.47890625 0.00859375 0.00859375
8 0.6328125 0.4578125 0.02890625 0.01640625
8 0.6671875 0.4796875 0.015625 0.0140625
8 0.55 0.5015625 0.00859375 0.01796875
8 0.496875 0.4984375 0.0078125 0.00703125
2 0.5109375 0.51328125 0.01328125 0.01640625
2 0.521875 0.51484375 0.009375 0.02109375
2 0.5328125 0.51875 0.01328125 0.025
2 0.4703125 0.509375 0.01328125 0.015625
2 0.4671875 0.52109375 0.0203125 0.021875
2 0.4921875 0.53515625 0.0203125 0.028125
2 0.50625 0.553125 0.0296875 0.05
2 0.534375 0.55703125 0.03359375 0.071875
2 0.5609375 0.56796875 0.0421875 0.096875
2 0.671875 0.5921875 0.03359375 0.06953125
2 0.6921875 0.60390625 0.04296875 0.096875
1 0.4921875 0.51171875 0.01875 0.02109375
2 0.465625 0.53046875 0.01875 0.03046875
2 0.609375 0.59453125 0.103125 0.1484375
2 0.840625 0.65 0.3171875 0.33359375