2 0.8765625 0.65234375 0.24609375 0.4125
2 0.05078125 0.50859375 0.09765625 0.23046875
2 0.73515625 0.553125 0.153125 0.16953125
2 0.66015625 0.509375 0.10078125 0.15
2 0.6203125 0.49453125 0.04921875 0.1
2 0.58125 0.48203125 0.07265625 0.1140625
2 0.53984375 0.4671875 0.03828125 0.0515625
2 0.521875 0.47109375 0.0234375 0.01953125
2 0.50625 0.4609375 0.0203125 0.03359375
2 0.49375 0.45625 0.01640625 0.03359375
2 0.38359375 0.45546875 0.0234375 0.0265625
2 0.3515625 0.465625 0.0234375 0.05859375
2 0.325 0.46484375 0.0359375 0.075
2 0.290625 0.4703125 0.03984375 0.09453125
2 0.209375 0.4828125 0.121875 0.12890625
7 0.38671875 0.35078125 0.00703125 0.02890625
7 0.49375 0.35703125 0.00703125 0.03203125
7 0.3953125 0.35078125 0.00546875 0.03203125
7 0.5 0.353125 0.00546875 0.028125
7 0.378125 0.34921875 0.00703125 0.0234375
7 0.4890625 0.35859375 0.0046875 0.034375
2 0.3984375 0.45703125 0.01484375 0.01640625
2 0.409375 0.45 0.009375 0.0265625
2 0.421875 0.446875 0.009375 0.0265625
2 0.48046875 0.45 0.0125 0.0265625
2 0.45390625 0.4515625 0.0109375 0.0140625
2 0.3640625 0.46015625 0.0171875 0.04609375