2 0.17734375 0.6546875 0.1546875 0.15390625
2 0.46015625 0.65546875 0.12109375 0.15703125
2 0.3140625 0.628125 0.078125 0.10546875
2 0.0578125 0.653125 0.1140625 0.14453125
2 0.39375 0.64140625 0.04609375 0.0859375
10 0.3546875 0.6 0.0375 0.0609375
8 0.22734375 0.4703125 0.01328125 0.034375
8 0.5 0.5203125 0.01171875 0.01953125
8 0.44453125 0.55625 0.0125 0.01796875
7 0.5859375 0.575 0.0109375 0.02109375
7 0.53125 0.52578125 0.0109375 0.034375
7 0.48359375 0.5234375 0.0109375 0.02109375
7 0.44296875 0.5171875 0.01484375 0.0265625
7 0.2765625 0.540625 0.009375 0.0125
5 0.621875 0.64765625 0.01796875 0.090625
0 0.65625 0.66328125 0.02265625 0.059375
5 0.6859375 0.61796875 0.01484375 0.0515625
5 0.86796875 0.6171875 0.01484375 0.05859375
5 0.88125 0.61484375 0.02265625 0.05
5 0.59375 0.63515625 0.01171875 0.059375
5 0.584375 0.61484375 0.00703125 0.0234375
8 0.28125 0.51328125 0.01875 0.03046875
2 0.265625 0.62734375 0.0171875 0.04296875