7 0.2703125 0.26328125 0.01015625 0.04296875
7 0.6125 0.3390625 0.0140625 0.02109375
7 0.73125 0.2484375 0.01171875 0.01796875
7 0.49296875 0.3984375 0.01015625 0.0140625
7 0.44375 0.39453125 0.01015625 0.0140625
7 0.2828125 0.26796875 0.0125 0.04609375
8 0.53828125 0.42421875 0.01015625 0.01640625
7 0.0359375 0.234375 0.01640625 0.05390625
2 0.39921875 0.45625 0.01953125 0.034375
2 0.38125 0.459375 0.0171875 0.02890625
2 0.37109375 0.46171875 0.01484375 0.03359375
2 0.4984375 0.44921875 0.009375 0.01640625
2 0.5109375 0.44921875 0.0125 0.025
2 0.521875 0.44921875 0.01875 0.025
2 0.5359375 0.44921875 0.02421875 0.03359375
2 0.54296875 0.45 0.021875 0.0390625
2 0.55625 0.45390625 0.0234375 0.046875
2 0.4828125 0.44921875 0.01953125 0.025
2 0.4546875 0.4453125 0.02109375 0.025
2 0.42734375 0.45859375 0.0359375 0.034375
2 0.575 0.45859375 0.0328125 0.04296875
2 0.35 0.46640625 0.04921875 0.046875
2 0.78125 0.453125 0.08984375 0.06640625
2 0.0375 0.4828125 0.0703125 0.0625
7 0.6171875 0.3921875 0.01171875 0.02109375
8 0.21953125 0.3734375 0.01484375 0.009375
7 0.203125 0.39296875 0.01171875 0.01796875
8 0.390625 0.4234375 0.0078125 0.01640625