2 0.51640625 0.48125 0.01484375 0.02109375
2 0.53125 0.4796875 0.0125 0.021875
2 0.54296875 0.478125 0.0125 0.025
2 0.603125 0.49765625 0.0234375 0.0859375
2 0.503125 0.48671875 0.01015625 0.01796875
2 0.45 0.49609375 0.02265625 0.0265625
2 0.484375 0.490625 0.025 0.02890625
2 0.334375 0.503125 0.034375 0.04296875
1 0.8046875 0.3859375 0.3875 0.77109375
8 0.15625 0.178125 0.0703125 0.1234375
2 0.5875 0.49453125 0.02421875 0.0734375
2 0.571875 0.4875 0.0203125 0.0375
7 0.5265625 0.434375 0.01171875 0.01796875
7 0.49765625 0.4328125 0.00859375 0.025
7 0.4453125 0.4609375 0.00703125 0.015625