7 0.434375 0.33359375 0.009375 0.0234375
7 0.4078125 0.3296875 0.0078125 0.0265625
7 0.4234375 0.365625 0.0078125 0.0234375
7 0.4421875 0.36875 0.0078125 0.01953125
8 0.2609375 0.31015625 0.02109375 0.0140625
8 0.2515625 0.29296875 0.01875 0.0109375
5 0.596875 0.38828125 0.01484375 0.071875
5 0.5859375 0.3953125 0.015625 0.08203125
6 0.3953125 0.38984375 0.015625 0.065625
0 0.396875 0.40859375 0.015625 0.05703125
2 0.3546875 0.38984375 0.0171875 0.0375
2 0.34375 0.39453125 0.01484375 0.046875
2 0.33125 0.39765625 0.0234375 0.0484375
2 0.4625 0.390625 0.01328125 0.03046875
2 0.4703125 0.390625 0.01328125 0.0265625
2 0.47890625 0.3953125 0.01328125 0.03046875
2 0.7421875 0.428125 0.1671875 0.1015625
2 0.15703125 0.40546875 0.1265625 0.09140625
2 0.08203125 0.384375 0.06328125 0.065625
2 0.409375 0.38984375 0.01171875 0.0234375
2 0.4171875 0.390625 0.01171875 0.02109375
2 0.4390625 0.390625 0.01328125 0.02109375
2 0.496875 0.39453125 0.03203125 0.046875
2 0.3015625 0.3984375 0.0515625 0.065625
2 0.0484375 0.446875 0.096875 0.184375
2 0.88671875 0.43515625 0.09921875 0.078125