2 0.353125 0.403125 0.0453125 0.065625
2 0.7484375 0.4046875 0.121875 0.07109375
2 0.40625 0.49140625 0.15078125 0.225
2 0.284375 0.428125 0.10078125 0.109375
2 0.1234375 0.503125 0.24453125 0.3390625
5 0.5171875 0.41328125 0.009375 0.05859375
5 0.5296875 0.40625 0.01328125 0.0640625
5 0.546875 0.40546875 0.0125 0.053125
10 0.4375 0.3640625 0.040625 0.05546875
7 0.3125 0.22578125 0.01328125 0.02890625
7 0.509375 0.078125 0.01171875 0.07109375
7 0.33046875 0.20546875 0.00625 0.01953125
7 0.534375 0.078125 0.0140625 0.0640625
7 0.315625 0.16328125 0.01171875 0.04453125
7 0.6265625 0.26875 0.01328125 0.03046875
7 0.64453125 0.325 0.01015625 0.02109375
7 0.8 0.2140625 0.01171875 0.0359375