7 0.4375 0.55703125 0.01640625 0.059375
7 0.590625 0.5921875 0.009375 0.01796875
7 0.553125 0.60390625 0.00703125 0.02109375
7 0.56171875 0.603125 0.0078125 0.01796875
7 0.5359375 0.62734375 0.0140625 0.02109375
7 0.09375 0.55859375 0.01953125 0.03359375
7 0.90703125 0.44609375 0.01484375 0.05
8 0.2625 0.50859375 0.05 0.07890625
8 0.25703125 0.584375 0.0515625 0.0734375
8 0.440625 0.50390625 0.0171875 0.025
8 0.90859375 0.3890625 0.01640625 0.034375
8 0.353125 0.61484375 0.03203125 0.0640625
8 0.56171875 0.628125 0.0109375 0.01953125