2 0.575 0.5640625 0.053125 0.08359375
2 0.5265625 0.57265625 0.04921875 0.1
2 0.4109375 0.58203125 0.0203125 0.0640625
2 0.3703125 0.59140625 0.08359375 0.1265625
2 0.31015625 0.5609375 0.0359375 0.046875
2 0.25703125 0.565625 0.07109375 0.0625
2 0.2015625 0.5640625 0.053125 0.06640625
10 0.7046875 0.4875 0.19296875 0.26640625
2 0.64921875 0.58515625 0.11171875 0.14296875
2 0.46640625 0.609375 0.11484375 0.17109375
2 0.90546875 0.5796875 0.184375 0.1875
2 0.9453125 0.75078125 0.1046875 0.39296875
2 0.11875 0.6921875 0.23671875 0.50546875