7 0.4328125 0.25703125 0.01328125 0.0765625
7 0.484375 0.5453125 0.00625 0.0125
7 0.4140625 0.54296875 0.0078125 0.0140625
7 0.81875 0.175 0.01796875 0.0875
7 0.7921875 0.1796875 0.03203125 0.09453125
7 0.2828125 0.5421875 0.0078125 0.02109375
2 0.44453125 0.61875 0.01171875 0.015625
2 0.4296875 0.6140625 0.01796875 0.03046875
2 0.409375 0.6171875 0.015625 0.0234375
2 0.396875 0.615625 0.0109375 0.0265625
2 0.3875 0.61640625 0.0171875 0.0359375
2 0.378125 0.61953125 0.021875 0.046875
2 0.3578125 0.6234375 0.03515625 0.071875
2 0.346875 0.63671875 0.03203125 0.06796875
2 0.32421875 0.6375 0.040625 0.09140625
2 0.265625 0.65546875 0.1171875 0.1515625
2 0.4890625 0.61875 0.046875 0.065625
2 0.86796875 0.671875 0.2625 0.2109375
8 0.1140625 0.38984375 0.05390625 0.034375
7 0.64296875 0.5375 0.01171875 0.015625
8 0.559375 0.55546875 0.0125 0.009375
8 0.53671875 0.55546875 0.009375 0.009375
5 0.165625 0.63515625 0.01953125 0.1
5 0.1390625 0.6328125 0.028125 0.115625
5 0.5859375 0.6078125 0.009375 0.040625
5 0.71640625 0.61015625 0.0171875 0.065625
5 0.5609375 0.609375 0.009375 0.03203125
5 0.553125 0.60625 0.00703125 0.034375
7 0.471875 0.584375 0.0078125 0.0140625
7 0.403125 0.56015625 0.00546875 0.015625
7 0.43125 0.5578125 0.00546875 0.0125
7 0.45390625 0.61171875 0.00859375 0.0125
7 0.99375 0.48359375 0.0109375 0.0359375