8 0.58203125 0.40625 0.0234375 0.04296875
8 0.7140625 0.3015625 0.01171875 0.03046875
8 0.515625 0.4359375 0.00859375 0.015625
8 0.515625 0.46015625 0.00859375 0.01640625
7 0.4734375 0.459375 0.00703125 0.015625
7 0.39375 0.4609375 0.0046875 0.01640625
7 0.4046875 0.475 0.00546875 0.02109375
5 0.853125 0.52890625 0.046875 0.165625
5 0.784375 0.528125 0.03671875 0.1390625
2 0.60546875 0.540625 0.11328125 0.125
2 0.55625 0.53125 0.0328125 0.0734375
2 0.475 0.5109375 0.015625 0.0234375
1 0.4390625 0.49609375 0.0234375 0.0484375
2 0.3875 0.51640625 0.0390625 0.04140625
2 0.415625 0.5078125 0.01328125 0.01953125
2 0.5453125 0.521875 0.0515625 0.07109375
2 0.52421875 0.515625 0.0265625 0.05390625
2 0.5109375 0.51328125 0.02578125 0.046875
2 0.49921875 0.5109375 0.01640625 0.03359375
2 0.490625 0.51015625 0.009375 0.02109375