2 0.9109375 0.29765625 0.02265625 0.040625
2 0.92890625 0.29765625 0.03046875 0.040625
2 0.9578125 0.296875 0.0484375 0.0484375
2 0.9828125 0.303125 0.03046875 0.06640625
2 0.8703125 0.328125 0.08046875 0.121875
2 0.02578125 0.4109375 0.0515625 0.06953125
2 0.1859375 0.4953125 0.371875 0.390625
7 0.8515625 0.253125 0.015625 0.028125
7 0.90859375 0.24609375 0.01328125 0.0234375
8 0.925 0.24609375 0.0171875 0.03359375
8 0.75 0.10078125 0.103125 0.15
8 0.465625 0.05078125 0.0828125 0.1015625
8 0.91796875 0.215625 0.0203125 0.028125