7 0.28359375 0.115625 0.02734375 0.115625
7 0.30625 0.12109375 0.02421875 0.096875
7 0.26015625 0.11875 0.01796875 0.10703125
7 0.221875 0.2125 0.01875 0.0765625
7 0.1578125 0.4234375 0.0171875 0.03203125
8 0.06796875 0.45390625 0.0234375 0.009375
2 0.5046875 0.4984375 0.04375 0.040625
2 0.47109375 0.50234375 0.02578125 0.03359375
2 0.55078125 0.496875 0.0578125 0.05390625
2 0.60625 0.490625 0.0625 0.05546875
2 0.4015625 0.5015625 0.025 0.01796875
2 0.44765625 0.49609375 0.01640625 0.0265625
2 0.2875 0.49765625 0.05390625 0.05859375
2 0.2265625 0.52421875 0.10234375 0.0765625
2 0.365625 0.528125 0.0671875 0.06953125