2 0.8421875 0.628125 0.315625 0.55703125
2 0.46171875 0.628125 0.15546875 0.23046875
2 0.31875 0.61328125 0.12734375 0.16796875
2 0.1546875 0.67421875 0.30859375 0.34296875
7 0.421875 0.396875 0.01640625 0.03359375
7 0.56328125 0.35390625 0.0234375 0.0375
7 0.6828125 0.35546875 0.021875 0.04140625
8 0.4953125 0.5 0.0140625 0.025
7 0.1296875 0.46875 0.01640625 0.02890625
7 0.2671875 0.4828125 0.02421875 0.02890625
7 0.6265625 0.4875 0.01953125 0.02109375
7 0.60859375 0.509375 0.01328125 0.021875
7 0.7015625 0.4546875 0.01484375 0.025
8 0.39609375 0.503125 0.01484375 0.02890625
7 0.315625 0.4328125 0.0171875 0.04140625
2 0.66875 0.58671875 0.1734375 0.259375