2 0.278125 0.4859375 0.0234375 0.034375
8 0.52578125 0.434375 0.0171875 0.025
8 0.84609375 0.20546875 0.05546875 0.0390625
8 0.83984375 0.25546875 0.01953125 0.040625
7 0.884375 0.334375 0.0296875 0.04609375
7 0.865625 0.33828125 0.0171875 0.040625
7 0.4984375 0.159375 0.01796875 0.03203125
7 0.3859375 0.18125 0.02265625 0.040625
8 0.3109375 0.196875 0.03671875 0.04140625
7 0.1125 0.109375 0.05703125 0.09609375
7 0.365625 0.353125 0.0171875 0.03046875
7 0.0875 0.2234375 0.0171875 0.01640625
8 0.40234375 0.428125 0.0078125 0.02890625
8 0.4015625 0.453125 0.00859375 0.02109375
8 0.546875 0.478125 0.00703125 0.0125