2 0.071875 0.42265625 0.10703125 0.08359375
2 0.3921875 0.41953125 0.0578125 0.08359375
2 0.4890625 0.4359375 0.07421875 0.078125
2 0.28984375 0.409375 0.03046875 0.0359375
2 0.8625 0.47890625 0.2703125 0.28203125
2 0.2140625 0.4125 0.05078125 0.0515625
2 0.6765625 0.453125 0.13046875 0.13046875
2 0.596875 0.44453125 0.09765625 0.103125
2 0.5515625 0.440625 0.0515625 0.09296875
2 0.446875 0.4171875 0.0203125 0.02890625
2 0.24453125 0.40703125 0.01328125 0.04140625
2 0.2578125 0.403125 0.0125 0.0375
2 0.1375 0.41015625 0.0578125 0.071875
7 0.31875 0.35 0.01015625 0.02109375
7 0.3984375 0.3625 0.00859375 0.02109375
8 0.29375 0.346875 0.02265625 0.009375
8 0.478125 0.3625 0.0109375 0.0140625