7 0.30078125 0.43828125 0.009375 0.02890625
7 0.35 0.4390625 0.00859375 0.028125
7 0.4546875 0.43828125 0.00703125 0.034375
7 0.5203125 0.4453125 0.009375 0.028125
8 0.4796875 0.434375 0.02421875 0.015625
2 0.3859375 0.50234375 0.0140625 0.034375
2 0.21328125 0.503125 0.07890625 0.09140625
2 0.4078125 0.5125 0.034375 0.04140625
2 0.4328125 0.4859375 0.01640625 0.021875
2 0.4515625 0.534375 0.065625 0.09140625
2 0.58671875 0.55859375 0.0921875 0.121875
2 0.83828125 0.7140625 0.3234375 0.47890625
8 0.86640625 0.1484375 0.0375 0.11640625
8 0.5453125 0.41015625 0.01640625 0.02890625
2 0.55703125 0.5203125 0.11171875 0.13359375
2 0.11875 0.49296875 0.0390625 0.0375