2 0.34453125 0.49140625 0.1375 0.165625
2 0.4296875 0.49453125 0.03984375 0.10390625
2 0.765625 0.4671875 0.18515625 0.14140625
7 0.34375 0.29609375 0.01796875 0.0625
7 0.778125 0.05 0.03203125 0.096875
7 0.33125 0.30078125 0.00859375 0.053125
7 0.35703125 0.2953125 0.009375 0.05859375
7 0.746875 0.0546875 0.02421875 0.090625
7 0.79375 0.05078125 0.01328125 0.0875
8 0.621875 0.4734375 0.01328125 0.021875
8 0.75390625 0.41953125 0.021875 0.040625
8 0.2265625 0.39609375 0.021875 0.01796875
2 0.534375 0.46015625 0.025 0.0359375