7 0.45 0.315625 0.0109375 0.028125
7 0.6234375 0.340625 0.0109375 0.025
7 0.459375 0.31484375 0.00703125 0.03046875
7 0.51015625 0.36953125 0.00703125 0.0265625
7 0.48125 0.3703125 0.00859375 0.01953125
7 0.38984375 0.396875 0.009375 0.015625
8 0.3484375 0.34921875 0.009375 0.01640625
8 0.39453125 0.371875 0.0171875 0.0109375
8 0.409375 0.384375 0.01484375 0.021875
8 0.43046875 0.3859375 0.00859375 0.01640625
2 0.40078125 0.446875 0.05625 0.0734375
2 0.3671875 0.4359375 0.02421875 0.05703125
2 0.334375 0.440625 0.0546875 0.0734375
2 0.278125 0.45546875 0.09375 0.09609375
5 0.2171875 0.453125 0.02109375 0.09609375
5 0.19375 0.434375 0.01796875 0.08203125
5 0.12890625 0.453125 0.01953125 0.115625
5 0.153125 0.446875 0.0125 0.078125
2 0.05 0.51640625 0.1 0.1796875
2 0.515625 0.43203125 0.03203125 0.065625
2 0.540625 0.41796875 0.01796875 0.03203125
2 0.553125 0.428125 0.01953125 0.04609375
2 0.5859375 0.43046875 0.04296875 0.06640625
2 0.4640625 0.440625 0.08046875 0.13359375
2 0.65625 0.446875 0.1234375 0.18203125
0 0.7921875 0.46875 0.0375 0.0859375
6 0.790625 0.43203125 0.0234375 0.12109375
5 0.8515625 0.4296875 0.0234375 0.10859375
5 0.8828125 0.41015625 0.021875 0.11640625