8 0.16875 0.353125 0.02265625 0.05546875
8 0.2890625 0.40703125 0.03046875 0.0140625
8 0.31484375 0.47890625 0.009375 0.021875
8 0.5 0.45546875 0.02890625 0.01640625
8 0.5640625 0.4375 0.01484375 0.01953125
8 0.66953125 0.4265625 0.01328125 0.0140625
8 0.534375 0.465625 0.01171875 0.01640625
8 0.071875 0.39921875 0.0265625 0.04296875
8 0.23125 0.415625 0.015625 0.00859375
7 0.2296875 0.459375 0.0109375 0.01953125
7 0.3421875 0.4125 0.01171875 0.025
7 0.50625 0.42578125 0.0078125 0.021875
0 0.06484375 0.57109375 0.02421875 0.05
5 0.0546875 0.534375 0.01875 0.078125
2 0.19375 0.634375 0.24921875 0.2875
2 0.4203125 0.56640625 0.07421875 0.1
2 0.55625 0.56328125 0.08359375 0.14140625
2 0.31875 0.5484375 0.0703125 0.08203125
2 0.36015625 0.53828125 0.03046875 0.078125
2 0.5078125 0.54453125 0.03828125 0.0515625
2 0.3921875 0.5203125 0.0234375 0.0234375
2 0.88984375 0.59765625 0.14609375 0.1484375
2 0.790625 0.59140625 0.121875 0.1125
2 0.7140625 0.56953125 0.09140625 0.103125
2 0.61953125 0.5546875 0.05390625 0.090625
2 0.65625 0.553125 0.0359375 0.0609375
10 0.45859375 0.5046875 0.03046875 0.046875