2 0.1203125 0.46484375 0.2375 0.334375
2 0.9234375 0.5421875 0.13515625 0.22890625
2 0.7921875 0.48203125 0.26171875 0.26640625
2 0.2421875 0.45703125 0.14609375 0.171875
2 0.55078125 0.434375 0.06796875 0.078125
2 0.615625 0.446875 0.05703125 0.11640625
2 0.6578125 0.4578125 0.10703125 0.15703125
8 0.1859375 0.228125 0.0296875 0.034375
8 0.19140625 0.29296875 0.04921875 0.09453125
8 0.7046875 0.30625 0.0515625 0.0875
2 0.428125 0.453125 0.071875 0.1125
2 0.46484375 0.44765625 0.0109375 0.0734375
2 0.33125 0.45703125 0.059375 0.09296875
2 0.365625 0.45078125 0.03046875 0.065625
2 0.37578125 0.43515625 0.0359375 0.059375
2 0.49765625 0.434375 0.01796875 0.040625