8 0.7109375 0.36484375 0.034375 0.03046875
8 0.51484375 0.45078125 0.01796875 0.03359375
2 0.36875 0.509375 0.0234375 0.046875
2 0.35703125 0.51640625 0.01875 0.04453125
2 0.3421875 0.52109375 0.02890625 0.05
2 0.33125 0.525 0.02421875 0.0640625
2 0.30703125 0.53046875 0.06015625 0.090625
2 0.26953125 0.546875 0.07109375 0.10546875
2 0.23125 0.5640625 0.0875 0.1265625
2 0.43828125 0.51328125 0.0203125 0.03203125
2 0.46015625 0.5203125 0.02421875 0.0484375
2 0.46875 0.52734375 0.0265625 0.05
2 0.4796875 0.53828125 0.03046875 0.05703125
2 0.50390625 0.5453125 0.04375 0.0734375
2 0.53203125 0.55625 0.05625 0.090625
2 0.5796875 0.578125 0.09296875 0.1234375
2 0.65625 0.615625 0.15078125 0.190625
2 0.8234375 0.7125 0.34921875 0.378125
2 0.109375 0.59140625 0.21640625 0.2375
2 0.034375 0.690625 0.06875 0.175
7 0.4265625 0.45234375 0.00625 0.028125
7 0.371875 0.4453125 0.00625 0.028125
2 0.403125 0.515625 0.02109375 0.03203125