2 0.49375 0.3421875 0.01796875 0.0265625
2 0.5125 0.353125 0.021875 0.02890625
2 0.590625 0.38828125 0.03984375 0.0609375
2 0.634375 0.39453125 0.0625 0.0875
2 0.6890625 0.39609375 0.10078125 0.11953125
2 0.75703125 0.4125 0.14453125 0.1484375
2 0.37578125 0.36328125 0.021875 0.02890625
2 0.3671875 0.365625 0.02578125 0.02890625
2 0.3453125 0.3796875 0.03828125 0.0484375
2 0.4203125 0.36875 0.0375 0.04140625
2 0.53984375 0.3984375 0.065625 0.090625
2 0.05 0.446875 0.09921875 0.17890625
7 0.4046875 0.30234375 0.0109375 0.02890625
7 0.4984375 0.278125 0.01328125 0.02890625
7 0.359375 0.26796875 0.0125 0.03359375
7 0.3484375 0.2671875 0.009375 0.0359375
7 0.3890625 0.2984375 0.009375 0.021875
8 0.38828125 0.27578125 0.0109375 0.0234375
8 0.56796875 0.303125 0.01796875 0.0125
8 0.50625 0.30859375 0.0109375 0.021875
8 0.8734375 0.18203125 0.0453125 0.05546875
8 0.875 0.22578125 0.04609375 0.03203125
7 0.2375 0.3390625 0.01640625 0.0234375
8 0.615625 0.284375 0.01796875 0.01640625
2 0.3875 0.35625 0.01875 0.0265625