7 0.24375 0.3421875 0.01015625 0.0359375
7 0.675 0.321875 0.0140625 0.06953125
7 0.6953125 0.428125 0.0140625 0.0359375
7 0.6671875 0.43203125 0.0125 0.0390625
7 0.6609375 0.371875 0.015625 0.03203125
7 0.6015625 0.48671875 0.00625 0.015625
8 0.24765625 0.44140625 0.015625 0.04296875
8 0.2515625 0.54140625 0.01171875 0.01796875
8 0.2515625 0.56171875 0.01015625 0.01640625
8 0.3796875 0.49296875 0.009375 0.00703125
8 0.490625 0.48671875 0.01796875 0.009375
7 0.5109375 0.4859375 0.00390625 0.01796875
8 0.38125 0.50625 0.00625 0.015625
2 0.090625 0.57734375 0.0578125 0.05
2 0.1453125 0.5671875 0.071875 0.05390625
2 0.2640625 0.56640625 0.0484375 0.0375
2 0.6265625 0.53671875 0.02109375 0.03359375
2 0.58203125 0.53515625 0.0265625 0.028125
2 0.325 0.5609375 0.05234375 0.0375
2 0.5578125 0.534375 0.0203125 0.021875
2 0.5265625 0.52734375 0.0421875 0.05