8 0.4609375 0.1328125 0.13515625 0.22890625
8 0.13125 0.071875 0.2625 0.1390625
8 0.89140625 0.365625 0.09765625 0.1484375
8 0.896875 0.43984375 0.03046875 0.05390625
8 0.89609375 0.359375 0.0359375 0.0859375
8 0.51796875 0.4828125 0.01796875 0.02890625
8 0.525 0.51015625 0.009375 0.01640625
8 0.54609375 0.521875 0.00859375 0.01796875
8 0.5765625 0.515625 0.009375 0.02109375
5 0.59921875 0.5546875 0.0078125 0.0375
8 0.49765625 0.50390625 0.01171875 0.00703125
5 0.5875 0.5578125 0.00703125 0.0390625
7 0.4859375 0.50390625 0.00390625 0.0140625
7 0.478125 0.509375 0.00390625 0.01640625
7 0.46875 0.50703125 0.00625 0.01953125
7 0.45078125 0.496875 0.0046875 0.01796875
2 0.5 0.515625 0.01171875 0.01640625
2 0.434375 0.5375 0.01328125 0.01953125
2 0.4515625 0.57890625 0.05234375 0.07109375
2 0.490625 0.55703125 0.02109375 0.025