7 0.3125 0.41484375 0.0140625 0.05703125
7 0.5828125 0.4375 0.015625 0.046875
7 0.5390625 0.5453125 0.009375 0.01953125
7 0.525 0.534375 0.01171875 0.015625
7 0.5109375 0.546875 0.00703125 0.01953125
7 0.4921875 0.52421875 0.00703125 0.02109375
7 0.8859375 0.48203125 0.01328125 0.04296875
7 0.46328125 0.5296875 0.00859375 0.0234375
7 0.440625 0.52890625 0.009375 0.02109375
7 0.428125 0.54921875 0.00703125 0.01953125
7 0.18515625 0.51875 0.0109375 0.02109375
8 0.25703125 0.428125 0.04921875 0.0234375
8 0.47578125 0.52890625 0.01640625 0.01640625
8 0.571875 0.5015625 0.03984375 0.034375
8 0.6015625 0.503125 0.0109375 0.01640625
8 0.6015625 0.53125 0.01171875 0.02109375
8 0.6765625 0.45390625 0.02265625 0.02890625
2 0.4328125 0.58984375 0.02265625 0.0265625
2 0.49453125 0.590625 0.02265625 0.03203125
2 0.53828125 0.58203125 0.01640625 0.028125
2 0.55625 0.5734375 0.0203125 0.040625
2 0.6140625 0.590625 0.021875 0.0359375
2 0.63828125 0.6 0.046875 0.0515625
2 0.77109375 0.61484375 0.12265625 0.17109375
2 0.07109375 0.63046875 0.109375 0.10390625
7 0.1 0.35625 0.01953125 0.0765625
7 0.328125 0.4125 0.01171875 0.0484375
8 0.71953125 0.49921875 0.02265625 0.0265625
2 0.4734375 0.58125 0.01640625 0.02890625
2 0.521875 0.5875 0.0203125 0.02890625