7 0.6875 0.10234375 0.01015625 0.0609375
7 0.54453125 0.1921875 0.00859375 0.04140625
7 0.70234375 0.109375 0.015625 0.05859375
7 0.6765625 0.1046875 0.0125 0.0609375
7 0.553125 0.19765625 0.00859375 0.0390625
7 0.534375 0.19609375 0.00703125 0.04296875
7 0.09296875 0.359375 0.0125 0.0265625
2 0.8140625 0.409375 0.0171875 0.03046875
2 0.7890625 0.40703125 0.0265625 0.03046875
2 0.7578125 0.39921875 0.02421875 0.015625
2 0.725 0.41796875 0.02890625 0.040625
2 0.7703125 0.43203125 0.03671875 0.04140625
5 0.70234375 0.421875 0.01875 0.071875
2 0.49453125 0.5234375 0.35859375 0.525
2 0.1640625 0.590625 0.32734375 0.3765625
5 0.2671875 0.396875 0.01328125 0.01953125
5 0.18125 0.39921875 0.0109375 0.0234375
5 0.16484375 0.396875 0.00859375 0.021875
5 0.1375 0.4015625 0.01015625 0.0234375
5 0.10546875 0.40859375 0.0125 0.03359375
2 0.878125 0.6234375 0.2421875 0.65546875