8 0.2921875 0.47265625 0.01953125 0.021875
8 0.4671875 0.51953125 0.01953125 0.028125
8 0.49375 0.571875 0.01875 0.04296875
8 0.5453125 0.390625 0.0125 0.01640625
8 0.6234375 0.3890625 0.02578125 0.034375
8 0.65078125 0.38671875 0.02109375 0.0375
7 0.1890625 0.50546875 0.0109375 0.03046875
7 0.29921875 0.428125 0.0109375 0.0359375
7 0.34375 0.4203125 0.009375 0.034375
7 0.4625 0.38515625 0.01015625 0.02890625
7 0.5296875 0.40078125 0.0109375 0.034375
7 0.5703125 0.4 0.0109375 0.02890625
7 0.6765625 0.459375 0.01015625 0.02890625
8 0.675 0.390625 0.0125 0.02109375
8 0.675 0.41953125 0.0140625 0.01953125
8 0.25078125 0.54921875 0.01953125 0.0375
2 0.1546875 0.5734375 0.03203125 0.03046875
2 0.41875 0.54140625 0.01875 0.0359375
2 0.43984375 0.540625 0.0265625 0.040625
10 0.54609375 0.49921875 0.078125 0.13359375
2 0.28984375 0.57578125 0.06171875 0.08359375
2 0.375 0.553125 0.084375 0.121875
2 0.5765625 0.5453125 0.0921875 0.10859375
2 0.8875 0.5359375 0.21328125 0.18203125
2 0.984375 0.62265625 0.0296875 0.1515625