2 0.040625 0.5734375 0.08046875 0.19296875
2 0.15625 0.54453125 0.15078125 0.1625
2 0.240625 0.534375 0.0515625 0.0859375
2 0.6359375 0.515625 0.06640625 0.0890625
2 0.5578125 0.503125 0.03515625 0.0515625
2 0.3703125 0.50390625 0.0484375 0.05
2 0.396875 0.50078125 0.01640625 0.0390625
2 0.4078125 0.49765625 0.01796875 0.03046875
2 0.42421875 0.496875 0.021875 0.03359375
10 0.4375 0.48125 0.03828125 0.05
2 0.590625 0.5125 0.034375 0.0625
2 0.509375 0.5 0.0203125 0.03046875
8 0.47265625 0.4578125 0.021875 0.025
8 0.796875 0.3421875 0.04609375 0.0375
2 0.5265625 0.50234375 0.009375 0.03359375
2 0.4859375 0.503125 0.0140625 0.01796875
10 0.4640625 0.4953125 0.01171875 0.03046875