2 0.134375 0.7453125 0.11328125 0.09140625
2 0.46171875 0.6796875 0.06796875 0.1
2 0.559375 0.665625 0.03125 0.05
2 0.27578125 0.70859375 0.0609375 0.059375
2 0.37109375 0.696875 0.03828125 0.02890625
2 0.41875 0.684375 0.0265625 0.02890625
2 0.51015625 0.66015625 0.02421875 0.0265625
2 0.6109375 0.66796875 0.0234375 0.04609375
2 0.6328125 0.66015625 0.021875 0.059375
2 0.77421875 0.65 0.1546875 0.1765625
2 0.6859375 0.659375 0.05703125 0.12890625
2 0.65703125 0.65546875 0.0375 0.09140625
7 0.534375 0.59921875 0.00546875 0.025
7 0.4140625 0.603125 0.0046875 0.02890625
7 0.56953125 0.61875 0.00703125 0.021875