8 0.425 0.459375 0.0234375 0.0515625
8 0.7515625 0.428125 0.03203125 0.034375
8 0.7578125 0.33359375 0.0484375 0.05703125
8 0.765625 0.3875 0.0234375 0.0234375
2 0.72578125 0.565625 0.01953125 0.028125
2 0.709375 0.56640625 0.01875 0.03046875
2 0.6953125 0.5734375 0.0171875 0.034375
2 0.678125 0.5734375 0.0265625 0.040625
2 0.584375 0.5890625 0.03515625 0.0515625
2 0.553125 0.590625 0.04453125 0.065625
2 0.5171875 0.59375 0.03671875 0.0609375
2 0.6484375 0.58046875 0.04375 0.05859375
2 0.465625 0.59453125 0.0765625 0.09140625
2 0.1875 0.6375 0.08359375 0.0875
2 0.134375 0.6421875 0.06171875 0.07890625
2 0.046875 0.6578125 0.0921875 0.09609375