7 0.31875 0.528125 0.00703125 0.02109375
7 0.37734375 0.53515625 0.003125 0.01640625
8 0.30234375 0.5234375 0.009375 0.01640625
8 0.2515625 0.49375 0.01796875 0.02890625
8 0.4 0.55078125 0.0078125 0.00703125
8 0.39375 0.5453125 0.00859375 0.015625
2 0.2234375 0.55859375 0.034375 0.04453125
2 0.2375 0.57109375 0.02578125 0.0359375
2 0.1671875 0.578125 0.03828125 0.0375
2 0.4296875 0.57109375 0.04296875 0.08359375
10 0.35 0.553125 0.05078125 0.10859375
2 0.4859375 0.596875 0.0890625 0.11953125
8 0.1484375 0.428125 0.021875 0.04609375
2 0.03046875 0.5796875 0.03671875 0.046875