2 0.425 0.37421875 0.015625 0.01953125
2 0.45859375 0.38203125 0.03984375 0.059375
2 0.365625 0.384375 0.0296875 0.025
2 0.40078125 0.3796875 0.021875 0.02109375
2 0.26484375 0.390625 0.04140625 0.05390625
5 0.29375 0.384375 0.009375 0.03359375
2 0.4859375 0.371875 0.01875 0.02890625
2 0.5453125 0.38203125 0.03203125 0.0390625
2 0.5765625 0.384375 0.021875 0.05546875
2 0.61640625 0.378125 0.06015625 0.071875
8 0.5625 0.28515625 0.01328125 0.0234375
8 0.5640625 0.31171875 0.01171875 0.02890625
7 0.55546875 0.128125 0.0140625 0.040625
7 0.53359375 0.1015625 0.009375 0.025
8 0.68359375 0.24765625 0.021875 0.01640625
8 0.6828125 0.1203125 0.034375 0.0125
7 0.7 0.28984375 0.0140625 0.0234375
7 0.478125 0.3171875 0.00859375 0.01953125
7 0.3828125 0.321875 0.009375 0.01640625
8 0.0203125 0.303125 0.0296875 0.01640625
7 0.009375 0.3203125 0.01796875 0.025
2 0.509375 0.37109375 0.0171875 0.03046875
2 0.33046875 0.39921875 0.03359375 0.03359375