7 0.590625 0.503125 0.009375 0.0234375
7 0.65 0.496875 0.01015625 0.0234375
7 0.7328125 0.4875 0.0078125 0.028125
7 0.753125 0.5171875 0.0078125 0.01953125
7 0.5875 0.553125 0.0078125 0.015625
7 0.5484375 0.52734375 0.009375 0.01640625
7 0.64375 0.503125 0.0078125 0.02109375
7 0.5890625 0.52578125 0.009375 0.01953125
7 0.94765625 0.4109375 0.03046875 0.053125
7 0.921875 0.3328125 0.0171875 0.05859375
8 0.5609375 0.47890625 0.0078125 0.02109375
8 0.3609375 0.45625 0.0140625 0.0484375
8 0.36796875 0.4921875 0.0140625 0.034375
8 0.3578125 0.4953125 0.0171875 0.03203125
8 0.93828125 0.4890625 0.028125 0.046875
8 0.5484375 0.509375 0.01015625 0.0109375
8 0.5671875 0.4921875 0.01015625 0.034375
8 0.71875 0.5546875 0.00703125 0.01640625
2 0.509375 0.56875 0.01640625 0.034375
2 0.4859375 0.56796875 0.03515625 0.03046875
2 0.709375 0.5875 0.01171875 0.028125
2 0.6890625 0.58984375 0.04140625 0.0609375
2 0.84921875 0.5984375 0.03046875 0.028125
2 0.79765625 0.584375 0.0375 0.04296875
2 0.56015625 0.58671875 0.0828125 0.09296875
2 0.6421875 0.58671875 0.0703125 0.075
2 0.6046875 0.578125 0.01484375 0.03046875
2 0.74140625 0.5953125 0.0453125 0.0609375
5 0.875 0.60859375 0.01640625 0.075
5 0.8265625 0.60625 0.015625 0.0640625
7 0.72421875 0.48671875 0.00625 0.02109375