7 0.3296875 0.303125 0.01328125 0.0234375
7 0.44375 0.25703125 0.01171875 0.034375
7 0.525 0.246875 0.01171875 0.0375
7 0.7140625 0.2125 0.009375 0.040625
7 0.778125 0.2640625 0.01171875 0.040625
7 0.821875 0.2515625 0.0171875 0.028125
7 0.31875 0.32265625 0.0109375 0.02109375
7 0.71328125 0.31796875 0.01328125 0.0265625
7 0.45 0.3203125 0.0078125 0.0265625
7 0.259375 0.30078125 0.01328125 0.028125
8 0.3328125 0.28046875 0.01875 0.01640625
8 0.325 0.26328125 0.0109375 0.01953125
8 0.3921875 0.25859375 0.02890625 0.01953125
8 0.3796875 0.31953125 0.009375 0.01953125
8 0.38125 0.3390625 0.0109375 0.01640625
8 0.7203125 0.271875 0.01953125 0.028125
8 0.5625 0.3109375 0.03046875 0.0265625
8 0.6015625 0.31796875 0.009375 0.0265625
8 0.434375 0.31953125 0.015625 0.0140625
8 0.17890625 0.24765625 0.02734375 0.0484375
5 0.815625 0.4015625 0.025 0.07890625
5 0.88828125 0.38359375 0.02265625 0.071875
2 0.48984375 0.365625 0.01484375 0.03359375
2 0.50703125 0.37421875 0.03046875 0.0484375
2 0.52421875 0.3828125 0.03046875 0.084375
2 0.61328125 0.37890625 0.01875 0.0484375
2 0.653125 0.3828125 0.01875 0.03359375
2 0.671875 0.3765625 0.02734375 0.0484375
2 0.6875 0.3859375 0.02734375 0.04453125
2 0.7625 0.39765625 0.0328125 0.0484375
2 0.446875 0.41171875 0.0859375 0.1234375
2 0.565625 0.39765625 0.0921875 0.14296875
2 0.88828125 0.5375 0.22265625 0.4265625