7 0.36953125 0.353125 0.0140625 0.0609375
7 0.30625 0.471875 0.00859375 0.03046875
7 0.7765625 0.42421875 0.0125 0.028125
7 0.646875 0.48671875 0.01328125 0.021875
8 0.0875 0.503125 0.01015625 0.015625
8 0.303125 0.56875 0.01328125 0.01953125
8 0.740625 0.4125 0.009375 0.0234375
2 0.1015625 0.56328125 0.0359375 0.0234375
2 0.03359375 0.57265625 0.01875 0.015625
2 0.1296875 0.5640625 0.01875 0.015625
2 0.153125 0.56484375 0.00625 0.0109375
2 0.17890625 0.565625 0.01875 0.0140625
2 0.21796875 0.56328125 0.0109375 0.00859375
2 0.23671875 0.5640625 0.02109375 0.015625
2 0.28125 0.5625 0.03203125 0.021875
2 0.503125 0.5671875 0.0265625 0.03203125
2 0.9234375 0.60078125 0.153125 0.1359375
7 0.5578125 0.078125 0.028125 0.1265625
7 0.59921875 0.384375 0.0234375 0.128125