7 0.24375 0.25546875 0.01640625 0.028125
7 0.36875 0.2484375 0.01328125 0.034375
7 0.3859375 0.296875 0.01171875 0.01640625
7 0.709375 0.3125 0.00859375 0.01640625
7 0.378125 0.25078125 0.0109375 0.0390625
7 0.446875 0.284375 0.0109375 0.03203125
7 0.51640625 0.2859375 0.01640625 0.040625
7 0.8625 0.2890625 0.0140625 0.02109375
7 0.4609375 0.33984375 0.0109375 0.015625
7 0.16796875 0.2984375 0.0109375 0.01953125
7 0.2421875 0.33203125 0.009375 0.01640625
8 0.2390625 0.303125 0.01171875 0.02109375
8 0.4625 0.32265625 0.025 0.025
8 0.4875 0.33046875 0.02265625 0.03203125
8 0.5046875 0.33046875 0.0203125 0.028125
8 0.7078125 0.27578125 0.01640625 0.025
8 0.596875 0.31328125 0.015625 0.015625
2 0.55078125 0.36796875 0.025 0.04296875
2 0.4515625 0.36796875 0.01640625 0.025
2 0.44375 0.3828125 0.0140625 0.0390625
2 0.4234375 0.38203125 0.02734375 0.04453125
2 0.346875 0.38046875 0.0296875 0.0390625
2 0.3234375 0.37421875 0.02421875 0.0390625
2 0.296875 0.384375 0.01953125 0.025
2 0.278125 0.3890625 0.02265625 0.02890625
2 0.5 0.4203125 0.1234375 0.1640625
2 0.259375 0.3984375 0.01796875 0.040625
2 0.22734375 0.39296875 0.0453125 0.0640625