7 0.2734375 0.521875 0.00859375 0.01640625
7 0.41796875 0.57578125 0.0078125 0.015625
7 0.475 0.525 0.01171875 0.0265625
7 0.48203125 0.56796875 0.00859375 0.01953125
5 0.6203125 0.634375 0.028125 0.11953125
5 0.56796875 0.61015625 0.009375 0.028125
5 0.56015625 0.6140625 0.00859375 0.025
5 0.59921875 0.61796875 0.0109375 0.0359375
5 0.5890625 0.6109375 0.00859375 0.03359375
8 0.2140625 0.546875 0.0203125 0.009375
8 0.2234375 0.53125 0.0203125 0.0125
8 0.64375 0.45859375 0.0125 0.028125
8 0.6515625 0.496875 0.01171875 0.0484375
8 0.6359375 0.4953125 0.009375 0.03359375
8 0.5484375 0.525 0.0109375 0.0390625
8 0.565625 0.565625 0.00703125 0.0265625
2 0.34921875 0.6265625 0.03828125 0.05546875
2 0.4546875 0.61015625 0.00859375 0.01640625
2 0.4453125 0.61171875 0.0171875 0.025
2 0.48203125 0.6140625 0.0109375 0.0125
2 0.471875 0.609375 0.009375 0.021875
2 0.3984375 0.61953125 0.0203125 0.028125
2 0.4359375 0.60703125 0.01484375 0.021875
2 0.26328125 0.66953125 0.17265625 0.1890625