7 0.2546875 0.171875 0.01875 0.0375
7 0.43359375 0.21484375 0.0109375 0.028125
7 0.52421875 0.25234375 0.00859375 0.01640625
7 0.546875 0.25625 0.00859375 0.02109375
8 0.29375 0.09921875 0.0125 0.03046875
8 0.2546875 0.08828125 0.0484375 0.0265625
2 0.54375 0.321875 0.02109375 0.09609375
2 0.4046875 0.27734375 0.02109375 0.0359375
2 0.8796875 0.3203125 0.08828125 0.08046875
2 0.36875 0.30703125 0.078125 0.1
2 0.45 0.315625 0.08984375 0.11953125
2 0.0515625 0.40234375 0.1 0.33046875
2 0.9484375 0.35078125 0.10078125 0.2140625
5 0.284375 0.2859375 0.03515625 0.1515625
7 0.278125 0.17109375 0.01796875 0.0375
10 0.71875 0.2359375 0.33359375 0.46640625
7 0.48359375 0.26015625 0.0046875 0.01640625
7 0.51484375 0.26875 0.0046875 0.0140625