8 0.79765625 0.04375 0.0421875 0.0859375
8 0.79609375 0.215625 0.04765625 0.08203125
8 0.79375 0.3171875 0.04609375 0.053125
8 0.79453125 0.390625 0.04453125 0.034375
8 0.34921875 0.46171875 0.01015625 0.053125
7 0.21171875 0.40234375 0.01953125 0.040625
7 0.2390625 0.40625 0.01796875 0.03046875
7 0.78828125 0.43515625 0.0140625 0.028125
7 0.82109375 0.434375 0.01953125 0.0359375
2 0.4703125 0.5421875 0.01015625 0.0140625
2 0.46171875 0.54140625 0.009375 0.01953125
2 0.45234375 0.54296875 0.009375 0.0265625
2 0.4328125 0.53515625 0.0390625 0.05703125
2 0.3859375 0.55390625 0.0703125 0.09140625
2 0.4953125 0.5453125 0.025 0.03359375
2 0.5421875 0.540625 0.03828125 0.0390625
5 0.18046875 0.53203125 0.0265625 0.115625
5 0.20703125 0.53671875 0.02109375 0.1125
5 0.86953125 0.58515625 0.0359375 0.1265625
7 0.65625 0.04609375 0.0203125 0.09140625
7 0.6765625 0.053125 0.0203125 0.10390625