8 0.2796875 0.4890625 0.02890625 0.05546875
8 0.3953125 0.53046875 0.015625 0.0140625
8 0.80625 0.47265625 0.0171875 0.0234375
8 0.8015625 0.384375 0.015625 0.028125
2 0.1953125 0.640625 0.11875 0.084375
2 0.5046875 0.6609375 0.01484375 0.040625
2 0.4875 0.6546875 0.0203125 0.0484375
2 0.5734375 0.671875 0.01171875 0.01953125
2 0.58125 0.6703125 0.01328125 0.021875
2 0.590625 0.66796875 0.009375 0.02890625
2 0.6046875 0.6609375 0.0203125 0.0359375
2 0.6265625 0.6546875 0.025 0.0515625
2 0.64921875 0.6515625 0.03125 0.0625
2 0.69453125 0.640625 0.08125 0.125
2 0.7953125 0.63359375 0.171875 0.21640625
2 0.540625 0.63984375 0.06328125 0.096875
2 0.4625 0.653125 0.0515625 0.065625
2 0.0765625 0.646875 0.153125 0.125
2 0.8953125 0.68671875 0.20859375 0.2859375
8 0.584375 0.646875 0.00859375 0.01953125