10 0.3125 0.778125 0.0484375 0.071875
2 0.2453125 0.8125 0.0328125 0.0515625
2 0.4234375 0.7625 0.03203125 0.034375
2 0.51171875 0.74609375 0.02109375 0.0265625
10 0.5109375 0.728125 0.03125 0.034375
2 0.5375 0.78125 0.05 0.06953125
2 0.484375 0.7625 0.0421875 0.0625
2 0.55 0.75390625 0.02421875 0.03046875
2 0.36171875 0.76953125 0.0328125 0.0375
7 0.4640625 0.70546875 0.00390625 0.0234375
7 0.540625 0.696875 0.0078125 0.021875
8 0.70625 0.6296875 0.01640625 0.01953125
8 0.565625 0.70078125 0.01484375 0.0125