8 0.1953125 0.365625 0.03125 0.059375
2 0.04765625 0.55 0.0953125 0.20390625
2 0.3375 0.459375 0.06484375 0.09140625
2 0.4484375 0.4453125 0.01328125 0.01640625
2 0.434375 0.4453125 0.01796875 0.01640625
2 0.42265625 0.446875 0.01328125 0.02109375
2 0.47578125 0.44296875 0.009375 0.0125
2 0.48359375 0.44375 0.0109375 0.015625
2 0.4953125 0.446875 0.01171875 0.02109375
2 0.4609375 0.4453125 0.015625 0.01640625
2 0.28125 0.4796875 0.08515625 0.10859375
2 0.4078125 0.45390625 0.02421875 0.0234375
2 0.540625 0.453125 0.05 0.059375
8 0.5546875 0.409375 0.0140625 0.02890625
8 0.6578125 0.371875 0.01328125 0.05703125
2 0.96640625 0.4796875 0.06328125 0.18046875
7 0.4578125 0.425 0.01015625 0.025
7 0.46953125 0.42890625 0.01171875 0.01640625