7 0.3546875 0.321875 0.009375 0.03359375
7 0.484375 0.321875 0.009375 0.03359375
7 0.409375 0.3609375 0.0078125 0.0234375
7 0.465625 0.371875 0.0078125 0.02109375
7 0.540625 0.37890625 0.0109375 0.02109375
8 0.32265625 0.3265625 0.02734375 0.01953125
8 0.509375 0.33125 0.02109375 0.01953125
8 0.534375 0.3640625 0.01328125 0.0140625
5 0.796875 0.4015625 0.03203125 0.1125
5 0.68046875 0.40703125 0.015625 0.040625
5 0.6359375 0.409375 0.01875 0.071875
5 0.653125 0.403125 0.0171875 0.065625
2 0.5515625 0.41328125 0.02109375 0.046875
2 0.36875 0.41640625 0.02734375 0.04453125
2 0.5015625 0.4375 0.08671875 0.115625
2 0.57578125 0.42109375 0.05390625 0.0640625
2 0.175 0.4859375 0.228125 0.203125