7 0.54140625 0.48125 0.0140625 0.03046875
7 0.60078125 0.50078125 0.0140625 0.03203125
7 0.58046875 0.51171875 0.01171875 0.028125
7 0.4734375 0.509375 0.0140625 0.025
7 0.509375 0.49609375 0.01171875 0.021875
8 0.425 0.46328125 0.01484375 0.025
8 0.7765625 0.478125 0.021875 0.04296875
8 0.6421875 0.50703125 0.0140625 0.021875
2 0.5546875 0.54140625 0.01796875 0.028125
2 0.61015625 0.54140625 0.0265625 0.0390625
2 0.57890625 0.5453125 0.03359375 0.04296875
2 0.51875 0.56953125 0.06953125 0.103125
2 0.8734375 0.68125 0.25 0.34453125
2 0.48515625 0.534375 0.02109375 0.028125