7 0.4375 0.2640625 0.01171875 0.02109375
7 0.52734375 0.26796875 0.009375 0.02109375
8 0.61796875 0.259375 0.01015625 0.0375
2 0.40390625 0.33046875 0.021875 0.05390625
2 0.3796875 0.34921875 0.04296875 0.08359375
2 0.3671875 0.365625 0.0515625 0.09609375
2 0.32890625 0.38046875 0.078125 0.1375
2 0.24296875 0.4015625 0.159375 0.19609375
2 0.11328125 0.53671875 0.2265625 0.3890625
2 0.43671875 0.309375 0.0359375 0.0390625
2 0.7640625 0.43046875 0.1546875 0.2625
2 0.89765625 0.58359375 0.20234375 0.359375
2 0.56484375 0.56015625 0.465625 0.534375
5 0.8703125 0.390625 0.0328125 0.13359375
5 0.9015625 0.38671875 0.0421875 0.12890625
5 0.1515625 0.3078125 0.0234375 0.08359375
5 0.1953125 0.29921875 0.0265625 0.05
5 0.2953125 0.3046875 0.0125 0.0265625
5 0.3046875 0.30546875 0.01171875 0.02109375
5 0.25 0.2984375 0.0140625 0.01796875
5 0.23125 0.29921875 0.0140625 0.025