2 0.4921875 0.48671875 0.0140625 0.021875
2 0.5046875 0.50703125 0.0265625 0.040625
10 0.53359375 0.46171875 0.0375 0.05
2 0.64453125 0.46640625 0.0609375 0.01796875
2 0.56328125 0.521875 0.08984375 0.1640625
2 0.51875 0.52734375 0.028125 0.09453125
2 0.61640625 0.55625 0.1359375 0.17109375
2 0.2328125 0.50703125 0.0328125 0.0609375
2 0.28515625 0.57109375 0.078125 0.090625
2 0.1359375 0.55 0.27109375 0.2109375
2 0.17578125 0.71875 0.3515625 0.43046875
10 0.37109375 0.4375 0.25390625 0.3515625
8 0.7125 0.403125 0.025 0.040625
2 0.83125 0.5796875 0.33515625 0.453125
7 0.0421875 0.36953125 0.028125 0.05546875
7 0.02578125 0.2265625 0.02890625 0.0515625
8 0.021875 0.340625 0.04375 0.04296875
8 0.01484375 0.3765625 0.0296875 0.0515625
8 0.1890625 0.3859375 0.02890625 0.06953125