7 0.4 0.3046875 0.01875 0.0484375
7 0.525 0.3359375 0.01484375 0.028125
7 0.678125 0.36171875 0.021875 0.0265625
7 0.690625 0.48671875 0.02109375 0.03046875
7 0.290625 0.509375 0.015625 0.028125
7 0.425 0.515625 0.0109375 0.01796875
8 0.53203125 0.49453125 0.0140625 0.028125
8 0.6921875 0.43359375 0.0171875 0.01953125
8 0.2046875 0.5328125 0.02109375 0.0265625
8 0.3390625 0.553125 0.01171875 0.028125
2 0.42578125 0.58046875 0.025 0.040625
2 0.4015625 0.57421875 0.021875 0.028125
2 0.3859375 0.57890625 0.0203125 0.03046875
2 0.359375 0.58125 0.03515625 0.046875
2 0.4515625 0.58203125 0.01875 0.03203125
2 0.4734375 0.5796875 0.02890625 0.04609375
2 0.5 0.58203125 0.02578125 0.0390625
10 0.61015625 0.53984375 0.13125 0.15859375
2 0.24453125 0.5890625 0.0703125 0.078125
2 0.1625 0.60546875 0.06875 0.06640625
2 0.07421875 0.6046875 0.0921875 0.08203125
2 0.0265625 0.615625 0.05078125 0.078125