8 0.725 0.17109375 0.02890625 0.05546875
8 0.43046875 0.18203125 0.02734375 0.0515625
7 0.5578125 0.234375 0.0046875 0.0140625
7 0.571875 0.2359375 0.00390625 0.01796875
2 0.58203125 0.26640625 0.01796875 0.01796875
2 0.534375 0.2578125 0.0234375 0.0359375
2 0.5171875 0.2734375 0.02421875 0.0359375
2 0.4953125 0.27890625 0.025 0.0609375
2 0.440625 0.3 0.0890625 0.10546875
2 0.5953125 0.2671875 0.01328125 0.0265625
2 0.61875 0.265625 0.03515625 0.04296875
2 0.653125 0.27890625 0.04921875 0.05
2 0.70625 0.2703125 0.08828125 0.096875
2 0.78046875 0.3046875 0.159375 0.14296875
8 0.6421875 0.2265625 0.0140625 0.03046875
8 0.209375 0.025 0.0421875 0.0390625