7 0.2671875 0.22578125 0.0140625 0.075
7 0.69375 0.190625 0.01796875 0.084375
7 0.6703125 0.1921875 0.021875 0.09453125
7 0.80078125 0.45234375 0.02421875 0.040625
7 0.3140625 0.4421875 0.00859375 0.02890625
7 0.35 0.46796875 0.00625 0.02109375
7 0.4 0.45078125 0.00859375 0.02109375
7 0.2625 0.465625 0.00703125 0.025
7 0.29375 0.484375 0.0109375 0.028125
2 0.3234375 0.515625 0.03203125 0.053125
2 0.3640625 0.5328125 0.053125 0.075
2 0.4 0.51640625 0.025 0.034375
1 0.428125 0.50625 0.03203125 0.046875
2 0.4734375 0.55859375 0.07421875 0.09140625
2 0.228125 0.5359375 0.05546875 0.0765625
10 0.59375 0.50078125 0.13203125 0.1640625
2 0.68515625 0.609375 0.24375 0.278125
5 0.87109375 0.5640625 0.02265625 0.128125
5 0.846875 0.56640625 0.02734375 0.1265625