7 0.45703125 0.43671875 0.009375 0.0234375
7 0.36875 0.43203125 0.00859375 0.0265625
8 0.53046875 0.4453125 0.009375 0.0265625
8 0.0171875 0.325 0.01875 0.07109375
8 0.0671875 0.3453125 0.01171875 0.05390625
8 0.0796875 0.3484375 0.015625 0.05859375
2 0.31640625 0.4859375 0.0203125 0.0265625
2 0.29375 0.484375 0.02265625 0.04140625
2 0.1734375 0.49921875 0.07421875 0.0875
2 0.27734375 0.48125 0.03515625 0.0609375
2 0.428125 0.4890625 0.01796875 0.0265625
2 0.5078125 0.5 0.015625 0.028125
2 0.5203125 0.50234375 0.02109375 0.0265625
2 0.4 0.49765625 0.04375 0.065625
2 0.384375 0.47265625 0.021875 0.03203125
2 0.3609375 0.4828125 0.01796875 0.025
2 0.5296875 0.5078125 0.0234375 0.03203125
2 0.46796875 0.5015625 0.04453125 0.0625
2 0.5765625 0.51875 0.04140625 0.053125
2 0.246875 0.48984375 0.05546875 0.07109375
2 0.3390625 0.4875 0.02890625 0.0390625
8 0.690625 0.5140625 0.0078125 0.03046875
8 0.7546875 0.51328125 0.00625 0.0234375
2 0.071875 0.49609375 0.1421875 0.1609375
2 0.92421875 0.58671875 0.1484375 0.15859375