8 0.65 0.33203125 0.0390625 0.046875
2 0.35625 0.453125 0.03828125 0.05390625
2 0.33203125 0.48671875 0.06171875 0.109375
2 0.3015625 0.50859375 0.06875 0.1140625
2 0.1921875 0.51484375 0.18359375 0.228125
2 0.4703125 0.4703125 0.0078125 0.0140625
2 0.478125 0.465625 0.01171875 0.03046875
2 0.4921875 0.46953125 0.0265625 0.046875
2 0.5078125 0.478125 0.02421875 0.0640625
2 0.5328125 0.4921875 0.04765625 0.115625
2 0.565625 0.496875 0.09296875 0.11953125
2 0.41796875 0.459375 0.096875 0.159375
2 0.0859375 0.60859375 0.16875 0.3734375
2 0.88828125 0.63515625 0.22265625 0.56796875