2 0.384375 0.471875 0.03828125 0.05546875
1 0.33828125 0.471875 0.0578125 0.09140625
8 0.3359375 0.39921875 0.01640625 0.025
2 0.26484375 0.509375 0.0875 0.1015625
2 0.4515625 0.44765625 0.00859375 0.01796875
2 0.4421875 0.45078125 0.01015625 0.015625
2 0.43125 0.45390625 0.01328125 0.01953125
2 0.5 0.45703125 0.02578125 0.028125
2 0.475 0.46484375 0.01328125 0.0265625
2 0.1390625 0.54453125 0.20234375 0.171875
2 0.45 0.503125 0.06796875 0.1015625
2 0.51640625 0.47734375 0.03359375 0.0484375
2 0.59609375 0.51015625 0.1109375 0.1484375
8 0.51875 0.4046875 0.01015625 0.009375
8 0.515625 0.4203125 0.01015625 0.009375
2 0.309375 0.4890625 0.0625 0.103125