2 0.046875 0.72109375 0.09375 0.171875
2 0.9359375 0.79453125 0.12734375 0.29609375
2 0.690625 0.671875 0.16328125 0.16953125
2 0.1578125 0.6890625 0.1390625 0.128125
2 0.2484375 0.6609375 0.06015625 0.08359375
2 0.28828125 0.6515625 0.05078125 0.0734375
2 0.3171875 0.64453125 0.0296875 0.06796875
2 0.3296875 0.64453125 0.021875 0.0625
2 0.34765625 0.63984375 0.02421875 0.053125
2 0.578125 0.65390625 0.06171875 0.078125
2 0.540625 0.6375 0.034375 0.0625
2 0.5203125 0.63359375 0.0234375 0.04609375
2 0.41875 0.628125 0.034375 0.059375
2 0.4421875 0.6203125 0.02421875 0.0390625
2 0.50703125 0.63359375 0.0203125 0.0359375
2 0.4765625 0.63125 0.021875 0.021875
8 0.51875 0.5890625 0.0109375 0.0234375
8 0.503125 0.5921875 0.0109375 0.01640625
8 0.534375 0.5828125 0.01640625 0.0265625