2 0.12734375 0.4625 0.034375 0.03359375
2 0.1640625 0.4203125 0.0171875 0.02109375
2 0.1890625 0.4265625 0.0140625 0.01796875
2 0.20703125 0.43046875 0.0140625 0.02109375
2 0.2375 0.428125 0.04296875 0.025
2 0.54375 0.42890625 0.015625 0.03359375
2 0.57890625 0.459375 0.06796875 0.1
2 0.175 0.4609375 0.053125 0.05546875
2 0.2375 0.4484375 0.02890625 0.03046875
2 0.7078125 0.45703125 0.05703125 0.05390625
2 0.8609375 0.4734375 0.1640625 0.1265625
2 0.43125 0.52421875 0.26640625 0.4265625
8 0.015625 0.37734375 0.021875 0.015625
8 0.13984375 0.3421875 0.01875 0.04296875
5 0.63515625 0.43671875 0.00703125 0.0390625
5 0.6234375 0.43828125 0.00859375 0.040625
7 0.24140625 0.36015625 0.015625 0.0234375
2 0.9703125 0.49296875 0.05703125 0.1375