2 0.50625 0.45234375 0.0515625 0.090625
2 0.47734375 0.42265625 0.02421875 0.03046875
2 0.41875 0.4296875 0.00859375 0.028125
2 0.40625 0.43359375 0.01171875 0.028125
2 0.3953125 0.4328125 0.01328125 0.040625
2 0.36875 0.43984375 0.0453125 0.05390625
2 0.4421875 0.4421875 0.05390625 0.08046875
2 0.5765625 0.4765625 0.11328125 0.22890625
1 0.6234375 0.41328125 0.07421875 0.15859375
2 0.6828125 0.48671875 0.06640625 0.1140625
1 0.85625 0.3921875 0.28671875 0.78203125
7 0.0609375 0.3484375 0.01171875 0.03046875
7 0.271875 0.228125 0.0125 0.04140625
7 0.64140625 0.25234375 0.0078125 0.04296875
7 0.63125 0.2515625 0.01171875 0.04453125
7 0.2578125 0.228125 0.009375 0.0484375
7 0.46953125 0.359375 0.00703125 0.01640625
7 0.48203125 0.384375 0.00859375 0.01953125
7 0.553125 0.35390625 0.009375 0.0265625
7 0.534375 0.384375 0.00390625 0.02109375
8 0.08203125 0.24140625 0.02734375 0.01953125