7 0.57734375 0.33203125 0.01640625 0.078125
7 0.5609375 0.325 0.01484375 0.0625
7 0.59296875 0.3234375 0.01796875 0.0609375
8 0.6546875 0.36328125 0.06640625 0.03046875
8 0.7203125 0.4375 0.01875 0.0265625
2 0.6390625 0.60703125 0.08046875 0.096875
2 0.3265625 0.584375 0.05234375 0.0859375
2 0.12109375 0.621875 0.09453125 0.09140625
2 0.2296875 0.60390625 0.134375 0.15
2 0.4734375 0.67890625 0.28203125 0.4359375
2 0.89375 0.6671875 0.21171875 0.5484375
5 0.83984375 0.56015625 0.0234375 0.046875
7 0.0375 0.5078125 0.009375 0.025