2 0.415625 0.490625 0.0171875 0.03359375
2 0.4046875 0.496875 0.01796875 0.0359375
2 0.3828125 0.5 0.028125 0.046875
2 0.346875 0.50234375 0.0515625 0.075
2 0.3265625 0.51953125 0.0328125 0.0859375
2 0.26640625 0.52265625 0.10390625 0.146875
2 0.48125 0.484375 0.0078125 0.0234375
2 0.4859375 0.4859375 0.00859375 0.0265625
2 0.48984375 0.490625 0.00546875 0.0265625
2 0.49453125 0.49453125 0.00859375 0.0359375
2 0.5015625 0.49609375 0.01171875 0.0515625
2 0.515625 0.4953125 0.0265625 0.06796875
2 0.54375 0.5 0.03828125 0.09609375
2 0.559375 0.5109375 0.0453125 0.11640625
2 0.5875 0.51796875 0.04375 0.134375
2 0.609375 0.565625 0.05390625 0.16640625
2 0.45625 0.49140625 0.0265625 0.0390625
2 0.1484375 0.5640625 0.18515625 0.18359375
7 0.45078125 0.453125 0.0046875 0.0109375
7 0.4734375 0.45078125 0.0046875 0.0125
8 0.23515625 0.3859375 0.0140625 0.021875