8 0.6359375 0.20234375 0.028125 0.04296875
8 0.63125 0.2390625 0.01640625 0.0265625
8 0.70703125 0.1234375 0.0140625 0.07890625
8 0.70625 0.1875 0.01328125 0.0484375
8 0.665625 0.221875 0.0203125 0.03359375
8 0.665625 0.1703125 0.01640625 0.028125
8 0.3171875 0.28828125 0.0515625 0.096875
8 0.1015625 0.1609375 0.040625 0.05546875
5 0.8359375 0.32578125 0.03671875 0.0734375
7 0.70625 0.24453125 0.01875 0.04453125
7 0.5515625 0.14765625 0.009375 0.04609375
8 0.3390625 0.14140625 0.0078125 0.04296875
7 0.3421875 0.1875 0.009375 0.0484375
8 0.30625 0.06640625 0.06796875 0.1125
8 0.2453125 0.07734375 0.03515625 0.05390625
7 0.4515625 0.2515625 0.00859375 0.02109375
7 0.5453125 0.240625 0.009375 0.01640625
8 0.5453125 0.275 0.01328125 0.040625
7 0.4640625 0.27578125 0.00859375 0.01640625
7 0.496875 0.27421875 0.00859375 0.0140625
2 0.4859375 0.31328125 0.0171875 0.02890625
2 0.46796875 0.3140625 0.02421875 0.0375
2 0.43984375 0.32265625 0.01640625 0.028125
2 0.5515625 0.3578125 0.04453125 0.125
2 0.69609375 0.496875 0.34765625 0.45703125
2 0.15234375 0.32578125 0.05859375 0.075
7 0.090625 0.2109375 0.03671875 0.03359375
8 0.0984375 0.240625 0.03203125 0.02890625
2 0.0859375 0.371875 0.171875 0.196875
8 0.1046875 0.1078125 0.0421875 0.046875