2 0.43515625 0.35703125 0.02109375 0.01953125
2 0.459375 0.3625 0.02421875 0.02890625
2 0.41015625 0.35625 0.01328125 0.02109375
2 0.39609375 0.35859375 0.01953125 0.04453125
2 0.375 0.3640625 0.0421875 0.0515625
7 0.4625 0.290625 0.009375 0.0265625
7 0.45625 0.16953125 0.009375 0.0375
7 0.471875 0.1671875 0.0078125 0.04140625
7 0.35390625 0.134375 0.0171875 0.05703125
7 0.334375 0.13828125 0.01171875 0.05859375
2 0.6875 0.36875 0.15546875 0.1125
7 0.75859375 0.26484375 0.02109375 0.034375
8 0.74921875 0.13828125 0.03984375 0.02109375
8 0.596875 0.22578125 0.025 0.01796875
7 0.40859375 0.29296875 0.01171875 0.01640625
2 0.2515625 0.2375 0.025 0.0140625
7 0.12109375 0.2515625 0.015625 0.028125
8 0.140625 0.171875 0.02265625 0.0234375
2 0.1125 0.52578125 0.22421875 0.35390625
5 0.63125 0.359375 0.01328125 0.03046875
5 0.615625 0.365625 0.015625 0.05703125
8 0.265625 0.13984375 0.02265625 0.096875