8 0.59609375 0.353125 0.0234375 0.0375
8 0.14765625 0.41328125 0.025 0.04296875
8 0.2875 0.44140625 0.015625 0.040625
7 0.5484375 0.35703125 0.01015625 0.03203125
7 0.6 0.3890625 0.00859375 0.02890625
7 0.353125 0.36875 0.0078125 0.03046875
7 0.36015625 0.36875 0.00703125 0.03046875
7 0.41640625 0.4328125 0.00625 0.01640625
7 0.44296875 0.44921875 0.00703125 0.0140625
7 0.409375 0.45546875 0.00546875 0.0125
2 0.42734375 0.48125 0.01640625 0.0265625
2 0.40390625 0.48203125 0.0234375 0.03046875
2 0.45 0.47734375 0.03359375 0.04453125
2 0.48125 0.48203125 0.0171875 0.028125
2 0.7140625 0.490625 0.090625 0.08203125
2 0.878125 0.48125 0.240625 0.33046875
1 0.88828125 0.390625 0.21328125 0.14609375