2 0.428125 0.484375 0.01171875 0.0109375
2 0.4453125 0.484375 0.009375 0.009375
2 0.4375 0.4828125 0.00703125 0.015625
2 0.4 0.48515625 0.01875 0.025
2 0.54375 0.49296875 0.0171875 0.03203125
2 0.484375 0.484375 0.0203125 0.01796875
2 0.46953125 0.4828125 0.01171875 0.015625
2 0.5671875 0.49453125 0.0453125 0.05546875
2 0.63359375 0.49765625 0.06640625 0.090625
2 0.5171875 0.496875 0.04140625 0.05
10 0.36875 0.484375 0.04765625 0.075
2 0.3421875 0.50234375 0.0515625 0.0765625
2 0.3140625 0.5171875 0.07578125 0.08046875
2 0.11875 0.57109375 0.2375 0.346875
8 0.36875 0.41171875 0.0234375 0.009375
8 0.5640625 0.4125 0.0140625 0.0140625
8 0.6296875 0.390625 0.0125 0.02890625
7 0.30546875 0.4171875 0.01171875 0.015625
7 0.328125 0.45078125 0.00859375 0.015625
7 0.4046875 0.40390625 0.00859375 0.01796875
7 0.4109375 0.4359375 0.01171875 0.0109375
7 0.553125 0.403125 0.01171875 0.02109375