2 0.15 0.453125 0.040625 0.04453125
2 0.05625 0.45625 0.0328125 0.0390625
2 0.01875 0.4578125 0.03671875 0.05703125
2 0.0984375 0.45390625 0.0640625 0.053125
2 0.396875 0.43359375 0.01875 0.021875
2 0.5796875 0.4546875 0.025 0.04609375
2 0.596875 0.4609375 0.02890625 0.05859375
2 0.53984375 0.440625 0.01015625 0.01796875
2 0.5578125 0.44453125 0.021875 0.02890625
2 0.4921875 0.4359375 0.0203125 0.02890625
2 0.434375 0.45390625 0.0546875 0.06953125
10 0.26015625 0.43515625 0.040625 0.04453125
2 0.6390625 0.47109375 0.07734375 0.0875
2 0.859375 0.528125 0.26953125 0.2890625
2 0.94609375 0.6328125 0.103125 0.2859375