2 0.4859375 0.5890625 0.01484375 0.0265625
2 0.50234375 0.59453125 0.01953125 0.03203125
2 0.525 0.59296875 0.025 0.02890625
2 0.6140625 0.6125 0.04921875 0.06953125
2 0.6671875 0.61953125 0.07421875 0.10859375
2 0.77734375 0.63125 0.18203125 0.16953125
2 0.55234375 0.60234375 0.0265625 0.04140625
2 0.446875 0.60390625 0.059375 0.1
2 0.40625 0.584375 0.01796875 0.034375
2 0.8921875 0.69140625 0.215625 0.2125
10 0.5359375 0.4734375 0.04140625 0.015625
10 0.4375 0.509375 0.0265625 0.0375
10 0.3890625 0.503125 0.01328125 0.02890625
10 0.47265625 0.528125 0.01015625 0.02109375
7 0.475 0.459375 0.01171875 0.03203125
7 0.5640625 0.48828125 0.01640625 0.0375