2 0.0703125 0.5640625 0.13984375 0.184375
2 0.1953125 0.55234375 0.1109375 0.115625
2 0.2984375 0.5265625 0.0921875 0.09609375
2 0.36796875 0.509375 0.03984375 0.05390625
2 0.4046875 0.49296875 0.03671875 0.040625
2 0.4296875 0.478125 0.01171875 0.028125
2 0.4546875 0.4875 0.01484375 0.028125
2 0.48515625 0.4890625 0.0234375 0.040625
2 0.5125 0.49453125 0.03046875 0.0375
2 0.5640625 0.52265625 0.078125 0.1125
2 0.65625 0.54921875 0.1453125 0.16640625
2 0.8390625 0.6171875 0.321875 0.3125
2 0.45 0.45859375 0.01171875 0.02109375