8 0.1078125 0.346875 0.03046875 0.04453125
8 0.5421875 0.5296875 0.00703125 0.015625
8 0.534375 0.5328125 0.0078125 0.0140625
8 0.54296875 0.540625 0.0046875 0.009375
2 0.5234375 0.56328125 0.00703125 0.01953125
2 0.53125 0.5640625 0.01015625 0.01953125
2 0.5375 0.5671875 0.01171875 0.028125
2 0.5484375 0.56484375 0.01640625 0.0390625
2 0.559375 0.56875 0.02265625 0.053125
2 0.57734375 0.57734375 0.02578125 0.05390625
2 0.6046875 0.58515625 0.0578125 0.06796875
2 0.46953125 0.5625 0.01328125 0.0265625
2 0.459375 0.565625 0.01328125 0.02890625
2 0.4484375 0.565625 0.01875 0.0390625
2 0.440625 0.56640625 0.02890625 0.053125
2 0.415625 0.5734375 0.04296875 0.05703125
2 0.3828125 0.58203125 0.03671875 0.09296875
2 0.32578125 0.596875 0.1078125 0.11640625
2 0.66640625 0.63203125 0.0625 0.1359375
2 0.22265625 0.63359375 0.1671875 0.19453125
2 0.1 0.65625 0.19921875 0.36796875
2 0.8578125 0.67421875 0.28046875 0.2859375
2 0.7421875 0.6046875 0.1484375 0.203125