2 0.4984375 0.62578125 0.01875 0.03046875
2 0.478125 0.62265625 0.025 0.0359375
2 0.46171875 0.6375 0.028125 0.05546875
2 0.4109375 0.62578125 0.08125 0.09296875
2 0.3390625 0.65703125 0.09765625 0.1
2 0.2234375 0.68984375 0.140625 0.16640625
2 0.565625 0.621875 0.01640625 0.028125
2 0.578125 0.62578125 0.01953125 0.0375
2 0.5921875 0.61875 0.01953125 0.0515625
2 0.609375 0.621875 0.034375 0.08359375
2 0.63203125 0.640625 0.034375 0.0984375
2 0.678125 0.63515625 0.08515625 0.11640625
2 0.7984375 0.678125 0.209375 0.2125
5 0.85234375 0.66640625 0.07734375 0.15859375
2 0.10078125 0.70546875 0.19765625 0.2640625
2 0.90703125 0.80234375 0.18203125 0.39140625
2 0.5265625 0.62421875 0.0234375 0.02109375