8 0.603125 0.31171875 0.05390625 0.028125
7 0.6328125 0.43828125 0.01875 0.0375
7 0.446875 0.44453125 0.0078125 0.03046875
7 0.39609375 0.471875 0.00625 0.02109375
7 0.384375 0.46640625 0.009375 0.01953125
7 0.4296875 0.47734375 0.0078125 0.02109375
7 0.6109375 0.40703125 0.009375 0.02109375
7 0.003125 0.371875 0.00625 0.03046875
8 0.3515625 0.47578125 0.00625 0.01953125
8 0.48984375 0.4546875 0.01484375 0.0140625
8 0.20703125 0.45703125 0.01328125 0.0234375
2 0.4453125 0.4921875 0.01484375 0.0140625
2 0.415625 0.490625 0.0171875 0.02109375
2 0.4125 0.51484375 0.0171875 0.03046875
2 0.396875 0.51328125 0.01328125 0.01953125
2 0.38359375 0.5109375 0.01328125 0.01953125
2 0.3765625 0.52265625 0.01171875 0.0234375
2 0.3640625 0.525 0.0109375 0.0234375
2 0.3546875 0.525 0.0078125 0.01953125
2 0.34375 0.53046875 0.01328125 0.02109375
2 0.33359375 0.5421875 0.015625 0.03046875
2 0.31640625 0.546875 0.0265625 0.040625
2 0.1671875 0.61171875 0.3296875 0.30703125
2 0.4484375 0.52421875 0.02734375 0.040625
2 0.565625 0.6078125 0.21875 0.30390625
2 0.465625 0.51015625 0.01484375 0.034375
2 0.90703125 0.584375 0.134375 0.0984375
2 0.984375 0.58515625 0.03046875 0.0859375
5 0.746875 0.58125 0.02734375 0.10859375
5 0.7078125 0.578125 0.01484375 0.0859375