7 0.35 0.3734375 0.01171875 0.02109375
7 0.528125 0.38359375 0.01484375 0.028125
7 0.4453125 0.45625 0.0078125 0.0140625
7 0.53671875 0.46484375 0.00859375 0.00859375
7 0.559375 0.49453125 0.0109375 0.0140625
7 0.3484375 0.45234375 0.0078125 0.0125
7 0.5875 0.46640625 0.0078125 0.01640625
2 0.4171875 0.48515625 0.0296875 0.05703125
2 0.44765625 0.5 0.0234375 0.0375
2 0.49765625 0.509375 0.0296875 0.046875
2 0.3234375 0.5140625 0.03046875 0.08046875
2 0.3046875 0.5 0.0328125 0.09609375
2 0.284375 0.503125 0.04375 0.09609375
2 0.26875 0.50546875 0.046875 0.1015625
2 0.2359375 0.509375 0.046875 0.12109375
2 0.19921875 0.51875 0.06015625 0.11796875
2 0.11484375 0.54140625 0.2296875 0.2765625
7 0.4671875 0.46640625 0.00625 0.01640625