8 0.05234375 0.09140625 0.03046875 0.0609375
8 0.059375 0.1421875 0.0765625 0.0484375
8 0.06015625 0.2265625 0.06484375 0.115625
8 0.84375 0.05234375 0.07890625 0.05703125
8 0.84140625 0.13046875 0.065625 0.1015625
8 0.84609375 0.228125 0.0515625 0.0890625
5 0.44375 0.4703125 0.04375 0.2140625
5 0.521875 0.421875 0.00703125 0.034375
8 0.91171875 0.0421875 0.04375 0.05703125
8 0.934375 0.084375 0.07265625 0.0375
8 0.203125 0.3015625 0.03203125 0.03046875
2 0.159375 0.528125 0.31875 0.3890625
2 0.7890625 0.5328125 0.31796875 0.2859375
2 0.0734375 0.63515625 0.14609375 0.4875
5 0.51484375 0.41953125 0.01015625 0.03046875