8 0.18125 0.303125 0.0390625 0.03046875
8 0.03203125 0.38828125 0.02265625 0.05703125
7 0.04765625 0.44765625 0.0109375 0.053125
7 0.04375 0.5046875 0.0140625 0.01796875
8 0.0234375 0.47265625 0.0140625 0.03203125
5 0.0796875 0.57734375 0.01953125 0.053125
5 0.0984375 0.578125 0.0125 0.040625
8 0.225 0.334375 0.01171875 0.01953125
8 0.175 0.4734375 0.015625 0.01953125
8 0.3359375 0.365625 0.0171875 0.021875
8 0.3375 0.453125 0.01953125 0.01796875
8 0.6875 0.1484375 0.0234375 0.0625
8 0.740625 0.1421875 0.04921875 0.04453125
7 0.65703125 0.1734375 0.015625 0.028125
7 0.80625 0.1671875 0.01328125 0.025
8 0.71640625 0.37421875 0.00859375 0.01953125
8 0.721875 0.3953125 0.01796875 0.03203125
8 0.7375 0.475 0.02109375 0.03203125
8 0.7 0.43125 0.00703125 0.01953125
8 0.675 0.4140625 0.00859375 0.034375
2 0.653125 0.47265625 0.01796875 0.021875
2 0.5890625 0.49375 0.0375 0.040625
8 0.4890625 0.46875 0.00859375 0.01953125
2 0.453125 0.50859375 0.04921875 0.059375
2 0.35078125 0.5625 0.09921875 0.096875
2 0.76953125 0.4703125 0.0390625 0.046875
2 0.8390625 0.490625 0.078125 0.090625