7 0.03203125 0.30859375 0.0140625 0.0359375
7 0.04140625 0.30859375 0.01171875 0.0390625
8 0.3421875 0.365625 0.0140625 0.01953125
8 0.3640625 0.39296875 0.0109375 0.021875
8 0.503125 0.33125 0.0109375 0.0265625
8 0.596875 0.30859375 0.01875 0.04296875
8 0.5953125 0.35 0.0125 0.034375
8 0.5109375 0.38046875 0.01171875 0.0109375
8 0.69453125 0.3578125 0.01484375 0.04609375
2 0.384375 0.434375 0.04609375 0.05703125
2 0.6015625 0.44609375 0.059375 0.06640625
2 0.67578125 0.4515625 0.103125 0.09453125
2 0.7421875 0.4671875 0.09921875 0.103125
2 0.4625 0.43671875 0.06953125 0.1359375
2 0.325 0.43125 0.08828125 0.1234375
2 0.03984375 0.4484375 0.07890625 0.20859375
2 0.7296875 0.74453125 0.0109375 0.00859375
7 0.4625 0.315625 0.01875 0.028125
7 0.7140625 0.0125 0.02890625 0.025