7 0.18984375 0.421875 0.02109375 0.028125
7 0.3984375 0.3421875 0.0140625 0.025
7 0.6640625 0.346875 0.01171875 0.04296875
7 0.38203125 0.4625 0.00859375 0.00859375
7 0.40625 0.48359375 0.00625 0.009375
7 0.453125 0.471875 0.0078125 0.0125
7 0.03046875 0.44765625 0.0125 0.02890625
7 0.3015625 0.4125 0.009375 0.04296875
7 0.6515625 0.34609375 0.01015625 0.03359375
7 0.76328125 0.478125 0.01484375 0.021875
7 0.0703125 0.2375 0.01875 0.0515625
7 0.0421875 0.2328125 0.02265625 0.0640625
7 0.046875 0.43828125 0.01640625 0.034375
7 0.221875 0.328125 0.01171875 0.0515625
7 0.671875 0.34921875 0.009375 0.04140625
8 0.5765625 0.43828125 0.0140625 0.0359375
8 0.77890625 0.30078125 0.0125 0.0359375
8 0.790625 0.4 0.01953125 0.0140625
8 0.33125 0.45078125 0.01015625 0.028125
2 0.3875 0.515625 0.025 0.0359375
2 0.33671875 0.54140625 0.10234375 0.1390625
2 0.51171875 0.51328125 0.03203125 0.05
2 0.534375 0.4890625 0.0453125 0.034375
2 0.559375 0.55546875 0.08671875 0.10703125
2 0.4546875 0.571875 0.13046875 0.184375
2 0.13984375 0.5890625 0.2796875 0.2765625
2 0.8 0.6453125 0.378125 0.3265625
2 0.98671875 0.61875 0.025 0.0765625