2 0.1734375 0.4671875 0.25703125 0.2109375
2 0.5453125 0.42109375 0.19921875 0.29140625
2 0.1390625 0.40703125 0.278125 0.33203125
2 0.3265625 0.44609375 0.053125 0.0625
2 0.39140625 0.42421875 0.05078125 0.06796875
2 0.440625 0.4265625 0.02265625 0.071875
2 0.6390625 0.415625 0.0171875 0.071875
2 0.65703125 0.40078125 0.01328125 0.03203125
2 0.6734375 0.40390625 0.03125 0.04140625
2 0.78203125 0.46640625 0.19296875 0.2234375
2 0.92578125 0.421875 0.146875 0.15703125
7 0.24921875 0.2078125 0.01328125 0.0484375
7 0.234375 0.2078125 0.01171875 0.04296875
8 0.8828125 0.225 0.03515625 0.01953125
7 0.9046875 0.2953125 0.01953125 0.02890625
7 0.88515625 0.16171875 0.0140625 0.01953125
7 0.7703125 0.040625 0.0234375 0.065625
7 0.74375 0.03671875 0.0203125 0.0734375