2 0.215625 0.45078125 0.15625 0.14609375
2 0.28984375 0.41953125 0.08203125 0.10859375
2 0.35546875 0.37578125 0.08671875 0.12890625
2 0.4078125 0.3953125 0.02578125 0.053125
2 0.43125 0.390625 0.02578125 0.03359375
2 0.45078125 0.38203125 0.02421875 0.025
2 0.5640625 0.384375 0.0484375 0.0609375
10 0.5515625 0.35546875 0.04296875 0.084375
2 0.525 0.3796875 0.009375 0.0359375
2 0.51328125 0.378125 0.021875 0.028125
2 0.7609375 0.446875 0.21796875 0.2640625
2 0.9015625 0.45546875 0.19296875 0.346875
7 0.325 0.028125 0.01796875 0.05390625
7 0.50859375 0.14453125 0.01171875 0.025
7 0.440625 0.2734375 0.00703125 0.01953125
7 0.490625 0.2953125 0.009375 0.01796875
7 0.49296875 0.3359375 0.00859375 0.0125
7 0.53125 0.33125 0.00703125 0.01640625
8 0.571875 0.1625 0.05625 0.025
8 0.8171875 0.07421875 0.0328125 0.13203125
7 0.7984375 0.17890625 0.02578125 0.05
7 0.6359375 0.28828125 0.01015625 0.021875
7 0.2328125 0.303125 0.0140625 0.025
7 0.0078125 0.25703125 0.015625 0.0453125
8 0.43671875 0.34921875 0.01796875 0.0125
7 0.6484375 0.28828125 0.01015625 0.0234375