7 0.403125 0.2140625 0.01796875 0.07109375
7 0.41875 0.21328125 0.015625 0.06953125
7 0.39453125 0.21796875 0.01015625 0.0640625
7 0.425 0.46640625 0.00390625 0.015625
7 0.45625 0.465625 0.00390625 0.01640625
7 0.471875 0.45703125 0.00390625 0.015625
8 0.54375 0.32890625 0.028125 0.025
8 0.984375 0.3109375 0.0265625 0.06640625
8 0.98671875 0.36171875 0.021875 0.01796875
7 0.5609375 0.4140625 0.015625 0.0265625
2 0.453125 0.515625 0.015625 0.04296875
2 0.4375 0.51953125 0.0125 0.04140625
2 0.4203125 0.5140625 0.025 0.06953125
2 0.3421875 0.51796875 0.0359375 0.06953125
2 0.246875 0.52890625 0.06328125 0.05859375
2 0.465625 0.50703125 0.01171875 0.08046875
2 0.4890625 0.51015625 0.04453125 0.0984375
5 0.65 0.5078125 0.0203125 0.10390625
5 0.5796875 0.51015625 0.0203125 0.10703125
5 0.628125 0.50859375 0.0203125 0.109375
5 0.61796875 0.50703125 0.02109375 0.0984375
5 0.6796875 0.51015625 0.04453125 0.275
5 0.7046875 0.56953125 0.06953125 0.496875
5 0.94453125 0.57265625 0.09609375 0.4484375
5 0.5953125 0.51640625 0.0265625 0.13046875
5 0.61796875 0.51640625 0.02421875 0.128125
5 0.5265625 0.58515625 0.06328125 0.353125
5 0.24296875 0.5515625 0.0375 0.19609375
5 0.18984375 0.53828125 0.01796875 0.09140625
5 0.159375 0.5375 0.01875 0.096875
5 0.1203125 0.54609375 0.0265625 0.0984375
5 0.0640625 0.55 0.03359375 0.11796875
5 0.7625 0.621875 0.12421875 0.54609375
2 0.3015625 0.52421875 0.0421875 0.059375
2 0.3859375 0.528125 0.0671875 0.10859375