7 0.559375 0.203125 0.00703125 0.01953125
7 0.6265625 0.19921875 0.00703125 0.0234375
7 0.81875 0.18359375 0.01171875 0.0125
7 0.834375 0.18515625 0.01328125 0.0125
7 0.0703125 0.17578125 0.03125 0.05703125
7 0.596875 0.2515625 0.009375 0.01640625
2 0.46875 0.28828125 0.0375 0.05546875
2 0.34453125 0.32109375 0.11171875 0.13046875
2 0.26875 0.36484375 0.14140625 0.16640625
2 0.50625 0.27890625 0.03359375 0.04296875
2 0.5546875 0.2765625 0.02265625 0.02890625
2 0.64375 0.27265625 0.021875 0.025
2 0.4265625 0.29921875 0.04765625 0.07890625
7 0.084375 0.2890625 0.03203125 0.04296875
8 0.67734375 0.1875 0.009375 0.00703125
8 0.659375 0.2140625 0.009375 0.00859375
8 0.48984375 0.2234375 0.0109375 0.009375