2 0.22734375 0.33203125 0.190625 0.203125
2 0.4625 0.275 0.09296875 0.175
2 0.525 0.259375 0.0421875 0.09453125
2 0.35625 0.26796875 0.078125 0.1234375
2 0.3078125 0.271875 0.03515625 0.0484375
2 0.7796875 0.28125 0.084375 0.07109375
2 0.7078125 0.271875 0.05703125 0.0625
2 0.6578125 0.27421875 0.0234375 0.0359375
2 0.83671875 0.28046875 0.04921875 0.05703125
8 0.9109375 0.11953125 0.03515625 0.0390625
8 0.9078125 0.16875 0.0359375 0.053125
8 0.3 0.196875 0.02265625 0.065625
7 0.3125 0.1484375 0.025 0.0359375
7 0.89140625 0.059375 0.02109375 0.0484375
7 0.56484375 0.16796875 0.0203125 0.0390625