8 0.5375 0.27421875 0.0328125 0.06640625
8 0.48828125 0.28671875 0.0125 0.025
8 0.45078125 0.2921875 0.0125 0.0265625
8 0.5859375 0.315625 0.01171875 0.025
8 0.5859375 0.3390625 0.01171875 0.02109375
8 0.5859375 0.359375 0.01484375 0.02109375
8 0.5140625 0.359375 0.01171875 0.02109375
8 0.30078125 0.321875 0.0125 0.021875
8 0.3078125 0.3484375 0.01171875 0.021875
2 0.52734375 0.40703125 0.0234375 0.0515625
2 0.56875 0.4390625 0.084375 0.10859375
2 0.403125 0.559375 0.30625 0.44609375
7 0.49375 0.309375 0.0140625 0.021875
7 0.4421875 0.31171875 0.01171875 0.01640625
7 0.48046875 0.33828125 0.009375 0.0140625
7 0.5390625 0.30546875 0.0125 0.02109375
7 0.77109375 0.346875 0.01015625 0.03046875
8 0.6171875 0.353125 0.0140625 0.01640625
8 0.9015625 0.23671875 0.04453125 0.09140625