7 0.0375 0.22734375 0.01171875 0.05
7 0.1546875 0.24296875 0.01171875 0.01953125
7 0.31484375 0.24453125 0.0125 0.01796875
7 0.4125 0.24921875 0.01328125 0.01953125
7 0.51875 0.2453125 0.01328125 0.01953125
7 0.6671875 0.23203125 0.0140625 0.0265625
7 0.5890625 0.32421875 0.0078125 0.009375
7 0.54609375 0.32734375 0.00546875 0.00859375
7 0.50625 0.328125 0.009375 0.009375
7 0.4671875 0.33203125 0.00546875 0.009375
7 0.309375 0.3390625 0.0078125 0.0125
7 0.26875 0.3390625 0.01015625 0.009375
7 0.3875 0.33359375 0.0078125 0.0140625
7 0.428125 0.3296875 0.00703125 0.0140625
8 0.04375 0.37265625 0.0171875 0.04296875
8 0.275 0.35078125 0.021875 0.01640625
8 0.2984375 0.3625 0.01015625 0.0125
8 0.2953125 0.35078125 0.01796875 0.0109375
8 0.31640625 0.34921875 0.01875 0.015625
8 0.3390625 0.34765625 0.02265625 0.015625
8 0.359375 0.346875 0.02109375 0.01796875
8 0.378125 0.346875 0.01328125 0.0125
8 0.4171875 0.34453125 0.0171875 0.015625
8 0.4546875 0.34375 0.015625 0.0109375
8 0.4734375 0.340625 0.01953125 0.0125
8 0.37734375 0.36015625 0.01171875 0.009375
8 0.33671875 0.36015625 0.01640625 0.0125
8 0.4171875 0.3578125 0.01015625 0.0125
8 0.45625 0.35625 0.0109375 0.009375
8 0.49453125 0.35390625 0.01171875 0.0125
8 0.5984375 0.33828125 0.02421875 0.015625
8 0.5734375 0.35078125 0.01015625 0.01640625
8 0.553125 0.34140625 0.021875 0.01796875
8 0.5328125 0.35234375 0.00859375 0.0109375
8 0.5140625 0.3421875 0.0203125 0.01796875
8 0.453125 0.38046875 0.0046875 0.0125
8 0.39375 0.390625 0.015625 0.03203125
8 0.7546875 0.35546875 0.03359375 0.071875
8 0.7234375 0.353125 0.02265625 0.028125
8 0.70625 0.35078125 0.01796875 0.0375
2 0.51875 0.5046875 0.1828125 0.265625
2 0.30703125 0.453125 0.14375 0.15859375
2 0.0484375 0.58984375 0.09609375 0.2765625
2 0.9375 0.55390625 0.1234375 0.2765625
2 0.9546875 0.396875 0.0875 0.1625
7 0.0234375 0.05625 0.03125 0.1015625
2 0.6859375 0.390625 0.0296875 0.01796875
2 0.71875 0.40234375 0.04296875 0.03359375