8 0.7125 0.303125 0.046875 0.03046875
8 0.60390625 0.38828125 0.0203125 0.009375
8 0.4171875 0.39375 0.01953125 0.0390625
7 0.4640625 0.2734375 0.0109375 0.04453125
7 0.48515625 0.4171875 0.00703125 0.01640625
7 0.45703125 0.45390625 0.00546875 0.0140625
7 0.74296875 0.33125 0.0328125 0.0375
1 0.26875 0.45078125 0.29609375 0.46796875
2 0.84375 0.6421875 0.31171875 0.521875
2 0.6859375 0.553125 0.1875 0.25859375
2 0.475 0.496875 0.04375 0.05546875
2 0.53671875 0.490625 0.0234375 0.04296875
2 0.06171875 0.553125 0.121875 0.12109375
8 0.0703125 0.4140625 0.01640625 0.03046875