7 0.36875 0.30546875 0.0109375 0.025
7 0.4484375 0.309375 0.0078125 0.02109375
7 0.39609375 0.3453125 0.00703125 0.02109375
7 0.45703125 0.346875 0.00703125 0.02109375
8 0.5078125 0.31328125 0.009375 0.01796875
8 0.296875 0.328125 0.01015625 0.009375
7 0.31484375 0.3609375 0.0125 0.0265625
2 0.49765625 0.37734375 0.0125 0.03203125
2 0.51953125 0.3859375 0.0265625 0.04296875
2 0.58359375 0.3984375 0.06328125 0.071875
2 0.3796875 0.37578125 0.02109375 0.034375
2 0.28046875 0.3859375 0.0328125 0.046875
2 0.2640625 0.39453125 0.02578125 0.04296875
2 0.2390625 0.396875 0.03984375 0.0515625
2 0.2140625 0.396875 0.03984375 0.059375
2 0.15859375 0.39453125 0.09375 0.09296875
2 0.3609375 0.38203125 0.0265625 0.0265625
8 0.2390625 0.35703125 0.0140625 0.01796875