7 0.22578125 0.38984375 0.0078125 0.01953125
7 0.18125 0.38984375 0.0078125 0.01953125
5 0.42421875 0.4796875 0.01953125 0.0859375
5 0.409375 0.48359375 0.0234375 0.1125
5 0.3796875 0.490625 0.0234375 0.10859375
5 0.0640625 0.48203125 0.0359375 0.09140625
2 0.1859375 0.4390625 0.01875 0.028125
2 0.165625 0.44609375 0.0328125 0.05703125
2 0.11875 0.4734375 0.075 0.10859375
2 0.20625 0.4390625 0.02265625 0.028125
2 0.26328125 0.5 0.1203125 0.1265625
1 0.7125 0.42890625 0.5390625 0.4734375
2 0.990625 0.459375 0.01875 0.065625
2 0.2796875 0.41640625 0.065625 0.05859375
2 0.2359375 0.42890625 0.02265625 0.04140625