8 0.30546875 0.40703125 0.0203125 0.0234375
8 0.33984375 0.42265625 0.00859375 0.015625
8 0.3734375 0.4046875 0.0078125 0.01796875
8 0.4875 0.409375 0.021875 0.0140625
8 0.4953125 0.42109375 0.0140625 0.021875
8 0.55234375 0.3640625 0.009375 0.03046875
8 0.5203125 0.4234375 0.01015625 0.0125
8 0.5234375 0.43828125 0.01171875 0.01640625
8 0.5546875 0.40859375 0.0140625 0.0140625
8 0.5609375 0.4234375 0.01796875 0.028125
8 0.559375 0.4484375 0.0171875 0.01953125
2 0.31875 0.471875 0.02890625 0.0359375
2 0.4265625 0.47578125 0.01171875 0.01640625
2 0.45078125 0.478125 0.01796875 0.025
2 0.4 0.4921875 0.053125 0.07109375
2 0.4859375 0.48515625 0.05625 0.08359375
8 0.62578125 0.40625 0.01484375 0.0125
2 0.634375 0.5140625 0.18984375 0.246875
2 0.78984375 0.509375 0.0828125 0.0609375
2 0.90625 0.521875 0.0484375 0.0609375
2 0.95234375 0.52109375 0.08515625 0.08203125
2 0.9859375 0.5375 0.0265625 0.0875