7 0.3265625 0.46328125 0.0125 0.0265625
2 0.02265625 0.50234375 0.0453125 0.084375
2 0.05703125 0.50625 0.06328125 0.084375
2 0.20625 0.52421875 0.040625 0.040625
2 0.265625 0.51640625 0.06015625 0.0515625
2 0.3109375 0.51953125 0.0296875 0.04140625
2 0.3625 0.515625 0.05859375 0.04140625
2 0.4046875 0.51796875 0.0328125 0.04609375
2 0.434375 0.5171875 0.0296875 0.040625
2 0.4703125 0.51875 0.02265625 0.03359375
2 0.509375 0.52265625 0.0421875 0.04453125
2 0.5328125 0.528125 0.02265625 0.028125
2 0.5609375 0.53125 0.021875 0.03046875
2 0.609375 0.52890625 0.04140625 0.04609375
2 0.840625 0.51953125 0.13828125 0.1375
2 0.87734375 0.52265625 0.08125 0.1140625
2 0.76875 0.48515625 0.03984375 0.046875
2 0.7375 0.48671875 0.034375 0.04453125
2 0.70546875 0.48828125 0.0328125 0.046875