2 0.884375 0.50234375 0.23125 0.3984375
2 0.69921875 0.4609375 0.23984375 0.27890625
2 0.46875 0.390625 0.04765625 0.06953125
2 0.4390625 0.38984375 0.02109375 0.07109375
2 0.42890625 0.37890625 0.02265625 0.0515625
2 0.4140625 0.3765625 0.01875 0.03359375
2 0.40390625 0.36875 0.0109375 0.03046875
2 0.3328125 0.359375 0.01171875 0.02890625
2 0.3203125 0.3609375 0.0125 0.03203125
2 0.296875 0.3671875 0.02421875 0.053125
2 0.265625 0.37890625 0.0328125 0.04453125
2 0.2234375 0.396875 0.05078125 0.0515625
2 0.36875 0.36015625 0.0140625 0.021875
2 0.39375 0.36328125 0.0109375 0.0265625
8 0.396875 0.3375 0.00859375 0.015625
8 0.51953125 0.17890625 0.02109375 0.05546875
8 0.6734375 0.146875 0.01484375 0.0265625
8 0.671875 0.16875 0.01796875 0.0140625
8 0.6671875 0.18203125 0.04453125 0.025
7 0.653125 0.23125 0.0125 0.04140625
7 0.4125 0.165625 0.025 0.05390625
7 0.1984375 0.1390625 0.02578125 0.05546875
8 0.2171875 0.215625 0.0203125 0.025
8 0.215625 0.1875 0.0171875 0.0234375
7 0.3875 0.32109375 0.0140625 0.0265625
8 0.521875 0.26640625 0.03046875 0.015625
8 0.53203125 0.2375 0.02109375 0.0140625
8 0.4796875 0.3015625 0.01796875 0.025