8 0.7625 0.303125 0.06875 0.11640625
8 0.4921875 0.43828125 0.01875 0.06796875
2 0.17265625 0.60234375 0.0515625 0.05546875
2 0.3265625 0.5875 0.14609375 0.24296875
2 0.0515625 0.76953125 0.103125 0.19296875
2 0.24375 0.5703125 0.02109375 0.046875
7 0.321875 0.378125 0.0125 0.0390625
8 0.31796875 0.3515625 0.01015625 0.0140625
8 0.61875 0.27421875 0.0234375 0.034375
8 0.6765625 0.0171875 0.028125 0.02890625
8 0.85078125 0.178125 0.02109375 0.03359375
0 0.39921875 0.5203125 0.02109375 0.04296875
7 0.99375 0.09375 0.009375 0.0625