2 0.4296875 0.521875 0.04296875 0.06953125
2 0.553125 0.525 0.03125 0.05390625
2 0.58125 0.534375 0.04921875 0.071875
2 0.390625 0.521875 0.075 0.0984375
2 0.621875 0.5546875 0.0796875 0.1015625
2 0.484375 0.53125 0.0859375 0.1515625
7 0.50546875 0.4640625 0.015625 0.028125
7 0.459375 0.45859375 0.01015625 0.028125
7 0.6453125 0.13671875 0.0234375 0.0390625
7 0.2359375 0.38984375 0.0171875 0.03046875
8 0.715625 0.36171875 0.03984375 0.0265625
7 0.7421875 0.41484375 0.02890625 0.0359375
2 0.53125 0.521875 0.0265625 0.0515625