2 0.546875 0.403125 0.01640625 0.02890625
2 0.546875 0.421875 0.0203125 0.021875
2 0.5328125 0.42890625 0.02421875 0.02890625
2 0.51640625 0.43984375 0.0265625 0.0265625
2 0.528125 0.48359375 0.0609375 0.08359375
8 0.2875 0.165625 0.06640625 0.1625
8 0.3078125 0.26953125 0.09140625 0.059375
8 0.86875 0.253125 0.08203125 0.1109375
8 0.86171875 0.41484375 0.03359375 0.06640625
8 0.54140625 0.03359375 0.259375 0.06640625
7 0.38359375 0.3921875 0.01171875 0.03203125
7 0.4046875 0.4578125 0.01796875 0.03203125
7 0.5875 0.409375 0.01484375 0.03359375
8 0.3359375 0.18203125 0.03125 0.12109375
2 0.61875 0.52578125 0.17265625 0.20390625