8 0.2078125 0.2828125 0.0140625 0.02109375
8 0.20546875 0.30546875 0.01171875 0.021875
8 0.334375 0.30546875 0.009375 0.015625
8 0.3265625 0.340625 0.01015625 0.02109375
8 0.35234375 0.353125 0.01171875 0.009375
8 0.403125 0.33046875 0.00859375 0.015625
7 0.35234375 0.36875 0.00703125 0.01796875
7 0.3609375 0.359375 0.00703125 0.01796875
7 0.4546875 0.3609375 0.009375 0.0109375
10 0.5015625 0.36875 0.0359375 0.05546875
2 0.51796875 0.40234375 0.04765625 0.07109375
2 0.5953125 0.43046875 0.02734375 0.06640625
8 0.59375 0.3484375 0.015625 0.009375
8 0.828125 0.3390625 0.01796875 0.028125
8 0.78359375 0.334375 0.0140625 0.028125
8 0.7484375 0.33671875 0.0125 0.0109375
2 0.81953125 0.4875 0.03046875 0.103125
5 0.98359375 0.41796875 0.021875 0.0484375
2 0.553125 0.42265625 0.06875 0.1140625
2 0.365625 0.40078125 0.03984375 0.0484375
2 0.2890625 0.40703125 0.06171875 0.0765625
2 0.2453125 0.41015625 0.0703125 0.09140625
2 0.1953125 0.415625 0.090625 0.128125
2 0.084375 0.40859375 0.16796875 0.209375
2 0.91015625 0.4921875 0.1796875 0.215625
2 0.440625 0.46171875 0.13125 0.19609375
2 0.70546875 0.48203125 0.21640625 0.28046875
2 0.0296875 0.66875 0.0578125 0.371875