7 0.21875 0.2921875 0.0109375 0.034375
7 0.3625 0.36015625 0.0109375 0.040625
7 0.43203125 0.321875 0.00625 0.03359375
7 0.440625 0.31953125 0.009375 0.028125
7 0.56171875 0.353125 0.0109375 0.03046875
7 0.54375 0.253125 0.01328125 0.0375
7 0.71953125 0.3640625 0.025 0.028125
7 0.0578125 0.31484375 0.01484375 0.075
7 0.0359375 0.2265625 0.0234375 0.08203125
7 0.0203125 0.24296875 0.02109375 0.040625
7 0.525 0.26171875 0.01328125 0.04453125
7 0.61328125 0.2453125 0.0140625 0.0484375
8 0.7609375 0.346875 0.034375 0.065625
8 0.6984375 0.36015625 0.01875 0.034375
8 0.703125 0.16640625 0.0421875 0.0515625
8 0.7171875 0.24296875 0.0265625 0.0265625
7 0.6984375 0.29453125 0.01953125 0.078125
8 0.5609375 0.39296875 0.01171875 0.034375
8 0.5609375 0.3234375 0.01171875 0.01953125
8 0.36484375 0.39765625 0.01484375 0.01640625
2 0.1625 0.51875 0.10546875 0.13203125
2 0.5546875 0.5265625 0.0765625 0.1234375
2 0.62109375 0.54140625 0.15546875 0.2015625
2 0.06015625 0.53984375 0.1203125 0.22109375
2 0.33828125 0.609375 0.38359375 0.421875
2 0.8328125 0.553125 0.33203125 0.534375
2 0.4796875 0.46953125 0.0265625 0.0515625