7 0.47578125 0.34765625 0.015625 0.034375
7 0.5671875 0.35390625 0.0140625 0.021875
7 0.5375 0.375 0.00859375 0.0234375
7 0.50390625 0.37421875 0.0109375 0.015625
2 0.303125 0.46328125 0.0671875 0.115625
2 0.24765625 0.48515625 0.0796875 0.109375
2 0.12421875 0.50390625 0.1859375 0.2125
2 0.59453125 0.42890625 0.034375 0.0625
2 0.6078125 0.44140625 0.021875 0.065625
2 0.6265625 0.44453125 0.03359375 0.08203125
2 0.71796875 0.44453125 0.1734375 0.221875
2 0.525 0.44296875 0.034375 0.05703125
2 0.51015625 0.41328125 0.0265625 0.04453125
2 0.4296875 0.4359375 0.04453125 0.0640625
2 0.57421875 0.43125 0.01328125 0.0390625
2 0.5609375 0.42734375 0.0125 0.03046875
2 0.465625 0.42734375 0.025 0.046875
2 0.484375 0.4203125 0.01953125 0.0390625