7 0.2859375 0.028125 0.02421875 0.0484375
7 0.2515625 0.04921875 0.01640625 0.04140625
7 0.51875 0.478125 0.0078125 0.0140625
7 0.4984375 0.4828125 0.01015625 0.01640625
7 0.8140625 0.45390625 0.0109375 0.01953125
7 0.825 0.453125 0.0109375 0.02109375
8 0.6375 0.41796875 0.0390625 0.025
8 0.778125 0.3828125 0.0109375 0.025
8 0.55625 0.49296875 0.01015625 0.02890625
5 0.0828125 0.57734375 0.025 0.121875
2 0.509375 0.53671875 0.0078125 0.009375
2 0.51640625 0.534375 0.00859375 0.0125
2 0.5265625 0.5328125 0.01484375 0.01796875
2 0.471875 0.53203125 0.01640625 0.01640625
2 0.45 0.5234375 0.0234375 0.01953125
2 0.3015625 0.5640625 0.08359375 0.09609375
2 0.496875 0.53125 0.01796875 0.01640625