8 0.66875 0.18125 0.02734375 0.0609375
8 0.68125 0.24296875 0.02890625 0.01640625
8 0.684375 0.26171875 0.02890625 0.015625
8 0.6640625 0.2890625 0.03046875 0.01953125
7 0.6328125 0.35390625 0.01328125 0.0234375
7 0.79765625 0.34140625 0.015625 0.0265625
2 0.33359375 0.40234375 0.02890625 0.05859375
2 0.29765625 0.4234375 0.06953125 0.115625
2 0.690625 0.45078125 0.04765625 0.103125
2 0.63515625 0.465625 0.10703125 0.1609375
2 0.175 0.43203125 0.246875 0.3234375
2 0.4578125 0.5265625 0.30859375 0.45703125
2 0.028125 0.4015625 0.05625 0.059375
2 0.8296875 0.41640625 0.03828125 0.05859375