8 0.23359375 0.3125 0.0421875 0.0125
8 0.25703125 0.30078125 0.00703125 0.028125
7 0.31328125 0.296875 0.01484375 0.03046875
7 0.4203125 0.32421875 0.01171875 0.015625
5 0.61328125 0.4671875 0.00703125 0.0359375
2 0.3296875 0.446875 0.01171875 0.02109375
2 0.378125 0.43984375 0.0125 0.01640625
2 0.3625 0.44296875 0.015625 0.01640625
2 0.3984375 0.43984375 0.0140625 0.02109375
2 0.41171875 0.446875 0.021875 0.02109375
2 0.4375 0.4609375 0.01484375 0.0265625
2 0.234375 0.43984375 0.0296875 0.025
2 0.28046875 0.471875 0.0828125 0.109375
2 0.4765625 0.4921875 0.0875 0.115625
1 0.8140625 0.48125 0.31796875 0.384375
8 0.63515625 0.31796875 0.0171875 0.0125
8 0.634375 0.334375 0.0203125 0.0109375
8 0.62734375 0.23984375 0.0390625 0.09296875
8 0.6234375 0.34453125 0.025 0.02109375