5 0.1578125 0.53671875 0.0171875 0.07890625
5 0.14375 0.540625 0.01484375 0.07890625
5 0.22734375 0.528125 0.0125 0.05390625
5 0.17890625 0.5328125 0.0171875 0.06953125
5 0.18984375 0.53828125 0.01796875 0.084375
5 0.2 0.540625 0.01484375 0.075
5 0.2125 0.53671875 0.01796875 0.075
5 0.6109375 0.51484375 0.0203125 0.0859375
5 0.5953125 0.521875 0.0171875 0.0734375
5 0.58125 0.509375 0.021875 0.075
7 0.2734375 0.3328125 0.0140625 0.04453125
7 0.41875 0.35625 0.01015625 0.0359375
7 0.6828125 0.4046875 0.02109375 0.0390625
7 0.28359375 0.33671875 0.01015625 0.04140625
7 0.19765625 0.46484375 0.015625 0.025
5 0.70546875 0.52109375 0.03046875 0.11796875
2 0.45625 0.50546875 0.0203125 0.03046875
2 0.31171875 0.52578125 0.040625 0.0515625
2 0.3984375 0.51015625 0.01015625 0.01796875
2 0.4234375 0.49453125 0.0515625 0.109375
2 0.35390625 0.534375 0.05703125 0.08203125
2 0.81875 0.509375 0.13359375 0.10390625
5 0.91171875 0.5390625 0.0515625 0.15703125
8 0.015625 0.440625 0.03125 0.03359375
8 0.1984375 0.41015625 0.015625 0.0125
8 0.6609375 0.3671875 0.03671875 0.025
8 0.74765625 0.4828125 0.021875 0.0640625
8 0.553125 0.38984375 0.021875 0.01640625
8 0.553125 0.334375 0.02421875 0.04296875
2 0.0296875 0.603125 0.05859375 0.1984375
8 0.665625 0.340625 0.01171875 0.025
8 0.7375 0.221875 0.0328125 0.059375
8 0.75390625 0.26484375 0.03125 0.046875
8 0.728125 0.2609375 0.021875 0.02109375
5 0.815625 0.54296875 0.0390625 0.13046875
10 0.384375 0.4984375 0.021875 0.034375