2 0.04921875 0.6 0.0984375 0.09453125
2 0.50546875 0.54609375 0.034375 0.05
2 0.565625 0.559375 0.0375 0.05
2 0.3765625 0.559375 0.0484375 0.0609375
2 0.47578125 0.53828125 0.02578125 0.02890625
2 0.396875 0.559375 0.02421875 0.05546875
2 0.4078125 0.55703125 0.015625 0.05
2 0.4171875 0.5484375 0.02890625 0.04609375
2 0.4375 0.540625 0.0234375 0.04140625
2 0.45234375 0.5375 0.01171875 0.03359375
2 0.5515625 0.54296875 0.0265625 0.0375
2 0.54375 0.52578125 0.015625 0.0359375
2 0.5421875 0.5125 0.015625 0.0265625
7 0.49375 0.47109375 0.0078125 0.01796875
7 0.534375 0.475 0.00625 0.028125
7 0.51796875 0.47578125 0.00625 0.021875
7 0.89921875 0.34765625 0.03203125 0.05
7 0.9296875 0.33984375 0.01953125 0.0484375
8 0.27421875 0.421875 0.0296875 0.053125
8 0.64375 0.44140625 0.01875 0.015625