8 0.2890625 0.403125 0.04296875 0.01953125
8 0.53125 0.415625 0.028125 0.01640625
8 0.5125 0.3984375 0.01875 0.028125
7 0.3328125 0.396875 0.00859375 0.03046875
7 0.4359375 0.3953125 0.009375 0.0140625
7 0.5234375 0.48125 0.01328125 0.02890625
8 0.5171875 0.465625 0.015625 0.00859375
7 0.309375 0.49375 0.00859375 0.0140625
8 0.31796875 0.47578125 0.0171875 0.0125
7 0.23125 0.49296875 0.009375 0.021875
2 0.20234375 0.565625 0.05390625 0.078125
2 0.1421875 0.58203125 0.1015625 0.10703125
2 0.63671875 0.5421875 0.0328125 0.0484375
2 0.0609375 0.59140625 0.121875 0.0984375
2 0.01875 0.6546875 0.03671875 0.153125
2 0.4390625 0.67578125 0.53046875 0.628125
5 0.66796875 0.5296875 0.02578125 0.0890625