7 0.3296875 0.371875 0.0140625 0.0515625
7 0.60625 0.21875 0.01953125 0.0625
7 0.321875 0.53046875 0.01015625 0.02109375
7 0.34375 0.53671875 0.009375 0.01640625
8 0.709375 0.503125 0.0171875 0.04140625
8 0.73046875 0.52109375 0.02421875 0.04296875
8 0.1703125 0.52265625 0.028125 0.059375
8 0.42265625 0.578125 0.0078125 0.01640625
2 0.459375 0.59765625 0.028125 0.03046875
2 0.428125 0.61875 0.028125 0.0390625
2 0.3578125 0.61640625 0.0265625 0.04296875
2 0.1609375 0.596875 0.046875 0.0375
2 0.1171875 0.62890625 0.03828125 0.0390625
2 0.6625 0.628125 0.04140625 0.06796875
2 0.015625 0.61796875 0.03125 0.05390625
2 0.39921875 0.621875 0.03828125 0.05390625
2 0.5015625 0.63046875 0.06328125 0.1
2 0.31953125 0.634375 0.07578125 0.10859375
8 0.49375 0.546875 0.01171875 0.059375
2 0.81328125 0.77265625 0.3703125 0.4484375
7 0.540625 0.56796875 0.0140625 0.0125