8 0.540625 0.4671875 0.0171875 0.01640625
8 0.55625 0.4640625 0.01484375 0.015625
8 0.5796875 0.45859375 0.01015625 0.01640625
8 0.5171875 0.35390625 0.0578125 0.0734375
8 0.5765625 0.35078125 0.0625 0.0859375
8 0.646875 0.328125 0.05 0.065625
8 0.6203125 0.465625 0.00859375 0.01953125
8 0.5328125 0.484375 0.00703125 0.0140625
8 0.5234375 0.4765625 0.00625 0.01953125
8 0.5140625 0.47109375 0.01015625 0.03203125
8 0.8203125 0.36875 0.02109375 0.05
8 0.44453125 0.325 0.04140625 0.04296875
8 0.4375 0.3640625 0.02109375 0.034375
2 0.6921875 0.490625 0.03125 0.04609375
2 0.12109375 0.5984375 0.04453125 0.05
2 0.26953125 0.565625 0.05859375 0.0375
2 0.340625 0.553125 0.028125 0.01953125
2 0.6609375 0.5015625 0.03671875 0.046875
2 0.0484375 0.6125 0.09453125 0.08046875