8 0.85390625 0.26953125 0.02890625 0.084375
8 0.6109375 0.40703125 0.0109375 0.01953125
7 0.5125 0.428125 0.00625 0.015625
7 0.5546875 0.42578125 0.00859375 0.009375
7 0.5515625 0.4375 0.00546875 0.0109375
2 0.2703125 0.5125 0.1015625 0.09296875
2 0.5421875 0.44921875 0.01484375 0.01640625
2 0.53046875 0.45625 0.0125 0.01796875
2 0.515625 0.4671875 0.02109375 0.03046875
2 0.4953125 0.46171875 0.0125 0.021875
2 0.4796875 0.4671875 0.02578125 0.03359375
2 0.55390625 0.44765625 0.009375 0.01640625
2 0.5671875 0.44921875 0.01875 0.03046875
2 0.5859375 0.4609375 0.02265625 0.028125
2 0.64765625 0.475 0.07265625 0.084375
2 0.76328125 0.51875 0.1875 0.25390625
2 0.40390625 0.51875 0.14375 0.1734375