7 0.2265625 0.3921875 0.02421875 0.03046875
7 0.16875 0.43203125 0.009375 0.021875
7 0.8796875 0.24375 0.0140625 0.03046875
8 0.7984375 0.0234375 0.11328125 0.046875
8 0.25625 0.31328125 0.01640625 0.02109375
8 0.22890625 0.29375 0.0234375 0.021875
8 0.89375 0.22421875 0.0234375 0.06953125
2 0.453125 0.459375 0.02421875 0.05
2 0.428125 0.4703125 0.04296875 0.071875
2 0.396875 0.48125 0.0484375 0.078125
5 0.4421875 0.428125 0.00703125 0.01796875
6 0.7265625 0.4296875 0.03046875 0.14609375
0 0.7171875 0.465625 0.0640625 0.090625
2 0.6421875 0.4171875 0.02421875 0.0390625
2 0.659375 0.415625 0.02421875 0.0765625
2 0.6921875 0.421875 0.06171875 0.09453125
2 0.8203125 0.4453125 0.1609375 0.2140625
10 0.6234375 0.384375 0.04765625 0.053125
2 0.5796875 0.46796875 0.11171875 0.18203125
2 0.2140625 0.6046875 0.37265625 0.415625
2 0.921875 0.484375 0.15625 0.3609375
2 0.49375 0.45 0.06953125 0.10546875