2 0.8296875 0.7890625 0.33984375 0.415625
2 0.64296875 0.77578125 0.1578125 0.24140625
2 0.55625 0.759375 0.075 0.14453125
2 0.5171875 0.753125 0.04609375 0.09609375
2 0.4796875 0.73671875 0.0609375 0.0765625
2 0.4390625 0.71875 0.0296875 0.04140625
2 0.425 0.7125 0.015625 0.025
2 0.409375 0.71328125 0.0140625 0.01796875
2 0.39140625 0.709375 0.00859375 0.02109375
2 0.3828125 0.71640625 0.0125 0.028125
2 0.3703125 0.7125 0.0171875 0.0390625
2 0.3578125 0.7203125 0.021875 0.05859375
2 0.25625 0.765625 0.07734375 0.11953125
2 0.1375 0.77421875 0.22578125 0.24453125
2 0.034375 0.89375 0.06875 0.175
8 0.03984375 0.496875 0.04296875 0.046875
8 0.2921875 0.6453125 0.01171875 0.01796875