7 0.371875 0.5515625 0.0125 0.028125
7 0.403125 0.58125 0.0078125 0.01953125
7 0.43125 0.55546875 0.0078125 0.01953125
7 0.43671875 0.58359375 0.0078125 0.00859375
7 0.39375 0.59765625 0.0078125 0.009375
2 0.62890625 0.6796875 0.09921875 0.11953125
2 0.27421875 0.65078125 0.09453125 0.09609375
2 0.55625 0.65625 0.0546875 0.065625
2 0.53125 0.6390625 0.06015625 0.0640625
2 0.2140625 0.64921875 0.05078125 0.084375
2 0.43046875 0.6203125 0.01640625 0.0234375
2 0.41171875 0.621875 0.0109375 0.015625
8 0.7234375 0.415625 0.03125 0.096875
8 0.5515625 0.47734375 0.0171875 0.0765625