2 0.1140625 0.43984375 0.146875 0.1390625
2 0.6125 0.35234375 0.04375 0.04453125
2 0.2421875 0.421875 0.0546875 0.046875
2 0.64375 0.33828125 0.0265625 0.03359375
2 0.6640625 0.33203125 0.01171875 0.02109375
2 0.678125 0.33359375 0.0109375 0.02109375
2 0.6890625 0.328125 0.009375 0.0125
2 0.796875 0.346875 0.134375 0.075
2 0.740625 0.31640625 0.01796875 0.02109375
2 0.7078125 0.3265625 0.0171875 0.01640625
7 0.4484375 0.3046875 0.0109375 0.025
7 0.72109375 0.28046875 0.009375 0.0265625
7 0.17578125 0.290625 0.0125 0.02109375
7 0.38671875 0.296875 0.01171875 0.028125
7 0.971875 0.296875 0.0078125 0.02109375
8 0.3765625 0.253125 0.02109375 0.02109375
8 0.71796875 0.2296875 0.021875 0.0375
8 0.81875 0.2703125 0.02421875 0.01796875
2 0.20390625 0.428125 0.03984375 0.05546875