7 0.33046875 0.4203125 0.009375 0.03359375
7 0.540625 0.4171875 0.0078125 0.0375
7 0.53203125 0.42109375 0.00625 0.034375
8 0.29296875 0.4140625 0.03203125 0.0265625
7 0.23359375 0.490625 0.01875 0.0234375
8 0.571875 0.421875 0.02734375 0.0140625
8 0.62890625 0.434375 0.01875 0.0234375
8 0.6359375 0.41015625 0.01328125 0.0140625
8 0.559375 0.46640625 0.01484375 0.0140625
5 0.784375 0.50546875 0.01875 0.08203125
5 0.759375 0.50703125 0.01484375 0.065625
5 0.6703125 0.52109375 0.01953125 0.0890625
5 0.975 0.5125 0.03828125 0.18046875
5 0.93125 0.52578125 0.0484375 0.1734375
5 0.7421875 0.50078125 0.01484375 0.071875
2 0.5609375 0.5140625 0.01171875 0.01953125
2 0.56875 0.5125 0.01484375 0.02109375
2 0.58125 0.515625 0.02109375 0.0375
2 0.5171875 0.5125 0.0171875 0.040625
2 0.4515625 0.51484375 0.01875 0.04453125
2 0.328125 0.5359375 0.03828125 0.04453125
2 0.190625 0.55234375 0.04609375 0.08203125
2 0.096875 0.56875 0.11328125 0.09140625
2 0.534375 0.51640625 0.03046875 0.05546875
2 0.4765625 0.51796875 0.03984375 0.0625
2 0.3984375 0.5359375 0.11328125 0.1609375
2 0.2390625 0.553125 0.103125 0.084375
10 0.6171875 0.50390625 0.0578125 0.10859375
2 0.02265625 0.57890625 0.0453125 0.0984375