2 0.5078125 0.45234375 0.01640625 0.02109375
2 0.490625 0.45 0.0109375 0.01953125
2 0.4390625 0.4484375 0.015625 0.01640625
2 0.4171875 0.45625 0.034375 0.0390625
2 0.2265625 0.46171875 0.0859375 0.071875
2 0.1453125 0.4484375 0.0671875 0.03046875
2 0.615625 0.4890625 0.12890625 0.18046875
8 0.55 0.39453125 0.015625 0.01953125
8 0.471875 0.39140625 0.01171875 0.028125
8 0.4921875 0.40234375 0.0109375 0.02109375
8 0.3890625 0.30703125 0.01484375 0.09296875
8 0.3875 0.46875 0.0125 0.01953125
8 0.38828125 0.44453125 0.0125 0.01953125
5 0.7984375 0.490625 0.02421875 0.10546875
2 0.34375 0.43203125 0.0234375 0.03046875
2 0.3625 0.42109375 0.01484375 0.021875