7 0.1765625 0.38828125 0.01640625 0.025
7 0.2671875 0.240625 0.02265625 0.05859375
7 0.25078125 0.2390625 0.0140625 0.0515625
7 0.4953125 0.33203125 0.015625 0.053125
7 0.78125 0.196875 0.01875 0.07109375
7 0.825 0.36171875 0.02109375 0.0375
8 0.315625 0.46328125 0.01171875 0.025
8 0.32109375 0.49140625 0.01015625 0.01640625
8 0.71875 0.478125 0.01015625 0.0234375
8 0.7328125 0.48828125 0.0125 0.025
5 0.0203125 0.571875 0.040625 0.209375
5 0.0609375 0.56875 0.04375 0.2
2 0.88046875 0.596875 0.2375 0.52109375
2 0.54375 0.5921875 0.2921875 0.475
2 0.18125 0.5703125 0.23515625 0.1984375
7 0.4828125 0.3296875 0.0203125 0.04609375
8 0.80390625 0.31328125 0.0359375 0.03359375
2 0.409375 0.50390625 0.02421875 0.05390625
2 0.3921875 0.51171875 0.0171875 0.028125