2 0.03828125 0.55234375 0.0765625 0.14296875
2 0.2125 0.4953125 0.084375 0.10390625
2 0.2640625 0.49921875 0.0375 0.075
2 0.2890625 0.49140625 0.0375 0.059375
2 0.31484375 0.48671875 0.03359375 0.05
2 0.340625 0.478125 0.03046875 0.05
2 0.36015625 0.47890625 0.01875 0.03046875
2 0.371875 0.47421875 0.021875 0.03359375
2 0.3859375 0.46875 0.01484375 0.0265625
2 0.58828125 0.521875 0.06484375 0.1265625
2 0.5328125 0.49140625 0.0703125 0.09296875
2 0.49375 0.4953125 0.02578125 0.075
2 0.48359375 0.4890625 0.02890625 0.0625
2 0.46875 0.48359375 0.02578125 0.05546875
2 0.4515625 0.48046875 0.0171875 0.02890625
2 0.44296875 0.47421875 0.01640625 0.025
2 0.6921875 0.55546875 0.2109375 0.21953125
2 0.421875 0.47109375 0.021875 0.021875
7 0.3734375 0.39296875 0.01171875 0.01640625
7 0.4421875 0.403125 0.0140625 0.0265625
8 0.9453125 0.1046875 0.059375 0.13046875
7 0.9828125 0.234375 0.0328125 0.071875
8 0.66953125 0.346875 0.021875 0.06953125
8 0.396875 0.4296875 0.00703125 0.01796875
8 0.42890625 0.428125 0.00703125 0.01640625
2 0.3953125 0.46875 0.0140625 0.0140625
6 0.5390625 0.5140625 0.02578125 0.09609375
3 0.54375 0.521875 0.03828125 0.06796875