7 0.43359375 0.3890625 0.00703125 0.009375
7 0.44296875 0.378125 0.00546875 0.0125
8 0.50859375 0.3765625 0.0109375 0.01953125
2 0.4359375 0.42734375 0.01953125 0.0359375
2 0.45234375 0.428125 0.01796875 0.05
2 0.4 0.428125 0.0328125 0.04296875
2 0.3734375 0.4296875 0.02265625 0.04140625
2 0.3515625 0.43359375 0.028125 0.040625
2 0.6828125 0.40234375 0.06953125 0.075
2 0.6296875 0.4078125 0.02578125 0.0359375
2 0.525 0.49375 0.1546875 0.2140625
2 0.1734375 0.3984375 0.346875 0.5875
2 0.93046875 0.37890625 0.13828125 0.0875