7 0.4046875 0.28359375 0.0140625 0.0875
7 0.63828125 0.371875 0.0109375 0.059375
7 0.384375 0.2734375 0.01640625 0.06796875
7 0.6265625 0.37265625 0.01171875 0.040625
7 0.79296875 0.54375 0.0078125 0.0234375
7 0.4484375 0.54609375 0.009375 0.0234375
7 0.55 0.54609375 0.00703125 0.0234375
2 0.42265625 0.61171875 0.03203125 0.0484375
2 0.5125 0.58984375 0.01640625 0.025
2 0.5296875 0.615625 0.03203125 0.04453125
2 0.4734375 0.6140625 0.0828125 0.1515625
10 0.68125 0.525 0.1328125 0.12890625
2 0.6734375 0.67421875 0.1875 0.2515625
8 0.7828125 0.49140625 0.0140625 0.0125
8 0.80234375 0.4765625 0.021875 0.02109375
2 0.775 0.62578125 0.0140625 0.01640625
2 0.796875 0.628125 0.01953125 0.02109375
5 0.1796875 0.63984375 0.0546875 0.209375