8 0.32890625 0.14453125 0.02421875 0.01953125
8 0.296875 0.175 0.01328125 0.009375
8 0.7484375 0.178125 0.01640625 0.0234375
8 0.73984375 0.25078125 0.0171875 0.0125
7 0.3046875 0.2125 0.0125 0.015625
7 0.74765625 0.28203125 0.015625 0.015625
7 0.715625 0.153125 0.00859375 0.0359375
7 0.53671875 0.090625 0.00859375 0.046875
7 0.6421875 0.2609375 0.00546875 0.015625
7 0.5140625 0.25546875 0.0046875 0.015625
7 0.3140625 0.184375 0.01640625 0.028125
7 0.70234375 0.153125 0.0125 0.0359375
8 0.86171875 0.184375 0.0171875 0.0265625
8 0.8578125 0.2234375 0.0203125 0.03046875
10 0.0984375 0.209375 0.196875 0.390625
2 0.225 0.25390625 0.14921875 0.2234375
2 0.471875 0.30234375 0.06640625 0.09609375
2 0.65546875 0.315625 0.06328125 0.1234375
5 0.721875 0.328125 0.015625 0.05703125
5 0.88984375 0.35390625 0.01328125 0.0640625
5 0.9078125 0.3625 0.0171875 0.0515625
5 0.76796875 0.33515625 0.02734375 0.0609375
2 0.5640625 0.3109375 0.01875 0.03359375
2 0.5140625 0.29921875 0.0171875 0.0265625
2 0.540625 0.3046875 0.015625 0.01640625
2 0.5984375 0.3171875 0.0171875 0.02109375
2 0.6171875 0.3125 0.02578125 0.05390625