2 0.334375 0.42890625 0.01953125 0.040625
2 0.26875 0.428125 0.0265625 0.046875
2 0.4328125 0.43671875 0.028125 0.040625
2 0.378125 0.46171875 0.09140625 0.1390625
2 0.05703125 0.4265625 0.1140625 0.15390625
2 0.3109375 0.4296875 0.06328125 0.078125
7 0.3921875 0.396875 0.01015625 0.021875
8 0.446875 0.40078125 0.0125 0.025
7 0.7234375 0.290625 0.0265625 0.04140625
8 0.74453125 0.240625 0.046875 0.0234375
2 0.46953125 0.43828125 0.0171875 0.03046875
2 0.49609375 0.44609375 0.04453125 0.040625
8 0.4953125 0.40625 0.01015625 0.01953125