2 0.728125 0.58359375 0.246875 0.24609375
2 0.55234375 0.5328125 0.08125 0.1125
2 0.4265625 0.52890625 0.096875 0.1390625
2 0.33671875 0.51484375 0.071875 0.11796875
2 0.37734375 0.51875 0.03359375 0.05859375
2 0.48125 0.51484375 0.02421875 0.04609375
2 0.5046875 0.5203125 0.03671875 0.059375
8 0.55 0.43203125 0.02578125 0.040625
8 0.55 0.465625 0.01484375 0.02109375
8 0.76015625 0.2703125 0.04765625 0.02890625
8 0.7609375 0.31484375 0.0515625 0.05703125
8 0.4921875 0.46875 0.0125 0.021875
8 0.4703125 0.4765625 0.009375 0.01640625
2 0.4796875 0.475 0.0078125 0.021875
2 0.4328125 0.46015625 0.015625 0.00859375
2 0.43203125 0.45 0.01171875 0.0125
2 0.390625 0.45234375 0.00703125 0.0140625