7 0.3484375 0.3984375 0.0078125 0.03359375
7 0.459375 0.384375 0.01015625 0.03203125
7 0.4546875 0.43984375 0.0078125 0.0234375
7 0.43125 0.45234375 0.00703125 0.01640625
7 0.40625 0.4453125 0.01171875 0.01640625
2 0.42578125 0.48359375 0.01484375 0.02109375
2 0.44375 0.4796875 0.01484375 0.0140625
2 0.4890625 0.490625 0.02421875 0.0375
2 0.37109375 0.496875 0.046875 0.0734375
7 0.096875 0.359375 0.00859375 0.03046875
8 0.0515625 0.3609375 0.034375 0.0140625
8 0.77265625 0.275 0.03125 0.075
5 0.940625 0.5484375 0.03359375 0.14609375
8 0.32265625 0.3921875 0.01953125 0.0125
6 0.209375 0.4953125 0.040625 0.18359375
0 0.209375 0.52890625 0.0421875 0.15703125