7 0.3078125 0.259375 0.01640625 0.05859375
7 0.503125 0.090625 0.0234375 0.08359375
7 0.4859375 0.1 0.01484375 0.06953125
7 0.6359375 0.35703125 0.0125 0.05
7 0.9953125 0.221875 0.0078125 0.0515625
0 0.5203125 0.4828125 0.0125 0.0375
2 0.48046875 0.48359375 0.0125 0.01796875
2 0.46875 0.48671875 0.01171875 0.02109375
2 0.4609375 0.490625 0.0140625 0.021875
2 0.453125 0.4890625 0.01484375 0.03359375
2 0.4421875 0.490625 0.0125 0.0359375
2 0.4265625 0.4890625 0.025 0.046875
2 0.41640625 0.49453125 0.028125 0.040625
2 0.40234375 0.49453125 0.02265625 0.05
2 0.36875 0.49453125 0.05078125 0.0625
2 0.234375 0.50703125 0.15390625 0.08359375
7 0.2265625 0.41953125 0.00859375 0.025
3 0.5203125 0.49140625 0.01015625 0.021875