2 0.61171875 0.52734375 0.015625 0.03046875
2 0.62890625 0.53515625 0.02421875 0.0390625
2 0.665625 0.54765625 0.06171875 0.06640625
2 0.71328125 0.58359375 0.0875 0.096875
2 0.79140625 0.63984375 0.134375 0.1890625
2 0.59375 0.5328125 0.0140625 0.025
2 0.5828125 0.53125 0.021875 0.03359375
2 0.571875 0.5359375 0.02578125 0.04296875
2 0.553125 0.54375 0.0390625 0.05859375
2 0.2140625 0.5484375 0.11484375 0.1609375
2 0.5203125 0.5515625 0.0484375 0.0734375
2 0.35625 0.59609375 0.20390625 0.2140625
2 0.89375 0.725 0.2078125 0.390625