8 0.2515625 0.2640625 0.0234375 0.02109375
8 0.7421875 0.1375 0.03046875 0.0234375
8 0.7171875 0.1390625 0.01953125 0.01640625
8 0.721875 0.04140625 0.0484375 0.0625
7 0.2875 0.25859375 0.00703125 0.028125
7 0.278125 0.2671875 0.0078125 0.028125
7 0.19375 0.31953125 0.009375 0.02109375
7 0.8453125 0.31328125 0.01484375 0.0265625
7 0.35 0.38046875 0.0046875 0.01953125
7 0.3640625 0.39140625 0.00546875 0.0140625
2 0.3671875 0.4109375 0.02421875 0.0375
2 0.61015625 0.43359375 0.04453125 0.096875
2 0.64375 0.4390625 0.02421875 0.04453125
2 0.86796875 0.43671875 0.0828125 0.1
2 0.33671875 0.41875 0.0578125 0.07109375
2 0.48125 0.425 0.2390625 0.475
2 0.8765625 0.58984375 0.24375 0.4609375
10 0.11875 0.375 0.2359375 0.7484375
2 0.69375 0.43671875 0.02734375 0.13203125
2 0.6671875 0.434375 0.0265625 0.140625
8 0.7265625 0.22578125 0.02421875 0.128125
0 0.2734375 0.43671875 0.0328125 0.04140625