7 0.39609375 0.44921875 0.00859375 0.040625
7 0.5484375 0.4453125 0.01328125 0.040625
7 0.4578125 0.521875 0.00625 0.028125
7 0.421875 0.52109375 0.00703125 0.02109375
8 0.2765625 0.48828125 0.021875 0.01953125
8 0.3296875 0.4609375 0.01796875 0.034375
8 0.32890625 0.50859375 0.01796875 0.01640625
8 0.6640625 0.396875 0.034375 0.05
8 0.6671875 0.471875 0.025 0.02890625
8 0.6078125 0.44140625 0.01796875 0.02890625
8 0.609375 0.48203125 0.01640625 0.015625
8 0.609375 0.50703125 0.01171875 0.0234375
7 0.2671875 0.52578125 0.021875 0.025
7 0.3203125 0.53828125 0.01328125 0.02109375
2 0.4359375 0.5828125 0.03359375 0.05546875
7 0.659375 0.51171875 0.015625 0.0234375
2 0.5984375 0.5796875 0.06484375 0.11796875
2 0.3078125 0.60546875 0.05 0.10390625
2 0.25 0.6078125 0.103125 0.11640625
2 0.1296875 0.65859375 0.1953125 0.19453125