7 0.51953125 0.203125 0.0109375 0.040625
7 0.2484375 0.18125 0.0109375 0.04140625
7 0.15234375 0.2859375 0.009375 0.0375
7 0.34296875 0.303125 0.0078125 0.028125
7 0.328125 0.30390625 0.00625 0.0265625
7 0.4546875 0.28046875 0.00625 0.0265625
7 0.3984375 0.2875 0.0078125 0.0265625
8 0.54140625 0.296875 0.01171875 0.0265625
8 0.28125 0.31484375 0.01328125 0.028125
8 0.625 0.240625 0.02109375 0.02109375
7 0.63828125 0.3109375 0.015625 0.0265625
7 0.86953125 0.27734375 0.03046875 0.0375
8 0.85 0.134375 0.03984375 0.0375
8 0.1578125 0.2 0.01484375 0.0234375
5 0.09765625 0.41640625 0.03203125 0.15703125
6 0.5171875 0.37109375 0.0171875 0.05703125
5 0.584375 0.38984375 0.01328125 0.09453125
0 0.0890625 0.453125 0.084375 0.09453125
2 0.3703125 0.35703125 0.01875 0.046875
2 0.478125 0.3671875 0.040625 0.05390625
2 0.45 0.3828125 0.07890625 0.03359375
2 0.46171875 0.3484375 0.02109375 0.034375
2 0.4125 0.37265625 0.0734375 0.1265625
2 0.33515625 0.3625 0.03984375 0.05859375
2 0.4640625 0.5578125 0.2421875 0.340625