8 0.39296875 0.278125 0.0125 0.021875
7 0.39375 0.32421875 0.015625 0.0640625
2 0.37421875 0.51640625 0.11171875 0.1484375
2 0.16328125 0.53515625 0.19609375 0.1625
2 0.46171875 0.49765625 0.0546875 0.065625
5 0.80078125 0.5296875 0.015625 0.084375
5 0.7859375 0.521875 0.0171875 0.08203125
5 0.9140625 0.53125 0.01484375 0.065625
7 0.840625 0.446875 0.015625 0.0375
6 0.8359375 0.5703125 0.11171875 0.29609375
3 0.8515625 0.628125 0.1078125 0.26640625
7 0.9703125 0.2140625 0.0421875 0.15
2 0.9703125 0.85234375 0.0578125 0.290625
2 0.55234375 0.50546875 0.0125 0.02109375
2 0.521875 0.5 0.01796875 0.028125
2 0.503125 0.490625 0.02109375 0.0375
7 0.95859375 0.396875 0.01875 0.075
7 0.97890625 0.40234375 0.01953125 0.07890625
7 0.9953125 0.3984375 0.009375 0.09140625
8 0.9609375 0.3390625 0.0171875 0.03046875
8 0.9734375 0.10625 0.025 0.046875