7 0.3203125 0.346875 0.00625 0.009375
7 0.3453125 0.365625 0.00625 0.0109375
7 0.3703125 0.34765625 0.00703125 0.0109375
8 0.3734375 0.37109375 0.01796875 0.01640625
2 0.346875 0.39296875 0.01484375 0.01796875
2 0.36875 0.3921875 0.0078125 0.0125
2 0.38125 0.3921875 0.01015625 0.01953125
2 0.303125 0.40546875 0.025 0.04296875
2 0.22265625 0.4125 0.04453125 0.05546875
2 0.1984375 0.4203125 0.0328125 0.0625
2 0.1578125 0.4234375 0.06328125 0.09453125
2 0.0875 0.4328125 0.0765625 0.1
2 0.3921875 0.41171875 0.03359375 0.075
2 0.425 0.4109375 0.053125 0.071875
2 0.4421875 0.428125 0.078125 0.09140625
2 0.5625 0.44140625 0.20625 0.15
2 0.83125 0.409375 0.33671875 0.24609375
2 0.2703125 0.428125 0.05859375 0.07890625