8 0.7671875 0.39296875 0.0265625 0.0375
8 0.7671875 0.421875 0.01328125 0.015625
8 0.9734375 0.34375 0.053125 0.121875
8 0.540625 0.42890625 0.0125 0.0234375
8 0.4765625 0.41171875 0.0234375 0.04453125
2 0.271875 0.490625 0.10703125 0.06953125
2 0.4421875 0.4921875 0.02578125 0.025
2 0.4171875 0.4875 0.02890625 0.0375
2 0.6296875 0.48515625 0.02578125 0.03046875
2 0.5875 0.4828125 0.03671875 0.05
7 0.6 0.43671875 0.009375 0.028125
7 0.6234375 0.4421875 0.01015625 0.03359375
8 0.6640625 0.434375 0.0125 0.01796875
8 0.6546875 0.45546875 0.009375 0.0234375
8 0.6703125 0.44921875 0.02109375 0.025
8 0.675 0.4796875 0.009375 0.028125