8 0.70078125 0.14921875 0.0578125 0.09296875
8 0.7015625 0.24375 0.04296875 0.06796875
8 0.56796875 0.4171875 0.01640625 0.034375
7 0.553125 0.446875 0.009375 0.0234375
7 0.540625 0.40703125 0.01484375 0.0375
7 0.48984375 0.346875 0.01484375 0.04296875
7 0.35390625 0.35078125 0.01328125 0.0265625
2 0.4453125 0.4375 0.0125 0.01953125
2 0.6578125 0.51328125 0.12265625 0.07109375
2 0.43125 0.48125 0.04375 0.07109375
2 0.521875 0.540625 0.2 0.24296875
2 0.22421875 0.6015625 0.44453125 0.55859375
7 0.61171875 0.42578125 0.01171875 0.01953125