8 0.546875 0.5140625 0.0125 0.03359375
7 0.340625 0.490625 0.0078125 0.02109375
7 0.478125 0.49609375 0.0078125 0.02109375
7 0.44453125 0.51328125 0.00546875 0.01640625
7 0.403125 0.509375 0.00703125 0.01640625
2 0.79140625 0.64296875 0.16796875 0.13203125
2 0.6640625 0.6078125 0.08671875 0.0890625
2 0.6078125 0.5921875 0.046875 0.0625
2 0.578125 0.5765625 0.04375 0.0609375
2 0.51171875 0.5765625 0.04453125 0.053125
2 0.3984375 0.55234375 0.0265625 0.02890625
2 0.0859375 0.5390625 0.08203125 0.034375
2 0.18125 0.5703125 0.0578125 0.0515625
2 0.228125 0.5671875 0.03515625 0.046875
2 0.2640625 0.56953125 0.0328125 0.03359375
2 0.2046875 0.53515625 0.0390625 0.0234375
2 0.41875 0.54765625 0.015625 0.01640625
2 0.0203125 0.5734375 0.040625 0.10703125
2 0.45625 0.546875 0.01484375 0.02109375