2 0.290625 0.38984375 0.015625 0.02109375
2 0.275 0.3890625 0.01171875 0.0234375
2 0.14375 0.4 0.0234375 0.028125
2 0.1640625 0.4015625 0.01953125 0.0265625
2 0.6953125 0.390625 0.0359375 0.04140625
2 0.7328125 0.39453125 0.05703125 0.05390625
2 0.775 0.396875 0.05390625 0.05859375
2 0.8328125 0.4015625 0.075 0.0625
2 0.3640625 0.38125 0.0109375 0.0140625
2 0.1109375 0.40078125 0.03203125 0.040625
2 0.4359375 0.384375 0.01171875 0.01953125
2 0.4125 0.3890625 0.0109375 0.01953125
2 0.38046875 0.38828125 0.0109375 0.01640625
2 0.6046875 0.459375 0.1875 0.22109375
8 0.11015625 0.353125 0.01484375 0.0265625
8 0.296875 0.31171875 0.02265625 0.03046875
8 0.534375 0.37265625 0.00625 0.021875
7 0.4421875 0.3609375 0.0078125 0.01953125
7 0.4171875 0.35859375 0.00625 0.01953125
7 0.34453125 0.3609375 0.009375 0.01953125
2 0.0046875 0.4046875 0.009375 0.034375