5 0.7234375 0.33671875 0.0265625 0.115625
7 0.09921875 0.146875 0.00703125 0.028125
8 0.3703125 0.2578125 0.015625 0.02109375
8 0.3296875 0.2609375 0.009375 0.02109375
8 0.3578125 0.26640625 0.00546875 0.01640625
2 0.3921875 0.29453125 0.01328125 0.02109375
2 0.3546875 0.29921875 0.025 0.040625
2 0.4515625 0.31171875 0.0421875 0.0625
2 0.371875 0.29375 0.01484375 0.02890625
2 0.38125 0.29375 0.01171875 0.021875
2 0.4109375 0.30078125 0.01484375 0.0359375
2 0.428125 0.3046875 0.0203125 0.04453125
10 0.28125 0.2828125 0.03125 0.0359375
2 0.3359375 0.29375 0.015625 0.01796875
2 0.25546875 0.290625 0.01328125 0.01640625
2 0.2375 0.29140625 0.021875 0.021875
2 0.19921875 0.28828125 0.025 0.02890625
2 0.1765625 0.2859375 0.02265625 0.03359375
2 0.14453125 0.28515625 0.0453125 0.05
2 0.0140625 0.296875 0.02734375 0.05546875
6 0.81484375 0.47421875 0.18359375 0.596875
0 0.8171875 0.63046875 0.209375 0.4234375
5 0.9265625 0.35078125 0.04375 0.171875
7 0.1078125 0.15 0.0109375 0.03359375
7 0.3171875 0.19765625 0.0109375 0.02890625
7 0.41796875 0.18828125 0.01484375 0.028125