2 0.1046875 0.49921875 0.0984375 0.1015625
2 0.2015625 0.49375 0.03828125 0.0640625
2 0.23515625 0.49140625 0.02734375 0.075
2 0.2796875 0.48828125 0.04140625 0.07890625
2 0.3609375 0.4859375 0.02734375 0.07109375
2 0.3765625 0.48515625 0.02734375 0.0734375
2 0.41640625 0.4921875 0.0609375 0.09453125
2 0.325 0.49375 0.0578125 0.08203125
2 0.0109375 0.496875 0.02109375 0.1
7 0.19453125 0.43359375 0.015625 0.015625
7 0.26953125 0.41953125 0.01171875 0.02109375
7 0.340625 0.41953125 0.009375 0.0125
7 0.06015625 0.18984375 0.02109375 0.0375
8 0.44765625 0.37734375 0.02421875 0.03359375
5 0.475 0.4703125 0.015625 0.04296875
7 0.53515625 0.31171875 0.009375 0.03359375
7 0.534375 0.24921875 0.0125 0.0359375
7 0.5765625 0.30703125 0.0203125 0.05
7 0.5515625 0.225 0.01484375 0.03359375
5 0.496875 0.45546875 0.01484375 0.0625
5 0.45859375 0.47734375 0.0125 0.05703125
5 0.66796875 0.4546875 0.02109375 0.14296875
5 0.7515625 0.46640625 0.0578125 0.17109375
5 0.68515625 0.50703125 0.04765625 0.203125
5 0.88046875 0.409375 0.0515625 0.1609375
2 0.9296875 0.5234375 0.13828125 0.4765625