8 0.48671875 0.196875 0.05390625 0.04296875
8 0.5453125 0.19296875 0.0609375 0.0390625
8 0.4921875 0.265625 0.01484375 0.0109375
8 0.515625 0.2640625 0.0265625 0.0109375
8 0.503125 0.27421875 0.02890625 0.00703125
2 0.45 0.30234375 0.02578125 0.03203125
2 0.4921875 0.3 0.02734375 0.03359375
2 0.54765625 0.29765625 0.03125 0.0390625
2 0.51953125 0.29375 0.0171875 0.02109375
2 0.45390625 0.296875 0.0265625 0.025
2 0.465625 0.28984375 0.0125 0.015625
2 0.5078125 0.28671875 0.01640625 0.01796875
2 0.4328125 0.29453125 0.01640625 0.0265625
2 0.63046875 0.284375 0.040625 0.0375