8 0.590625 0.34921875 0.0109375 0.01953125
8 0.253125 0.29453125 0.01640625 0.0515625
7 0.721875 0.309375 0.01875 0.0390625
7 0.4515625 0.36171875 0.01328125 0.021875
7 0.5296875 0.35859375 0.01484375 0.01953125
7 0.63203125 0.35078125 0.01328125 0.01953125
7 0.6125 0.36015625 0.0109375 0.02890625
7 0.5546875 0.384375 0.0125 0.01953125
7 0.5203125 0.3859375 0.01875 0.01640625
7 0.49375 0.3890625 0.01640625 0.01640625
2 0.47734375 0.40234375 0.021875 0.02890625
2 0.4546875 0.4109375 0.0140625 0.021875
2 0.5296875 0.396875 0.01875 0.0234375
2 0.5453125 0.40546875 0.01484375 0.01640625
2 0.6078125 0.41953125 0.02421875 0.05
2 0.565625 0.41328125 0.03359375 0.0515625
2 0.5015625 0.428125 0.0546875 0.08046875
2 0.3703125 0.428125 0.0484375 0.0515625
2 0.321875 0.4421875 0.0359375 0.0484375
2 0.2875 0.45 0.0421875 0.05703125
2 0.23125 0.4625 0.05625 0.06796875
2 0.1734375 0.48125 0.065625 0.0765625
2 0.07734375 0.49921875 0.1421875 0.1125
2 0.62890625 0.4234375 0.040625 0.06953125
2 0.6671875 0.428125 0.053125 0.084375
2 0.725 0.43515625 0.0984375 0.10703125
2 0.590625 0.4125 0.021875 0.034375