5 0.31640625 0.50859375 0.0171875 0.0765625
5 0.30625 0.50390625 0.01484375 0.08203125
5 0.28125 0.50234375 0.02109375 0.09296875
5 0.275 0.50390625 0.02421875 0.10859375
6 0.2234375 0.50234375 0.0375 0.096875
0 0.21953125 0.5265625 0.071875 0.07890625
8 0.20625 0.2703125 0.03359375 0.01796875
8 0.34765625 0.26953125 0.03671875 0.04296875
7 0.4046875 0.27578125 0.01015625 0.04140625
7 0.3953125 0.271875 0.00859375 0.04453125
2 0.521875 0.4984375 0.021875 0.04140625
7 0.59921875 0.2296875 0.015625 0.06953125
7 0.6171875 0.2 0.0171875 0.0359375
5 0.671875 0.5328125 0.0234375 0.09609375
2 0.7296875 0.44296875 0.0140625 0.03203125
2 0.47421875 0.5453125 0.1140625 0.175
5 0.0046875 0.4765625 0.009375 0.109375
5 0.68828125 0.53359375 0.0203125 0.10859375
2 0.9765625 0.821875 0.04453125 0.221875