2 0.45390625 0.471875 0.08515625 0.14453125
2 0.26484375 0.47578125 0.14375 0.1625
2 0.1859375 0.465625 0.06875 0.1265625
2 0.3640625 0.44375 0.07578125 0.0890625
2 0.4140625 0.425 0.0296875 0.05390625
2 0.509375 0.4421875 0.02890625 0.04453125
2 0.5375 0.44765625 0.03828125 0.06953125
2 0.57734375 0.45859375 0.07578125 0.1
7 0.38203125 0.3109375 0.0140625 0.028125
7 0.46875 0.31953125 0.0125 0.0234375
7 0.2859375 0.38203125 0.0078125 0.01796875
7 0.48046875 0.3828125 0.00859375 0.0140625
7 0.471875 0.3796875 0.009375 0.01796875
7 0.4671875 0.38046875 0.0078125 0.0234375
2 0.6484375 0.4328125 0.06328125 0.06953125