2 0.4203125 0.765625 0.01328125 0.01640625
2 0.45 0.76484375 0.01171875 0.01796875
2 0.4734375 0.765625 0.01484375 0.015625
2 0.4921875 0.765625 0.01171875 0.01796875
2 0.39765625 0.76484375 0.01640625 0.01796875
2 0.27109375 0.771875 0.01484375 0.01796875
7 0.3328125 0.72109375 0.00703125 0.01640625
7 0.35625 0.72109375 0.00703125 0.01640625
7 0.38046875 0.7203125 0.0078125 0.02109375
7 0.415625 0.72109375 0.00859375 0.0140625
7 0.4359375 0.721875 0.00625 0.01640625
7 0.4578125 0.72421875 0.00703125 0.01796875
7 0.48984375 0.72109375 0.0078125 0.01953125
7 0.3890625 0.54765625 0.021875 0.05546875
7 0.453125 0.54453125 0.02890625 0.0625
7 0.2796875 0.72578125 0.00703125 0.015625
7 0.3109375 0.72421875 0.01015625 0.01796875
7 0.396875 0.728125 0.01015625 0.01796875
7 0.55 0.453125 0.00859375 0.01640625
7 0.6359375 0.690625 0.0171875 0.03046875
7 0.01875 0.55546875 0.02265625 0.0609375
8 0.55390625 0.528125 0.04375 0.05390625
8 0.50625 0.528125 0.034375 0.0515625
7 0.421875 0.51953125 0.04140625 0.0234375
7 0.63515625 0.59609375 0.02421875 0.071875
7 0.6328125 0.53125 0.01640625 0.040625