2 0.446875 0.6 0.015625 0.025
2 0.42265625 0.615625 0.03359375 0.04453125
2 0.4609375 0.6328125 0.01796875 0.053125
2 0.51640625 0.62734375 0.103125 0.14609375
2 0.1 0.775 0.2 0.39140625
7 0.1390625 0.5515625 0.01796875 0.025
7 0.2203125 0.56640625 0.0125 0.01640625
7 0.41875 0.4953125 0.01171875 0.021875
7 0.49140625 0.496875 0.009375 0.01796875
7 0.3953125 0.546875 0.0125 0.0125
7 0.44375 0.54765625 0.00859375 0.015625
7 0.4171875 0.5703125 0.009375 0.015625
7 0.44375 0.571875 0.00859375 0.01796875