2 0.3578125 0.334375 0.06328125 0.0640625
2 0.4125 0.31484375 0.0390625 0.0484375
2 0.2984375 0.37265625 0.09296875 0.134375
2 0.153125 0.4078125 0.21484375 0.2390625
2 0.50390625 0.3265625 0.04609375 0.071875
7 0.5078125 0.16796875 0.0203125 0.05546875
7 0.465625 0.234375 0.015625 0.0359375
7 0.4921875 0.24921875 0.01171875 0.025
7 0.515625 0.23828125 0.01171875 0.0234375
7 0.57265625 0.23828125 0.01171875 0.0234375
7 0.55703125 0.253125 0.01171875 0.028125
7 0.6109375 0.25703125 0.01328125 0.03046875
7 0.590625 0.2546875 0.01328125 0.025
2 0.56640625 0.30859375 0.0171875 0.0359375
2 0.45625 0.32421875 0.04140625 0.0359375
2 0.60625 0.29765625 0.01640625 0.0265625
8 0.4296875 0.2375 0.01484375 0.0265625
8 0.4375 0.225 0.0171875 0.0140625
8 0.434375 0.209375 0.0125 0.01640625
7 0.2546875 0.190625 0.0125 0.0390625