7 0.5203125 0.315625 0.0203125 0.05859375
7 0.3984375 0.3609375 0.0171875 0.0359375
7 0.3734375 0.415625 0.0078125 0.01953125
7 0.315625 0.40546875 0.00859375 0.028125
7 0.18125 0.30546875 0.0203125 0.0359375
7 0.5421875 0.40546875 0.0109375 0.028125
7 0.165625 0.346875 0.009375 0.046875
8 0.12265625 0.290625 0.0625 0.03046875
8 0.440625 0.37265625 0.040625 0.0234375
8 0.38828125 0.415625 0.01640625 0.00859375
8 0.2984375 0.4 0.01953125 0.0140625
2 0.3953125 0.45390625 0.0109375 0.028125
2 0.409375 0.45390625 0.01953125 0.034375
2 0.4140625 0.4640625 0.0171875 0.0265625
2 0.41875 0.478125 0.01171875 0.03046875
2 0.440625 0.4890625 0.03515625 0.04453125
2 0.5078125 0.490625 0.06171875 0.09140625
2 0.53125 0.509375 0.06953125 0.08359375
2 0.60625 0.5140625 0.11796875 0.1515625
2 0.70703125 0.559375 0.20390625 0.1890625
2 0.3578125 0.478125 0.03046875 0.04453125
2 0.296875 0.47890625 0.03515625 0.05
2 0.2703125 0.4734375 0.03046875 0.04140625
2 0.2375 0.47265625 0.03046875 0.0484375
2 0.046875 0.47109375 0.06953125 0.078125
2 0.15 0.4796875 0.1546875 0.16640625
2 0.940625 0.67578125 0.11015625 0.2734375