2 0.0625 0.6296875 0.12421875 0.1109375
7 0.165625 0.48046875 0.01875 0.0359375
7 0.3 0.228125 0.01875 0.075
7 0.8609375 0.4109375 0.01484375 0.02890625
7 0.8390625 0.4140625 0.01484375 0.02890625
2 0.3828125 0.57421875 0.04453125 0.065625
2 0.553125 0.571875 0.03515625 0.0484375
7 0.28203125 0.2328125 0.01875 0.065625
7 0.3203125 0.23046875 0.0125 0.075
8 0.2265625 0.26640625 0.07890625 0.04609375
8 0.11953125 0.2375 0.0265625 0.0234375
8 0.1453125 0.465625 0.01796875 0.0515625
8 0.14375 0.39140625 0.01640625 0.0390625