7 0.41640625 0.37421875 0.01328125 0.04140625
7 0.4125 0.42890625 0.009375 0.040625
7 0.4328125 0.421875 0.01171875 0.046875
7 0.49375 0.34609375 0.0078125 0.046875
7 0.4265625 0.471875 0.0078125 0.02109375
7 0.48203125 0.334375 0.01484375 0.0515625
7 0.52890625 0.3359375 0.00625 0.05390625
7 0.6234375 0.41875 0.0125 0.02890625
7 0.5375 0.33828125 0.0109375 0.04609375
7 0.51875 0.334375 0.01171875 0.05546875
7 0.4140625 0.47109375 0.0078125 0.021875
7 0.09375 0.12578125 0.03515625 0.0890625
7 0.02421875 0.115625 0.04453125 0.10703125
7 0.50625 0.4921875 0.00703125 0.02109375
7 0.546875 0.509375 0.00703125 0.0140625
7 0.60859375 0.528125 0.0109375 0.01953125
8 0.6578125 0.52578125 0.00859375 0.021875
8 0.7015625 0.55859375 0.01328125 0.034375
8 0.75390625 0.5078125 0.01640625 0.01640625
8 0.7453125 0.53828125 0.01328125 0.021875
8 0.9234375 0.55703125 0.01484375 0.0359375
8 0.41796875 0.49921875 0.01328125 0.034375
8 0.459375 0.50625 0.0078125 0.0140625
7 0.475 0.5203125 0.009375 0.0140625
2 0.171875 0.51171875 0.0625 0.0640625
2 0.2359375 0.528125 0.0515625 0.0515625
2 0.2921875 0.534375 0.0515625 0.0484375
2 0.89375 0.68671875 0.165625 0.11640625
2 0.97109375 0.890625 0.0546875 0.21796875
3 0.503125 0.584375 0.01640625 0.040625
6 0.5015625 0.56953125 0.01484375 0.05390625
2 0.49296875 0.571875 0.01953125 0.03046875
2 0.52890625 0.57734375 0.03203125 0.0375
2 0.58125 0.59453125 0.0125 0.04609375
2 0.55625 0.58828125 0.0390625 0.05
2 0.734375 0.69765625 0.2 0.2765625
2 0.63203125 0.615625 0.07109375 0.08046875
8 0.28671875 0.4546875 0.0078125 0.0125
2 0.525 0.546875 0.0234375 0.02109375
8 0.0921875 0.140625 0.06328125 0.07890625
8 0.415625 0.525 0.01484375 0.0234375
2 0.98671875 0.709375 0.02265625 0.05546875