2 0.271875 0.38828125 0.03359375 0.05546875
2 0.3328125 0.37109375 0.0296875 0.04453125
2 0.5390625 0.3828125 0.02890625 0.04453125
2 0.55859375 0.38671875 0.0328125 0.0515625
2 0.5671875 0.390625 0.021875 0.046875
2 0.578125 0.396875 0.03125 0.05546875
2 0.6140625 0.39921875 0.0609375 0.0734375
2 0.6515625 0.4171875 0.0875 0.084375
2 0.7484375 0.44921875 0.12421875 0.13203125
2 0.134375 0.38125 0.065625 0.0765625
2 0.196875 0.40390625 0.13125 0.109375
2 0.309375 0.38125 0.03984375 0.04609375
2 0.065625 0.421875 0.13125 0.15546875
2 0.88046875 0.471875 0.2359375 0.24453125
2 0.6140625 0.4109375 0.03515625 0.06796875
5 0.7859375 0.3703125 0.02109375 0.04296875
7 0.5015625 0.29453125 0.00859375 0.01796875
7 0.4640625 0.290625 0.0109375 0.01796875
2 0.4546875 0.45 0.14375 0.21796875