2 0.4375 0.43203125 0.01640625 0.0265625
2 0.4265625 0.42890625 0.01875 0.0359375
2 0.4140625 0.42890625 0.02109375 0.040625
2 0.3984375 0.428125 0.0203125 0.046875
2 0.38359375 0.4265625 0.02421875 0.05546875
2 0.365625 0.42734375 0.0265625 0.05390625
2 0.346875 0.428125 0.0328125 0.065625
2 0.3171875 0.42890625 0.0453125 0.08046875
2 0.28046875 0.43046875 0.05390625 0.09609375
2 0.203125 0.4375 0.12109375 0.14140625
2 0.51328125 0.43828125 0.0140625 0.03203125
2 0.52109375 0.440625 0.02109375 0.0359375
2 0.53125 0.4453125 0.0203125 0.0359375
2 0.54375 0.446875 0.02265625 0.05
2 0.571875 0.45390625 0.046875 0.071875
2 0.615625 0.46875 0.06328125 0.09140625
2 0.665625 0.496875 0.103125 0.125
2 0.775 0.53828125 0.18828125 0.21796875
2 0.89609375 0.58203125 0.2078125 0.3671875
2 0.0859375 0.4640625 0.171875 0.171875