7 0.0421875 0.35625 0.01328125 0.01796875
7 0.10078125 0.42421875 0.00703125 0.009375
7 0.0890625 0.4359375 0.0078125 0.0109375
7 0.175 0.42890625 0.0078125 0.0140625
7 0.2234375 0.3796875 0.009375 0.015625
7 0.1375 0.44375 0.00625 0.00859375
7 0.10078125 0.4453125 0.00703125 0.00859375
7 0.0921875 0.45234375 0.00546875 0.0109375
2 0.02734375 0.47890625 0.03125 0.0375
2 0.20390625 0.48359375 0.02734375 0.03203125
2 0.2625 0.49296875 0.040625 0.0515625
2 0.16875 0.48203125 0.0359375 0.04296875
2 0.1234375 0.4921875 0.05390625 0.06640625
8 0.24296875 0.378125 0.01015625 0.021875
5 0.4703125 0.51796875 0.01328125 0.053125
5 0.05234375 0.4703125 0.0171875 0.06640625
7 0.3125 0.45234375 0.00625 0.0109375
7 0.3234375 0.45546875 0.0125 0.01796875
8 0.3140625 0.42265625 0.01484375 0.0109375
8 0.390625 0.30703125 0.0109375 0.02109375
7 0.378125 0.3640625 0.00703125 0.040625
8 0.39375 0.36953125 0.0171875 0.0109375