8 0.1828125 0.49375 0.034375 0.02109375
8 0.2359375 0.496875 0.0234375 0.015625
8 0.02734375 0.540625 0.01953125 0.0484375
8 0.89921875 0.25078125 0.04765625 0.0609375
8 0.871875 0.1578125 0.0546875 0.04453125
8 0.90625 0.0828125 0.0578125 0.05
8 0.88125 0.034375 0.03828125 0.0625
8 0.35625 0.53984375 0.02265625 0.0359375
8 0.53046875 0.6125 0.009375 0.015625
2 0.4484375 0.646875 0.01640625 0.0265625
2 0.43046875 0.64453125 0.0203125 0.0375
2 0.4109375 0.65 0.0234375 0.0375
2 0.403125 0.65625 0.02265625 0.040625
2 0.3875 0.65078125 0.02890625 0.05
2 0.371875 0.66171875 0.02890625 0.06953125
2 0.525 0.64765625 0.015625 0.0375
2 0.54296875 0.65625 0.02109375 0.06796875
2 0.5625 0.65703125 0.0328125 0.0859375
2 0.65 0.66796875 0.05234375 0.0984375
2 0.584375 0.6578125 0.025 0.09140625
2 0.32578125 0.65703125 0.0796875 0.10390625
2 0.828125 0.6234375 0.34140625 0.49140625
5 0.6125 0.646875 0.059375 0.2890625