7 0.4625 0.4515625 0.009375 0.01796875
7 0.39375 0.4484375 0.00859375 0.0125
2 0.7328125 0.6265625 0.2671875 0.24296875
2 0.6109375 0.5734375 0.13515625 0.1875
2 0.5265625 0.5484375 0.0609375 0.10859375
2 0.4890625 0.5234375 0.03125 0.071875
2 0.46875 0.52421875 0.02109375 0.059375
2 0.4546875 0.50390625 0.03515625 0.034375
2 0.0875 0.653125 0.175 0.303125
2 0.2078125 0.57578125 0.15546875 0.184375
2 0.2796875 0.54453125 0.084375 0.11640625
2 0.32421875 0.540625 0.0515625 0.09140625
2 0.34765625 0.5359375 0.05 0.0765625
2 0.371875 0.5296875 0.02734375 0.05546875
2 0.3921875 0.51875 0.02265625 0.0375