8 0.24921875 0.42421875 0.01484375 0.03359375
8 0.45859375 0.3671875 0.0296875 0.05390625
8 0.48125 0.3234375 0.0234375 0.03359375
8 0.484375 0.353125 0.025 0.015625
8 0.46015625 0.40859375 0.015625 0.03203125
8 0.4609375 0.453125 0.009375 0.01640625
8 0.4625 0.46796875 0.01015625 0.0125
8 0.4859375 0.46171875 0.0125 0.0109375
8 0.4859375 0.478125 0.009375 0.015625
7 0.18984375 0.2 0.021875 0.0484375
7 0.38984375 0.1859375 0.015625 0.04296875
7 0.37265625 0.1859375 0.0125 0.03203125
7 0.3078125 0.3140625 0.015625 0.0375
7 0.615625 0.23125 0.0140625 0.028125
7 0.5609375 0.203125 0.01171875 0.0265625
7 0.67578125 0.28828125 0.01171875 0.03046875
2 0.3765625 0.4578125 0.07578125 0.0625
2 0.31015625 0.47265625 0.02421875 0.03046875
2 0.55625 0.459375 0.05703125 0.04296875
2 0.6421875 0.43203125 0.0578125 0.0375
2 0.6921875 0.4546875 0.0703125 0.04296875
2 0.7765625 0.44453125 0.07578125 0.03359375
2 0.8140625 0.43515625 0.025 0.0265625
2 0.8515625 0.4203125 0.0484375 0.03359375
2 0.9109375 0.41640625 0.05234375 0.04140625
2 0.971875 0.415625 0.04453125 0.05546875
7 0.690625 0.34921875 0.01015625 0.02109375
7 0.153125 0.1953125 0.01875 0.0375