7 0.265625 0.73203125 0.009375 0.01640625
7 0.19453125 0.7234375 0.00703125 0.02109375
7 0.1609375 0.7515625 0.003125 0.01953125
7 0.121875 0.771875 0.00390625 0.01796875
8 0.4328125 0.74375 0.01484375 0.03359375
2 0.18515625 0.82109375 0.040625 0.04140625
2 0.1234375 0.8234375 0.0390625 0.071875
2 0.084375 0.83359375 0.04296875 0.084375
2 0.0328125 0.8359375 0.06484375 0.10390625
2 0.375 0.8234375 0.06484375 0.096875
2 0.43125 0.81796875 0.0484375 0.07890625
2 0.4359375 0.8390625 0.03203125 0.0765625
2 0.4609375 0.8484375 0.04609375 0.0859375
2 0.50234375 0.8484375 0.07421875 0.12890625
2 0.609375 0.8515625 0.2078125 0.234375