7 0.0109375 0.15078125 0.021875 0.0890625
7 0.5546875 0.3203125 0.01015625 0.053125
7 0.0375 0.1546875 0.01796875 0.07109375
7 0.54375 0.321875 0.00859375 0.04453125
7 0.671875 0.421875 0.01484375 0.01640625
7 0.7515625 0.240625 0.065625 0.071875
7 0.56640625 0.31953125 0.00859375 0.053125
7 0.22421875 0.46796875 0.01796875 0.02109375
8 0.653125 0.30859375 0.02109375 0.05546875
8 0.6671875 0.35625 0.0296875 0.01796875
8 0.709375 0.16015625 0.03984375 0.0609375
8 0.81484375 0.4421875 0.02109375 0.046875
8 0.81875 0.4765625 0.01328125 0.015625
7 0.44921875 0.140625 0.01953125 0.08203125
5 0.73125 0.49921875 0.02109375 0.11953125
5 0.703125 0.50859375 0.01953125 0.1265625
0 0.32890625 0.5546875 0.01484375 0.02890625
0 0.3171875 0.55546875 0.01484375 0.0265625
0 0.3046875 0.55546875 0.01796875 0.0265625
0 0.284375 0.55546875 0.028125 0.0375
2 0.4578125 0.5609375 0.23984375 0.365625
2 0.96875 0.48046875 0.0609375 0.15546875
2 0.909375 0.4609375 0.06953125 0.06640625