7 0.42890625 0.528125 0.00390625 0.01953125
7 0.35234375 0.52109375 0.00703125 0.015625
1 0.3546875 0.584375 0.01875 0.0484375
2 0.33671875 0.58828125 0.02421875 0.0640625
2 0.3078125 0.5875 0.05390625 0.09296875
2 0.29296875 0.609375 0.0578125 0.103125
2 0.2296875 0.61953125 0.121875 0.1375
2 0.0859375 0.67265625 0.171875 0.3796875
2 0.4015625 0.55625 0.0109375 0.0140625
10 0.440625 0.56328125 0.028125 0.03203125
2 0.45 0.60078125 0.03125 0.046875
8 0.4796875 0.5515625 0.0109375 0.02109375
2 0.4015625 0.5984375 0.04609375 0.07109375
2 0.57265625 0.66328125 0.1046875 0.11953125
2 0.7015625 0.6984375 0.2203125 0.23203125
2 0.8703125 0.8296875 0.25859375 0.32890625