8 0.44375 0.546875 0.02890625 0.02890625
8 0.509375 0.51953125 0.0125 0.05546875
8 0.5078125 0.55859375 0.01484375 0.01640625
8 0.4796875 0.5796875 0.01328125 0.021875
8 0.3046875 0.540625 0.00703125 0.01953125
2 0.453125 0.5921875 0.0078125 0.0125
2 0.42578125 0.5890625 0.01796875 0.0265625
2 0.3890625 0.5875 0.01328125 0.021875
2 0.3453125 0.584375 0.01796875 0.03203125
2 0.33203125 0.58125 0.0125 0.02890625
2 0.2765625 0.5796875 0.02578125 0.04609375
2 0.084375 0.575 0.09140625 0.10390625
2 0.43828125 0.5890625 0.0109375 0.021875
2 0.2265625 0.57578125 0.009375 0.02890625
2 0.4015625 0.590625 0.01484375 0.01953125
2 0.4140625 0.58984375 0.01015625 0.02109375
2 0.3671875 0.584375 0.0328125 0.04609375
2 0.30625 0.5875 0.0515625 0.05546875
2 0.178125 0.578125 0.10625 0.11953125
2 0.0265625 0.54375 0.02890625 0.0265625
7 0.31875 0.5515625 0.0125 0.01640625
2 0.2609375 0.56328125 0.00859375 0.009375
2 0.54765625 0.571875 0.0203125 0.01953125
2 0.4625 0.58515625 0.00859375 0.0125