8 0.77578125 0.3984375 0.06328125 0.14453125
7 0.4078125 0.5703125 0.00625 0.01953125
7 0.3671875 0.5625 0.0046875 0.01796875
2 0.421875 0.61640625 0.0109375 0.03203125
2 0.41328125 0.615625 0.01328125 0.0359375
2 0.403125 0.62421875 0.01484375 0.046875
2 0.38671875 0.62734375 0.028125 0.071875
2 0.35 0.6375 0.04609375 0.1359375
2 0.375 0.634375 0.02734375 0.08046875
2 0.2734375 0.64375 0.12265625 0.1984375
10 0.125 0.67109375 0.25 0.5671875
2 0.453125 0.60546875 0.01015625 0.0125
2 0.46875 0.61953125 0.01015625 0.03359375
2 0.475 0.61953125 0.015625 0.05
7 0.4453125 0.571875 0.00625 0.01953125
7 0.4625 0.57734375 0.009375 0.01953125
2 0.5015625 0.628125 0.0578125 0.084375
2 0.56328125 0.67109375 0.1078125 0.13203125
2 0.8640625 0.7609375 0.2703125 0.4765625
2 0.4265625 0.6125 0.009375 0.03046875
2 0.465625 0.61640625 0.0078125 0.028125