8 0.74921875 0.14375 0.02265625 0.0375
8 0.75 0.1875 0.0359375 0.05546875
8 0.43203125 0.31640625 0.0109375 0.0125
8 0.4265625 0.328125 0.01328125 0.0140625
2 0.4953125 0.3796875 0.01171875 0.028125
2 0.478125 0.39375 0.03671875 0.05859375
2 0.4484375 0.403125 0.0546875 0.075
2 0.18828125 0.3890625 0.04453125 0.0375
2 0.12890625 0.42734375 0.16796875 0.125
2 0.0703125 0.43828125 0.08125 0.10546875
2 0.040625 0.43984375 0.0796875 0.1375
2 0.07265625 0.56484375 0.1453125 0.2765625
2 0.6390625 0.29296875 0.16953125 0.253125
2 0.6078125 0.47265625 0.30546875 0.421875
10 0.3171875 0.36484375 0.228125 0.32890625