2 0.303125 0.578125 0.02421875 0.03203125
2 0.3484375 0.578125 0.034375 0.05546875
2 0.409375 0.59453125 0.0703125 0.08046875
2 0.2328125 0.60078125 0.04375 0.06953125
2 0.5234375 0.6 0.1671875 0.178125
2 0.1703125 0.61953125 0.04140625 0.065625
2 0.0859375 0.678125 0.171875 0.23046875
7 0.296875 0.45234375 0.0171875 0.040625
7 0.11953125 0.50859375 0.021875 0.03046875
2 0.2875 0.5765625 0.01484375 0.0234375
2 0.2625 0.584375 0.015625 0.021875
7 0.21875 0.5453125 0.0171875 0.02890625
5 0.534375 0.51015625 0.01640625 0.02890625
5 0.6 0.50859375 0.01484375 0.0484375
5 0.6125 0.51640625 0.01640625 0.0609375
5 0.74921875 0.509375 0.02421875 0.0875
7 0.24375 0.55625 0.00859375 0.02109375