2 0.503125 0.6203125 0.00859375 0.01953125
2 0.49453125 0.62265625 0.0125 0.025
2 0.475 0.6203125 0.0328125 0.053125
2 0.54140625 0.6046875 0.0109375 0.01640625
2 0.528125 0.628125 0.040625 0.05859375
2 0.3234375 0.6171875 0.0546875 0.03359375
2 0.284375 0.62265625 0.02890625 0.0234375
2 0.253125 0.62578125 0.021875 0.02109375
2 0.03125 0.64140625 0.06171875 0.0875
2 0.1453125 0.63203125 0.134375 0.103125
2 0.41875 0.64453125 0.1015625 0.12890625
2 0.6484375 0.665625 0.21328125 0.23359375
8 0.303125 0.5015625 0.04296875 0.078125
8 0.34296875 0.52734375 0.01484375 0.028125
8 0.34375 0.56484375 0.03046875 0.04296875
8 0.4 0.56171875 0.0171875 0.028125
8 0.4359375 0.57421875 0.0125 0.0109375
8 0.4828125 0.5921875 0.00703125 0.01640625
7 0.48359375 0.56796875 0.0046875 0.0140625