2 0.8875 0.6546875 0.221875 0.3875
2 0.5078125 0.56640625 0.0484375 0.07890625
8 0.4109375 0.50078125 0.015625 0.0234375
8 0.25 0.503125 0.021875 0.05
8 0.74921875 0.5203125 0.0203125 0.04140625
2 0.01875 0.590625 0.02890625 0.01640625
2 0.05546875 0.59921875 0.015625 0.0140625
2 0.4265625 0.56640625 0.0171875 0.0234375
2 0.4484375 0.56953125 0.01171875 0.021875
2 0.46875 0.56875 0.02734375 0.034375
7 0.4875 0.51328125 0.01171875 0.02109375
7 0.43125 0.5140625 0.009375 0.021875
7 0.44921875 0.51171875 0.009375 0.01953125
7 0.46875 0.5140625 0.009375 0.01953125
2 0.13515625 0.584375 0.02265625 0.0234375