7 0.3390625 0.4546875 0.0125 0.01953125
7 0.475 0.384375 0.009375 0.01953125
7 0.5046875 0.50859375 0.0078125 0.01953125
7 0.48359375 0.496875 0.0125 0.0140625
7 0.48984375 0.50625 0.0078125 0.01953125
8 0.5515625 0.45 0.0125 0.0390625
8 0.90859375 0.30078125 0.034375 0.04609375
2 0.4953125 0.52421875 0.01328125 0.01640625
2 0.5015625 0.52578125 0.0125 0.01953125
2 0.509375 0.528125 0.0109375 0.01953125
2 0.51875 0.52265625 0.01484375 0.01953125
2 0.53203125 0.52890625 0.01875 0.03203125
2 0.4828125 0.521875 0.0125 0.0265625
2 0.471875 0.52578125 0.009375 0.03359375
2 0.46328125 0.51953125 0.01796875 0.0359375
2 0.4390625 0.5265625 0.04609375 0.07109375
2 0.5578125 0.540625 0.034375 0.0484375
2 0.21328125 0.609375 0.26640625 0.26953125
2 0.334375 0.5 0.0875 0.09453125
5 0.775 0.56171875 0.02578125 0.11640625