8 0.525 0.40859375 0.009375 0.0234375
2 0.359375 0.4640625 0.03203125 0.034375
2 0.3296875 0.471875 0.0140625 0.01953125
2 0.3125 0.4734375 0.01640625 0.0265625
2 0.284375 0.478125 0.0171875 0.02890625
2 0.26015625 0.484375 0.03359375 0.046875
2 0.2328125 0.4859375 0.021875 0.046875
2 0.184375 0.49453125 0.04140625 0.0515625
2 0.1640625 0.50625 0.0234375 0.046875
2 0.1375 0.5125 0.03046875 0.04453125
2 0.109375 0.51875 0.028125 0.05
2 0.046875 0.5296875 0.09375 0.0625
2 0.4734375 0.4734375 0.02421875 0.06953125
2 0.5109375 0.478125 0.0625 0.084375
2 0.8484375 0.565625 0.30078125 0.509375
2 0.20625 0.4859375 0.05234375 0.05390625
2 0.2953125 0.47890625 0.01328125 0.025