8 0.08125 0.2390625 0.0390625 0.0234375
8 0.0796875 0.27265625 0.028125 0.046875
8 0.6453125 0.4140625 0.01171875 0.01953125
8 0.6390625 0.43203125 0.015625 0.01640625
8 0.5421875 0.45078125 0.01328125 0.0140625
8 0.2921875 0.36640625 0.01875 0.0125
8 0.2921875 0.38671875 0.0109375 0.0234375
8 0.303125 0.4125 0.01640625 0.028125
7 0.42890625 0.29609375 0.009375 0.03359375
7 0.615625 0.3203125 0.0078125 0.0375
7 0.57578125 0.4125 0.00546875 0.01796875
7 0.5140625 0.41015625 0.00546875 0.02109375
7 0.62109375 0.41875 0.00390625 0.01640625
7 0.62734375 0.4390625 0.003125 0.0140625
7 0.5953125 0.43125 0.003125 0.0140625
7 0.4984375 0.45234375 0.003125 0.0125
2 0.2390625 0.453125 0.04609375 0.0484375
2 0.1796875 0.4578125 0.04453125 0.0484375
2 0.1390625 0.45859375 0.03984375 0.046875
2 0.09375 0.4578125 0.04609375 0.0484375
2 0.0375 0.45859375 0.06796875 0.0484375
2 0.309375 0.45625 0.02421875 0.02890625
2 0.2890625 0.4546875 0.02734375 0.040625
2 0.43203125 0.4578125 0.02265625 0.03359375
2 0.40078125 0.46171875 0.021875 0.040625
2 0.36640625 0.46484375 0.0578125 0.08203125
6 0.3828125 0.49375 0.03671875 0.11796875
3 0.3796875 0.53046875 0.04296875 0.1125
2 0.475 0.4671875 0.0296875 0.046875
2 0.53203125 0.46640625 0.02265625 0.03203125
2 0.58125 0.4640625 0.01796875 0.025
2 0.609375 0.47109375 0.0203125 0.02890625
2 0.88125 0.46640625 0.1609375 0.146875
7 0.1046875 0.19453125 0.01796875 0.06640625
7 0.12265625 0.1953125 0.01875 0.07109375
7 0.62734375 0.309375 0.01015625 0.03203125