2 0.12890625 0.52578125 0.2578125 0.26796875
2 0.2953125 0.47421875 0.13046875 0.13359375
2 0.396875 0.45546875 0.0484375 0.0609375
2 0.36640625 0.4625 0.034375 0.065625
2 0.44375 0.44765625 0.0234375 0.0375
2 0.46484375 0.446875 0.02734375 0.0265625
2 0.4828125 0.446875 0.01640625 0.0265625
8 0.1609375 0.3671875 0.01953125 0.03359375
8 0.371875 0.3890625 0.0171875 0.03359375
7 0.2453125 0.278125 0.0109375 0.0484375
7 0.2375 0.278125 0.00859375 0.0390625
7 0.2546875 0.278125 0.01015625 0.0390625
7 0.603125 0.23125 0.01328125 0.04140625
7 0.59375 0.22734375 0.0109375 0.0375
8 0.77109375 0.23359375 0.01875 0.01953125
2 0.7671875 0.428125 0.06875 0.071875