7 0.17734375 0.040625 0.0203125 0.08125
7 0.678125 0.034375 0.015625 0.065625
7 0.1546875 0.040625 0.01875 0.08125
7 0.19921875 0.046875 0.01875 0.084375
7 0.65625 0.03828125 0.02109375 0.0765625
7 0.6921875 0.0390625 0.01015625 0.078125
7 0.840625 0.390625 0.0078125 0.02109375
7 0.521875 0.3953125 0.0078125 0.0125
7 0.484375 0.384375 0.00703125 0.0140625
8 0.196875 0.3140625 0.01484375 0.0390625
8 0.559375 0.39453125 0.01015625 0.025
2 0.37109375 0.43984375 0.02109375 0.065625
2 0.3375 0.440625 0.03671875 0.078125
2 0.5484375 0.43671875 0.0140625 0.028125
2 0.565625 0.44609375 0.02109375 0.04609375
2 0.9015625 0.4359375 0.071875 0.071875
2 0.2953125 0.45 0.065625 0.071875
2 0.42734375 0.434375 0.06015625 0.09453125
2 0.51953125 0.43671875 0.015625 0.02109375
2 0.6 0.4453125 0.04765625 0.065625
2 0.821875 0.44375 0.0859375 0.05703125
2 0.9609375 0.46796875 0.0765625 0.1125
8 0.61640625 0.38125 0.0109375 0.04453125
8 0.196875 0.434375 0.0109375 0.040625