2 0.4578125 0.4453125 0.01484375 0.0265625
2 0.4953125 0.4421875 0.01015625 0.03359375
2 0.546875 0.44453125 0.021875 0.025
2 0.478125 0.44296875 0.028125 0.04296875
2 0.5234375 0.440625 0.02109375 0.03359375
2 0.4234375 0.45859375 0.04765625 0.0625
2 0.56875 0.45078125 0.021875 0.02109375
2 0.6015625 0.45078125 0.0234375 0.03359375
5 0.1109375 0.52734375 0.04375 0.24296875
5 0.053125 0.5296875 0.06875 0.26953125
5 0.390625 0.4359375 0.01171875 0.034375
8 0.3875 0.0546875 0.115625 0.0515625
8 0.475 0.37578125 0.01953125 0.00859375
7 0.49453125 0.40625 0.009375 0.0125
7 0.5078125 0.365625 0.0078125 0.01796875
7 0.434375 0.41328125 0.009375 0.01796875
7 0.5640625 0.40859375 0.009375 0.01640625
7 0.59296875 0.37734375 0.0078125 0.01640625
7 0.628125 0.4109375 0.01171875 0.0140625
7 0.653125 0.428125 0.00703125 0.01796875
8 0.4796875 0.4109375 0.01171875 0.00703125
8 0.58125 0.4078125 0.01875 0.009375
8 0.6125 0.384375 0.02109375 0.0109375
8 0.6484375 0.37890625 0.01171875 0.00546875
2 0.62734375 0.45390625 0.02109375 0.02109375
5 0.66640625 0.45546875 0.01171875 0.034375
5 0.87265625 0.4765625 0.01328125 0.06953125
5 0.703125 0.45234375 0.01015625 0.03359375
8 0.209375 0.3015625 0.028125 0.09296875
8 0.1625 0.1265625 0.0546875 0.034375
7 0.13984375 0.3203125 0.01484375 0.0515625
7 0.121875 0.32109375 0.01640625 0.0515625
7 0.63203125 0.053125 0.021875 0.046875