7 0.578125 0.0296875 0.02265625 0.059375
7 0.5453125 0.0265625 0.02265625 0.053125
7 0.1140625 0.2875 0.01875 0.05
7 0.7125 0.334375 0.0140625 0.05
7 0.721875 0.378125 0.01484375 0.03203125
7 0.88359375 0.38828125 0.0203125 0.040625
7 0.9234375 0.21875 0.01875 0.0640625
2 0.79765625 0.46171875 0.13125 0.09296875
8 0.075 0.29921875 0.05234375 0.0234375
8 0.121875 0.21875 0.0109375 0.0390625
8 0.51953125 0.42734375 0.03359375 0.0234375
2 0.17265625 0.49609375 0.08203125 0.053125
2 0.28125 0.48125 0.05 0.04296875
2 0.46796875 0.48671875 0.025 0.03203125
2 0.43828125 0.478125 0.028125 0.03046875
2 0.384375 0.478125 0.02421875 0.03359375
2 0.34609375 0.48046875 0.03671875 0.04453125
7 0.696875 0.33359375 0.0109375 0.0625