2 0.475 0.46171875 0.01640625 0.03046875
2 0.46484375 0.465625 0.0171875 0.0234375
2 0.4515625 0.465625 0.01953125 0.0375
2 0.3921875 0.48203125 0.04140625 0.05390625
2 0.4296875 0.47109375 0.01875 0.0390625
2 0.4125 0.47265625 0.02421875 0.04296875
2 0.2515625 0.509375 0.06796875 0.10859375
2 0.121875 0.51796875 0.18515625 0.18203125
2 0.49375 0.45859375 0.02109375 0.040625
2 0.51953125 0.459375 0.01328125 0.021875
2 0.54921875 0.45859375 0.01171875 0.03203125
2 0.55625 0.45859375 0.01953125 0.034375
2 0.5609375 0.4625 0.0234375 0.04296875
2 0.5984375 0.484375 0.0359375 0.0984375
2 0.6375 0.465625 0.09296875 0.18203125
2 0.7859375 0.54140625 0.30390625 0.303125
8 0.34453125 0.37890625 0.01328125 0.0109375
8 0.3515625 0.39765625 0.0171875 0.0125
7 0.34375 0.425 0.01015625 0.015625
7 0.38203125 0.28359375 0.0140625 0.0265625
7 0.4234375 0.25234375 0.00859375 0.04140625
7 0.5453125 0.30234375 0.01640625 0.05546875
8 0.57578125 0.31328125 0.03984375 0.015625
8 0.6703125 0.28359375 0.0203125 0.015625
8 0.65625 0.31484375 0.025 0.01640625
8 0.5828125 0.415625 0.01015625 0.0265625
7 0.49375 0.409375 0.01015625 0.021875
7 0.5328125 0.40703125 0.0078125 0.021875
7 0.5140625 0.42734375 0.009375 0.01640625
8 0.4765625 0.409375 0.01484375 0.00859375
8 0.2296875 0.36015625 0.025 0.01640625
7 0.23203125 0.39765625 0.00859375 0.01953125