7 0.48203125 0.428125 0.01328125 0.02109375
7 0.509375 0.4296875 0.0109375 0.021875
7 0.53828125 0.41875 0.0140625 0.0265625
8 0.1046875 0.28671875 0.06328125 0.1109375
8 0.11484375 0.390625 0.02890625 0.0640625
8 0.0296875 0.3578125 0.05859375 0.1125
8 0.440625 0.4609375 0.0109375 0.01953125
8 0.4328125 0.45859375 0.0125 0.025
8 0.665625 0.440625 0.028125 0.03359375
8 0.571875 0.46328125 0.0140625 0.01796875
2 0.540625 0.49921875 0.0375 0.059375
2 0.4875 0.509375 0.0796875 0.125
2 0.6765625 0.59296875 0.28359375 0.29296875
7 0.1015625 0.16328125 0.025 0.0609375
5 0.35234375 0.490625 0.015625 0.084375
5 0.3734375 0.48203125 0.0203125 0.075
5 0.396875 0.490625 0.01875 0.09296875