7 0.440625 0.15625 0.01171875 0.05390625
7 0.525 0.16953125 0.01171875 0.046875
7 0.69609375 0.29453125 0.01875 0.034375
7 0.6796875 0.290625 0.01171875 0.0375
7 0.434375 0.3421875 0.009375 0.03359375
5 0.1421875 0.390625 0.0328125 0.1015625
5 0.7 0.41875 0.02890625 0.16640625
5 0.1890625 0.378125 0.01875 0.07890625
2 0.3484375 0.3875 0.0359375 0.0515625
2 0.32578125 0.3875 0.02890625 0.0609375
2 0.2984375 0.39375 0.03984375 0.071875
2 0.74296875 0.396875 0.06171875 0.065625
2 0.78671875 0.396875 0.02734375 0.04140625
2 0.3921875 0.3796875 0.03984375 0.05703125
2 0.42421875 0.378125 0.01953125 0.0234375
2 0.496875 0.3859375 0.015625 0.0265625
2 0.2421875 0.38984375 0.08984375 0.103125
2 0.45234375 0.384375 0.0265625 0.03359375
7 0.084375 0.25703125 0.015625 0.034375
7 0.103125 0.25859375 0.01328125 0.03359375
2 0.89296875 0.41640625 0.06640625 0.05703125