2 0.3609375 0.5484375 0.02578125 0.04609375
2 0.3484375 0.553125 0.02890625 0.0390625
2 0.31796875 0.55390625 0.03984375 0.0484375
2 0.2921875 0.56484375 0.03203125 0.0375
2 0.24765625 0.57265625 0.0625 0.06640625
2 0.4953125 0.54140625 0.01640625 0.034375
2 0.51875 0.5421875 0.0328125 0.05546875
5 0.55 0.56640625 0.03125 0.14453125
2 0.64140625 0.58828125 0.09375 0.12890625
2 0.79765625 0.57890625 0.21484375 0.28046875
2 0.4359375 0.59453125 0.10625 0.14296875
7 0.39609375 0.48359375 0.009375 0.01953125
7 0.45234375 0.48671875 0.00859375 0.02109375
8 0.7546875 0.38359375 0.04921875 0.034375
8 0.70703125 0.4421875 0.025 0.0140625
8 0.18046875 0.428125 0.02109375 0.02109375