2 0.09765625 0.51484375 0.19453125 0.2234375
2 0.21484375 0.478125 0.0984375 0.140625
2 0.2859375 0.44921875 0.07265625 0.1015625
2 0.3203125 0.4359375 0.03359375 0.065625
2 0.34375 0.4296875 0.03203125 0.0609375
2 0.365625 0.4265625 0.0234375 0.05
2 0.378125 0.42421875 0.02109375 0.0375
2 0.39140625 0.421875 0.01875 0.0234375
2 0.4 0.42109375 0.01328125 0.0265625
2 0.44375 0.41875 0.01484375 0.021875
2 0.45703125 0.42421875 0.02109375 0.02890625
2 0.46796875 0.42265625 0.01875 0.0390625
2 0.4859375 0.428125 0.0296875 0.05390625
2 0.5046875 0.44140625 0.0359375 0.06796875
2 0.54375 0.459375 0.06171875 0.0859375
2 0.578125 0.4796875 0.0828125 0.11796875
2 0.6296875 0.50625 0.1328125 0.17890625
2 0.821875 0.57109375 0.35 0.31796875
2 0.4234375 0.42109375 0.03046875 0.0390625