2 0.1578125 0.58046875 0.24765625 0.25
2 0.34375 0.51953125 0.06484375 0.08203125
2 0.4484375 0.4890625 0.0203125 0.0375
2 0.02890625 0.5625 0.0578125 0.11953125
2 0.3 0.5 0.03828125 0.04453125
2 0.265625 0.5125 0.03515625 0.0484375
2 0.3765625 0.496875 0.028125 0.04296875
2 0.4265625 0.48515625 0.01171875 0.02109375
2 0.41640625 0.484375 0.01015625 0.0234375
2 0.40390625 0.484375 0.01484375 0.02109375
2 0.39140625 0.48984375 0.01171875 0.02109375
2 0.4625 0.48828125 0.01015625 0.028125
7 0.21875 0.37734375 0.00859375 0.015625
7 0.22578125 0.359375 0.00859375 0.01640625
7 0.378125 0.3515625 0.00703125 0.015625
7 0.3703125 0.36875 0.00546875 0.0140625
7 0.384375 0.4484375 0.00546875 0.0109375
7 0.40625 0.459375 0.00390625 0.00703125
7 0.44375 0.4546875 0.00390625 0.00859375
7 0.91796875 0.365625 0.015625 0.03046875
7 0.20390625 0.36171875 0.00390625 0.01640625
7 0.12578125 0.440625 0.00703125 0.02109375
8 0.52421875 0.30703125 0.021875 0.04296875
8 0.55625 0.24296875 0.0453125 0.08359375
8 0.4796875 0.396875 0.01796875 0.0125
8 0.521875 0.3625 0.034375 0.02890625
8 0.58046875 0.06015625 0.0359375 0.0734375
8 0.6 0.14140625 0.03203125 0.08203125
8 0.5703125 0.13828125 0.0265625 0.0515625
5 0.55625 0.478125 0.0109375 0.046875
5 0.53671875 0.4796875 0.00859375 0.046875
5 0.6421875 0.39765625 0.02265625 0.065625
5 0.63125 0.54375 0.04375 0.3125
5 0.67421875 0.55859375 0.08125 0.409375
5 0.89921875 0.4984375 0.07578125 0.340625
5 0.94765625 0.5109375 0.07421875 0.3875
5 0.74375 0.571875 0.08984375 0.44296875
5 0.5125 0.50703125 0.01953125 0.140625
5 0.47890625 0.490625 0.01640625 0.0640625
2 0.890625 0.50234375 0.090625 0.10546875
2 0.81328125 0.50859375 0.0828125 0.10390625
5 0.4984375 0.490625 0.00859375 0.05
1 0.05625 0.4390625 0.1125 0.071875