2 0.246875 0.53359375 0.02109375 0.040625
2 0.2265625 0.53125 0.02109375 0.05390625
2 0.2015625 0.5390625 0.0546875 0.0765625
2 0.096875 0.57109375 0.1140625 0.109375
5 0.0421875 0.55234375 0.0203125 0.08203125
2 0.35859375 0.5 0.01640625 0.01953125
2 0.375 0.50078125 0.0234375 0.0234375
2 0.403125 0.51328125 0.0234375 0.028125
2 0.4515625 0.521875 0.03828125 0.03046875
2 0.4953125 0.5140625 0.0390625 0.05390625
2 0.5234375 0.51640625 0.03125 0.05546875
2 0.5453125 0.51015625 0.04453125 0.07109375
2 0.5828125 0.51484375 0.0625 0.090625
2 0.6484375 0.51328125 0.11328125 0.12109375
2 0.78984375 0.540625 0.18828125 0.153125
8 0.3203125 0.4671875 0.01484375 0.01953125
8 0.321875 0.48984375 0.0078125 0.01953125
7 0.3421875 0.46953125 0.009375 0.0140625
2 0.2625 0.515625 0.01796875 0.03359375