5 0.69609375 0.5265625 0.0328125 0.06953125
2 0.08046875 0.4796875 0.08515625 0.10703125
2 0.13046875 0.4640625 0.0359375 0.04453125
2 0.1515625 0.515625 0.06953125 0.1
2 0.07265625 0.603125 0.1453125 0.3140625
2 0.50078125 0.52734375 0.0515625 0.0765625
2 0.6109375 0.65703125 0.246875 0.321875
2 0.3109375 0.6421875 0.39375 0.51640625
7 0.1828125 0.384375 0.01484375 0.03203125
8 0.1796875 0.4375 0.01171875 0.01796875
8 0.0734375 0.340625 0.025 0.10390625
8 0.01953125 0.37265625 0.0390625 0.01640625
8 0.05 0.36171875 0.015625 0.02109375
8 0.059375 0.253125 0.04296875 0.04296875
7 0.08828125 0.37421875 0.00859375 0.0375
7 0.0125 0.4125 0.00859375 0.01796875
2 0.9640625 0.721875 0.06640625 0.24296875