7 0.1640625 0.428125 0.0171875 0.034375
7 0.2984375 0.1390625 0.01484375 0.0984375
7 0.9859375 0.4703125 0.025 0.04453125
7 0.953125 0.471875 0.01875 0.04140625
7 0.2796875 0.140625 0.015625 0.084375
7 0.3140625 0.140625 0.01875 0.07109375
8 0.246875 0.20546875 0.03984375 0.06796875
8 0.95625 0.3453125 0.01875 0.0234375
8 0.3796875 0.4609375 0.01328125 0.01640625
8 0.3796875 0.4234375 0.01875 0.02109375
8 0.37578125 0.40859375 0.015625 0.01953125
2 0.00625 0.51171875 0.0125 0.0546875
2 0.0234375 0.51640625 0.03203125 0.04296875
2 0.059375 0.52578125 0.05 0.0609375