2 0.5140625 0.53828125 0.015625 0.02109375
2 0.49375 0.540625 0.01328125 0.025
2 0.4703125 0.53125 0.02109375 0.0515625
2 0.4421875 0.546875 0.04453125 0.08203125
2 0.40234375 0.55703125 0.0609375 0.14453125
2 0.34296875 0.57421875 0.11796875 0.165625
2 0.2546875 0.60859375 0.18125 0.225
2 0.5390625 0.5421875 0.01328125 0.0234375
2 0.55546875 0.54921875 0.0234375 0.028125
2 0.57578125 0.5515625 0.02734375 0.04453125
2 0.59375 0.5734375 0.03125 0.05546875
2 0.6234375 0.565625 0.04453125 0.140625
2 0.66875 0.5875 0.065625 0.159375
2 0.7921875 0.62421875 0.23125 0.2640625
2 0.934375 0.6640625 0.13046875 0.275
2 0.10625 0.63984375 0.2125 0.359375
2 0.52734375 0.5421875 0.01015625 0.01953125