7 0.321875 0.171875 0.0265625 0.10859375
7 0.29375 0.17734375 0.0234375 0.08203125
7 0.871875 0.05703125 0.0328125 0.10390625
7 0.91328125 0.0578125 0.040625 0.1140625
7 0.096875 0.44375 0.02265625 0.03359375
7 0.79375 0.45859375 0.02109375 0.040625
7 0.125 0.44921875 0.01328125 0.03046875
7 0.7671875 0.4578125 0.0171875 0.03359375
7 0.5484375 0.49609375 0.009375 0.03046875
7 0.5609375 0.5359375 0.0109375 0.02109375
7 0.47734375 0.496875 0.0109375 0.028125
7 0.51484375 0.5171875 0.009375 0.0265625
7 0.48984375 0.5171875 0.00625 0.0265625
8 0.1140625 0.36484375 0.040625 0.03046875
8 0.0953125 0.33359375 0.034375 0.01953125
8 0.2375 0.453125 0.02109375 0.05703125
8 0.59375 0.515625 0.0109375 0.01953125
8 0.415625 0.53828125 0.01484375 0.0265625
8 0.6234375 0.5140625 0.015625 0.01953125
2 0.45703125 0.5671875 0.01953125 0.0375
2 0.3984375 0.57734375 0.0359375 0.0609375
2 0.3609375 0.58046875 0.05390625 0.0875
2 0.5484375 0.559375 0.0109375 0.034375
2 0.55390625 0.565625 0.0109375 0.03359375
2 0.565625 0.571875 0.0234375 0.04140625
2 0.5859375 0.575 0.02890625 0.0515625
2 0.6109375 0.575 0.03828125 0.0890625
2 0.434375 0.571875 0.0328125 0.046875
2 0.3125 0.6015625 0.0953125 0.1015625
2 0.5359375 0.56171875 0.01484375 0.02109375
2 0.5046875 0.57734375 0.040625 0.05546875
2 0.63359375 0.5828125 0.03828125 0.1015625
2 0.67734375 0.5953125 0.090625 0.12109375