1 0.78203125 0.53671875 0.196875 0.2515625
2 0.3515625 0.5765625 0.0546875 0.0625
2 0.40625 0.56171875 0.02734375 0.0390625
2 0.4359375 0.56953125 0.046875 0.05859375
2 0.584375 0.575 0.0328125 0.08046875
2 0.02421875 0.63984375 0.0484375 0.1359375
2 0.92890625 0.65078125 0.1421875 0.2015625
2 0.5234375 0.61015625 0.13828125 0.20390625
7 0.43125 0.48515625 0.0125 0.021875
7 0.5171875 0.46953125 0.0078125 0.0234375
7 0.51171875 0.46953125 0.00546875 0.02890625
8 0.55625 0.4625 0.03671875 0.0140625
8 0.6140625 0.48203125 0.01640625 0.009375
8 0.60234375 0.49296875 0.0125 0.0125
8 0.6390625 0.51171875 0.0109375 0.01640625
8 0.371875 0.50625 0.01484375 0.00390625
8 0.375 0.509375 0.01328125 0.00703125
2 0.6265625 0.5421875 0.02578125 0.03359375
7 0.63359375 0.5375 0.0109375 0.01640625
2 0.659375 0.55703125 0.0328125 0.0359375
7 0.3703125 0.52734375 0.009375 0.01953125
2 0.25 0.56875 0.03828125 0.04296875