2 0.31328125 0.490625 0.0375 0.04453125
2 0.2328125 0.49921875 0.06953125 0.0609375
2 0.0359375 0.521875 0.06953125 0.078125
2 0.12734375 0.503125 0.10625 0.09140625
2 0.384375 0.503125 0.1140625 0.13046875
1 0.459375 0.459375 0.06875 0.125
2 0.5375 0.47421875 0.02109375 0.0140625
2 0.7 0.48984375 0.059375 0.0765625
2 0.7796875 0.5046875 0.103125 0.12890625
2 0.884375 0.52734375 0.19765625 0.18359375
2 0.63359375 0.49921875 0.08828125 0.109375
8 0.315625 0.3828125 0.02265625 0.0140625
8 0.58125 0.38984375 0.02890625 0.0140625
8 0.5953125 0.434375 0.0109375 0.0234375
8 0.65703125 0.42265625 0.009375 0.01953125
8 0.3609375 0.37578125 0.01484375 0.028125
7 0.553125 0.39375 0.0109375 0.0140625
8 0.57265625 0.44765625 0.0109375 0.01640625