2 0.05234375 0.65859375 0.1046875 0.1390625
2 0.6546875 0.5984375 0.13828125 0.14140625
2 0.26640625 0.61171875 0.0796875 0.1
2 0.4375 0.578125 0.0265625 0.04140625
2 0.3171875 0.59765625 0.040625 0.08046875
2 0.3328125 0.5890625 0.03046875 0.0625
2 0.3671875 0.5890625 0.03359375 0.04609375
2 0.3890625 0.584375 0.0171875 0.04140625
2 0.40390625 0.5765625 0.0171875 0.02890625
2 0.5921875 0.58359375 0.0734375 0.109375
2 0.54609375 0.56640625 0.03984375 0.0765625
2 0.51875 0.57421875 0.0234375 0.04140625
2 0.5046875 0.57421875 0.02109375 0.04140625
2 0.49375 0.5703125 0.0171875 0.0375
2 0.4875 0.56640625 0.02109375 0.034375
2 0.465625 0.571875 0.021875 0.02890625
7 0.4890625 0.53046875 0.0046875 0.01640625
7 0.46875 0.528125 0.00703125 0.02109375
7 0.4234375 0.53515625 0.0078125 0.021875
8 0.78046875 0.23046875 0.03125 0.05859375
8 0.8 0.278125 0.0328125 0.0515625
2 0.8015625 0.5515625 0.06875 0.06640625