2 0.240625 0.41953125 0.13125 0.128125
2 0.6265625 0.4515625 0.2078125 0.2859375
2 0.3078125 0.396875 0.06640625 0.109375
2 0.353125 0.38984375 0.03984375 0.08359375
2 0.3734375 0.38203125 0.02890625 0.075
2 0.3921875 0.38359375 0.028125 0.065625
2 0.40859375 0.3796875 0.025 0.05859375
2 0.484375 0.396875 0.10859375 0.18046875
2 0.5546875 0.34375 0.02734375 0.040625
7 0.459375 0.259375 0.00703125 0.02890625
7 0.56640625 0.2625 0.00546875 0.0265625
8 0.40703125 0.265625 0.0109375 0.009375
8 0.61796875 0.2734375 0.015625 0.009375
8 0.6421875 0.29375 0.00859375 0.01953125
8 0.6078125 0.29140625 0.0078125 0.021875
8 0.603125 0.30546875 0.015625 0.00859375
8 0.15703125 0.184375 0.03671875 0.07109375
5 0.20078125 0.371875 0.02421875 0.071875