2 0.340625 0.609375 0.24609375 0.390625
2 0.0328125 0.56171875 0.065625 0.0953125
2 0.8765625 0.48671875 0.10078125 0.06796875
2 0.58046875 0.528125 0.0453125 0.04296875
8 0.0109375 0.34921875 0.01875 0.0265625
8 0.109375 0.47421875 0.0171875 0.03046875
8 0.7453125 0.36875 0.01796875 0.01640625
8 0.92890625 0.303125 0.034375 0.05546875
8 0.928125 0.221875 0.0765625 0.096875
8 0.925 0.140625 0.05078125 0.0609375
7 0.75390625 0.4234375 0.0125 0.028125
7 0.73515625 0.4234375 0.01640625 0.03203125
7 0.7703125 0.421875 0.0125 0.03359375
7 0.10625 0.35234375 0.01796875 0.04140625
7 0.8375 0.30234375 0.01328125 0.04296875
7 0.85234375 0.303125 0.009375 0.0515625
7 0.1265625 0.35234375 0.01328125 0.04140625
7 0.39375 0.353125 0.0109375 0.0390625
7 0.40390625 0.35390625 0.0078125 0.0359375
8 0.30390625 0.3859375 0.01640625 0.03203125
8 0.97734375 0.21796875 0.01875 0.021875
7 0.7828125 0.4609375 0.0046875 0.0140625
7 0.79375 0.45859375 0.0078125 0.015625
5 0.19140625 0.54296875 0.0140625 0.0625
1 0.5140625 0.503125 0.07734375 0.0609375
7 0.509375 0.471875 0.00546875 0.01953125