2 0.4109375 0.571875 0.05390625 0.059375
2 0.3734375 0.56484375 0.025 0.04453125
2 0.3546875 0.56640625 0.0296875 0.0484375
2 0.33125 0.571875 0.03828125 0.053125
2 0.2953125 0.56953125 0.04296875 0.053125
2 0.2421875 0.58046875 0.075 0.0765625
2 0.15625 0.59140625 0.0921875 0.096875
2 0.0578125 0.6046875 0.11484375 0.1265625
2 0.54609375 0.55 0.01953125 0.025
2 0.578125 0.559375 0.01484375 0.02890625
2 0.5890625 0.5578125 0.01171875 0.0390625
2 0.60546875 0.56015625 0.0296875 0.05703125
2 0.61875 0.56796875 0.03671875 0.05546875
2 0.665625 0.5875 0.05703125 0.115625
2 0.715625 0.5859375 0.08046875 0.15546875
2 0.81640625 0.62421875 0.18671875 0.215625
2 0.9359375 0.67734375 0.128125 0.334375
7 0.4421875 0.478125 0.009375 0.01796875
7 0.54375 0.47890625 0.009375 0.01796875
8 0.6 0.471875 0.01171875 0.01953125
8 0.575 0.4765625 0.01875 0.0125
8 0.4125 0.46953125 0.025 0.0109375
7 0.47265625 0.53359375 0.00703125 0.01640625