8 0.0734375 0.11328125 0.0328125 0.053125
8 0.146875 0.0296875 0.03671875 0.059375
8 0.31484375 0.2890625 0.02421875 0.0375
8 0.31015625 0.22734375 0.02890625 0.0859375
8 0.290625 0.2484375 0.0125 0.03203125
7 0.1796875 0.03125 0.01796875 0.03046875
7 0.04375 0.109375 0.01328125 0.01953125
2 0.1921875 0.384375 0.015625 0.03203125
2 0.046875 0.3890625 0.0296875 0.0390625
2 0.015625 0.39140625 0.03125 0.0375
2 0.14765625 0.3859375 0.0140625 0.021875
2 0.16953125 0.384375 0.03203125 0.04140625
2 0.23046875 0.37890625 0.0609375 0.1015625
1 0.10234375 0.36015625 0.08046875 0.10703125
5 0.58203125 0.4203125 0.04296875 0.1859375
5 0.459375 0.396875 0.0109375 0.05703125
5 0.465625 0.39296875 0.00859375 0.05859375
5 0.45234375 0.378125 0.0046875 0.02109375
6 0.86640625 0.4015625 0.12109375 0.32890625
0 0.86796875 0.5109375 0.19375 0.25546875
8 0.96015625 0.2046875 0.0140625 0.1234375