2 0.0734375 0.596875 0.146875 0.253125
2 0.1671875 0.58515625 0.05 0.15703125
2 0.215625 0.5796875 0.05 0.10390625
2 0.2484375 0.58359375 0.028125 0.08046875
2 0.2671875 0.578125 0.0234375 0.078125
2 0.284375 0.57109375 0.015625 0.0640625
2 0.296875 0.56015625 0.02109375 0.05390625
2 0.3140625 0.5703125 0.0203125 0.0265625
2 0.58046875 0.64765625 0.15078125 0.15390625
2 0.49140625 0.6234375 0.06171875 0.103125
2 0.45625 0.6046875 0.0421875 0.0765625
2 0.4390625 0.60703125 0.04375 0.0640625
2 0.41875 0.59140625 0.03203125 0.046875
2 0.79453125 0.759375 0.38671875 0.36953125
8 0.5140625 0.4875 0.01953125 0.0390625
8 0.1921875 0.45546875 0.01875 0.0234375
7 0.36171875 0.5484375 0.00625 0.0109375
8 0.27890625 0.503125 0.01484375 0.028125
8 0.28046875 0.48046875 0.01484375 0.01640625
8 0.41015625 0.534375 0.01015625 0.01640625