7 0.3359375 0.340625 0.01015625 0.01640625
7 0.390625 0.34140625 0.009375 0.01796875
7 0.85 0.35234375 0.01796875 0.034375
7 0.8265625 0.36015625 0.02421875 0.03046875
7 0.1296875 0.51171875 0.00859375 0.01640625
7 0.6375 0.26875 0.01875 0.053125
7 0.8125 0.18984375 0.021875 0.065625
7 0.796875 0.3625 0.01953125 0.0390625
8 0.28984375 0.33671875 0.0265625 0.03046875
8 0.453125 0.3046875 0.03515625 0.07109375
8 0.48671875 0.30859375 0.03046875 0.06953125
8 0.85625 0.259375 0.0265625 0.01953125
8 0.775 0.3796875 0.0171875 0.01640625
8 0.7828125 0.434375 0.01328125 0.0390625
8 0.45078125 0.478125 0.01484375 0.03046875
8 0.4359375 0.4265625 0.04375 0.05
8 0.415625 0.48046875 0.01328125 0.03203125
8 0.0671875 0.49609375 0.0265625 0.05
2 0.6046875 0.546875 0.22421875 0.31640625
2 0.265625 0.659375 0.29765625 0.403125
8 0.490625 0.4484375 0.0140625 0.0484375