7 0.33359375 0.3578125 0.01328125 0.0265625
7 0.45625 0.3765625 0.01171875 0.02109375
7 0.446875 0.440625 0.0078125 0.0234375
7 0.40625 0.43671875 0.0078125 0.0125
7 0.41875 0.46171875 0.009375 0.01953125
2 0.4609375 0.4734375 0.01484375 0.03359375
2 0.471875 0.47734375 0.01171875 0.03046875
2 0.4765625 0.4890625 0.01484375 0.034375
2 0.49609375 0.47578125 0.03515625 0.065625
2 0.1625 0.5046875 0.0390625 0.04296875
2 0.7046875 0.484375 0.0765625 0.084375
7 0.5390625 0.440625 0.015625 0.01640625
7 0.6703125 0.39609375 0.01171875 0.03046875
7 0.2765625 0.45390625 0.009375 0.02109375
7 0.2046875 0.43671875 0.0109375 0.0234375
2 0.0265625 0.521875 0.05234375 0.14609375
8 0.178125 0.43125 0.0171875 0.034375
8 0.2859375 0.44375 0.01484375 0.01953125
8 0.2140625 0.40546875 0.01875 0.0265625