8 0.17734375 0.11796875 0.0625 0.0234375
8 0.240625 0.0984375 0.0328125 0.0375
8 0.85546875 0.053125 0.03984375 0.05546875
8 0.8875 0.2 0.01328125 0.021875
8 0.5953125 0.2953125 0.01640625 0.009375
8 0.59375 0.315625 0.01875 0.0125
8 0.61328125 0.2984375 0.0078125 0.0125
7 0.0640625 0.2234375 0.015625 0.0515625
7 0.04765625 0.27890625 0.01171875 0.0234375
7 0.27734375 0.08984375 0.0109375 0.05703125
7 0.828125 0.0109375 0.0171875 0.01953125
7 0.81015625 0.02578125 0.0171875 0.0515625
7 0.92109375 0.259375 0.0171875 0.028125
7 0.90859375 0.259375 0.01171875 0.028125
7 0.06640625 0.2765625 0.01953125 0.021875
7 0.4765625 0.29453125 0.00546875 0.0140625
7 0.578125 0.28984375 0.00703125 0.0140625
7 0.4453125 0.3171875 0.00546875 0.01640625
5 0.9046875 0.371875 0.02265625 0.109375
2 0.37109375 0.359375 0.059375 0.06953125
2 0.6765625 0.36484375 0.03984375 0.04296875
2 0.6359375 0.35390625 0.0265625 0.03359375
2 0.4203125 0.3578125 0.0421875 0.040625
2 0.4578125 0.353125 0.02734375 0.03359375