2 0.19375 0.60078125 0.1015625 0.0984375
2 0.37734375 0.5515625 0.0125 0.025
2 0.3671875 0.553125 0.01328125 0.028125
2 0.35625 0.55078125 0.01875 0.0375
2 0.3390625 0.55625 0.028125 0.04609375
2 0.4046875 0.54453125 0.01015625 0.01953125
2 0.446875 0.540625 0.04296875 0.05
2 0.9484375 0.5109375 0.10234375 0.25859375
2 0.3046875 0.56640625 0.053125 0.0765625
2 0.4578125 0.571875 0.0640625 0.09453125
2 0.41640625 0.54296875 0.015625 0.03203125
10 0.38203125 0.5359375 0.03125 0.05
8 0.77578125 0.3 0.04609375 0.03046875
8 0.54375 0.36875 0.01640625 0.034375
8 0.5578125 0.28046875 0.03203125 0.01953125
8 0.459375 0.49921875 0.0078125 0.0140625
7 0.4046875 0.5046875 0.00546875 0.0140625