2 0.0328125 0.584375 0.065625 0.25703125
2 0.1375 0.521875 0.2359375 0.25390625
2 0.253125 0.52265625 0.065625 0.1265625
2 0.76796875 0.52734375 0.32890625 0.3609375
2 0.48984375 0.48046875 0.009375 0.025
2 0.5 0.48046875 0.0109375 0.0359375
2 0.509375 0.48828125 0.01484375 0.05546875
2 0.53125 0.48515625 0.04296875 0.09140625
2 0.5515625 0.48125 0.04453125 0.1359375
2 0.57578125 0.4859375 0.053125 0.15859375
2 0.6109375 0.49765625 0.06796875 0.175
2 0.3125 0.5109375 0.0609375 0.07109375
2 0.35625 0.49921875 0.02734375 0.0515625
2 0.3734375 0.49609375 0.0265625 0.04609375
2 0.396875 0.4921875 0.01953125 0.034375
2 0.4171875 0.4890625 0.01640625 0.02890625
2 0.43125 0.48671875 0.01484375 0.028125
5 0.4578125 0.4875 0.015625 0.0734375
2 0.453125 0.48828125 0.03203125 0.046875
1 0.484375 0.4765625 0.021875 0.0390625
6 0.4765625 0.484375 0.0078125 0.025
3 0.4765625 0.4921875 0.00859375 0.02109375
8 0.17265625 0.3484375 0.0203125 0.03203125
8 0.5265625 0.41484375 0.0109375 0.0140625
8 0.5546875 0.4140625 0.01484375 0.03359375
8 0.41640625 0.42265625 0.00546875 0.01640625
8 0.4125 0.43671875 0.01015625 0.00859375
8 0.4140625 0.4546875 0.00859375 0.01953125
8 0.5015625 0.45 0.00625 0.01640625
2 0.8921875 0.68125 0.2125 0.5359375
7 0.45078125 0.43359375 0.00703125 0.0140625