8 0.046875 0.21953125 0.01953125 0.08203125
8 0.09453125 0.153125 0.02890625 0.06953125
8 0.090625 0.20625 0.01875 0.04453125
8 0.0921875 0.25625 0.015625 0.0625
8 0.165625 0.17421875 0.0515625 0.09140625
8 0.3859375 0.23046875 0.01953125 0.0375
8 0.3859375 0.26640625 0.01875 0.02109375
8 0.384375 0.35390625 0.0125 0.021875
8 0.7203125 0.2796875 0.02890625 0.03359375
8 0.8203125 0.090625 0.03125 0.05859375
7 0.38515625 0.296875 0.01171875 0.0375
7 0.546875 0.115625 0.01328125 0.065625
7 0.528125 0.11796875 0.015625 0.0625
7 0.5609375 0.1203125 0.0125 0.0640625
7 0.865625 0.221875 0.025 0.0625
7 0.88984375 0.225 0.0171875 0.05546875
8 0.9734375 0.1609375 0.04296875 0.0859375
8 0.9640625 0.271875 0.028125 0.13046875
7 0.49375 0.3875 0.00703125 0.021875
2 0.7984375 0.5734375 0.3984375 0.59609375
5 0.98203125 0.40703125 0.03046875 0.125
2 0.2296875 0.4625 0.05390625 0.0515625
2 0.45234375 0.446875 0.03515625 0.06796875
2 0.490625 0.446875 0.0265625 0.04296875
2 0.60234375 0.45703125 0.05234375 0.0640625
2 0.56875 0.45234375 0.01875 0.0375
2 0.55 0.4453125 0.0234375 0.03046875
2 0.52734375 0.44375 0.01953125 0.03046875
2 0.5125 0.44453125 0.01640625 0.01953125
8 0.8359375 0.11875 0.02109375 0.065625