8 0.38671875 0.3671875 0.09765625 0.07890625
7 0.5671875 0.44375 0.01015625 0.01796875
7 0.590625 0.44765625 0.00859375 0.015625
7 0.6390625 0.4765625 0.009375 0.0140625
7 0.62890625 0.47734375 0.0078125 0.0125
7 0.5453125 0.43671875 0.00625 0.0125
7 0.5296875 0.4359375 0.00703125 0.0140625
7 0.415625 0.46171875 0.00703125 0.0125
8 0.4578125 0.478125 0.00546875 0.0125
2 0.5203125 0.490625 0.0171875 0.03359375
2 0.50546875 0.48828125 0.01484375 0.0234375
2 0.48828125 0.48984375 0.01640625 0.01953125
2 0.5484375 0.49921875 0.04375 0.065625
2 0.74296875 0.521875 0.034375 0.0765625
2 0.7984375 0.51328125 0.08671875 0.13046875
2 0.8890625 0.6296875 0.21953125 0.325
2 0.284375 0.49296875 0.06171875 0.06953125