7 0.1171875 0.440625 0.01328125 0.03359375
7 0.2609375 0.4703125 0.01484375 0.02109375
7 0.2453125 0.4984375 0.0109375 0.01640625
7 0.3671875 0.415625 0.0109375 0.03359375
7 0.47890625 0.39296875 0.0078125 0.03046875
7 0.4890625 0.4703125 0.0078125 0.0265625
7 0.4984375 0.5 0.0078125 0.0234375
7 0.43515625 0.51015625 0.0078125 0.02109375
7 0.44296875 0.5171875 0.0078125 0.02109375
7 0.40546875 0.4984375 0.009375 0.0265625
7 0.628125 0.4578125 0.015625 0.01953125
8 0.115625 0.47734375 0.0265625 0.02109375
8 0.2546875 0.4359375 0.01875 0.01953125
8 0.5484375 0.44765625 0.0171875 0.01953125
8 0.8046875 0.4203125 0.015625 0.03359375
2 0.48515625 0.54453125 0.0421875 0.065625
2 0.51640625 0.53359375 0.0328125 0.10546875
2 0.39765625 0.53359375 0.02265625 0.03046875
2 0.3359375 0.5109375 0.10390625 0.15
2 0.1296875 0.5671875 0.11640625 0.1125
2 0.61171875 0.60859375 0.2265625 0.303125
2 0.00625 0.60625 0.01171875 0.0640625