2 0.08203125 0.509375 0.06171875 0.0265625
2 0.1453125 0.51484375 0.04296875 0.034375
2 0.4125 0.484375 0.0109375 0.0140625
2 0.4 0.4875 0.0140625 0.015625
2 0.3625 0.49609375 0.02578125 0.03203125
2 0.3203125 0.50078125 0.0453125 0.05546875
2 0.48125 0.4875 0.03203125 0.02109375
2 0.5609375 0.48671875 0.0375 0.03359375
2 0.5984375 0.48359375 0.053125 0.04296875
2 0.63671875 0.4875 0.075 0.04453125
2 0.6890625 0.49453125 0.12734375 0.0609375
2 0.8375 0.515625 0.18359375 0.0875
2 0.26875 0.496875 0.01328125 0.009375
8 0.0421875 0.4625 0.015625 0.00703125
8 0.04140625 0.47890625 0.009375 0.02109375