7 0.1609375 0.4734375 0.0109375 0.01640625
7 0.23203125 0.48671875 0.009375 0.0140625
2 0.1671875 0.5125 0.01875 0.0515625
2 0.153125 0.51171875 0.02578125 0.078125
2 0.13984375 0.515625 0.03359375 0.084375
2 0.09765625 0.50703125 0.0640625 0.140625
2 0.315625 0.528125 0.05703125 0.059375
2 0.28125 0.52265625 0.0140625 0.01953125
2 0.25703125 0.515625 0.03125 0.04296875
2 0.37109375 0.553125 0.0671875 0.11796875
2 0.665625 0.6484375 0.31796875 0.29140625
2 0.05 0.52890625 0.09765625 0.228125
2 0.89765625 0.8171875 0.203125 0.3625
2 0.1984375 0.515625 0.04375 0.05546875