8 0.71328125 0.484375 0.02265625 0.0484375
8 0.60546875 0.53828125 0.0109375 0.0265625
8 0.53984375 0.496875 0.01875 0.0109375
8 0.525 0.52578125 0.0515625 0.05
8 0.465625 0.5296875 0.01015625 0.009375
8 0.3828125 0.39453125 0.040625 0.08359375
2 0.52890625 0.59765625 0.0140625 0.015625
2 0.5921875 0.5921875 0.03515625 0.0375
2 0.51484375 0.596875 0.0125 0.021875
2 0.4328125 0.609375 0.0296875 0.03046875
2 0.3984375 0.61328125 0.03828125 0.03046875
2 0.36328125 0.621875 0.0328125 0.03359375
2 0.340625 0.634375 0.03203125 0.0359375
2 0.2890625 0.63203125 0.05703125 0.059375
2 0.48515625 0.6078125 0.059375 0.075
2 0.05390625 0.684375 0.1078125 0.096875