7 0.2609375 0.4015625 0.01953125 0.03359375
7 0.3609375 0.42734375 0.01484375 0.0234375
8 0.4359375 0.4328125 0.01171875 0.034375
8 0.4234375 0.4546875 0.01328125 0.00859375
8 0.4171875 0.46953125 0.0140625 0.015625
8 0.15859375 0.4734375 0.0109375 0.00859375
8 0.178125 0.40546875 0.0125 0.0234375
2 0.26875 0.53515625 0.0296875 0.021875
2 0.45234375 0.546875 0.03203125 0.115625
2 0.51875 0.540625 0.13046875 0.23203125
2 0.2984375 0.53359375 0.01640625 0.02109375
2 0.3203125 0.525 0.01796875 0.0125
2 0.359375 0.5265625 0.0109375 0.009375
2 0.38125 0.525 0.0140625 0.01796875
2 0.7 0.5984375 0.37421875 0.40703125