8 0.22421875 0.24921875 0.028125 0.0625
8 0.496875 0.36328125 0.01640625 0.0109375
8 0.496875 0.3546875 0.01328125 0.00703125
8 0.5171875 0.3625 0.0203125 0.01953125
8 0.51640625 0.35 0.01171875 0.009375
2 0.428125 0.403125 0.015625 0.01953125
2 0.1953125 0.3984375 0.0484375 0.02890625
2 0.365625 0.39921875 0.0234375 0.0234375
2 0.521875 0.403125 0.0140625 0.02109375
2 0.4421875 0.403125 0.01015625 0.015625
2 0.453125 0.4015625 0.01171875 0.02109375
2 0.47109375 0.403125 0.025 0.040625
2 0.3984375 0.403125 0.03125 0.040625
2 0.496875 0.41953125 0.053125 0.075
2 0.06953125 0.43046875 0.1375 0.2859375
6 0.3234375 0.396875 0.01640625 0.0390625
3 0.32265625 0.41015625 0.0140625 0.0359375