2 0.3296875 0.453125 0.01796875 0.025
2 0.35234375 0.44921875 0.0203125 0.015625
2 0.3171875 0.45390625 0.0203125 0.03203125
2 0.30078125 0.459375 0.03203125 0.046875
2 0.27578125 0.47265625 0.03671875 0.05703125
2 0.2421875 0.48125 0.04453125 0.07890625
2 0.20625 0.496875 0.03828125 0.125
2 0.1 0.52109375 0.16953125 0.171875
2 0.009375 0.58984375 0.01796875 0.16953125
2 0.41015625 0.4625 0.02421875 0.03359375
2 0.409375 0.484375 0.02265625 0.053125
2 0.43125 0.4890625 0.03671875 0.1125
2 0.4640625 0.49140625 0.04765625 0.13203125
2 0.5265625 0.50546875 0.1078125 0.265625
2 0.37734375 0.46796875 0.03984375 0.059375
2 0.765625 0.57890625 0.46484375 0.62109375
8 0.41796875 0.40078125 0.01328125 0.015625