2 0.1421875 0.47265625 0.11171875 0.11640625
2 0.215625 0.46640625 0.08515625 0.1140625
2 0.26875 0.4671875 0.05 0.06953125
2 0.390625 0.46015625 0.0109375 0.028125
2 0.61015625 0.465625 0.1171875 0.14609375
2 0.6703125 0.4375 0.0234375 0.07109375
2 0.4625 0.45703125 0.06484375 0.115625
2 0.3125 0.47109375 0.0796875 0.08046875
2 0.0609375 0.496875 0.12109375 0.1375
2 0.37890625 0.359375 0.02734375 0.0109375
7 0.4171875 0.35703125 0.0078125 0.02109375
7 0.5875 0.35390625 0.01015625 0.02890625
8 0.61484375 0.35859375 0.0265625 0.0125
8 0.64375 0.375 0.01484375 0.0109375
8 0.64375 0.3515625 0.0109375 0.03046875
8 0.42734375 0.4125 0.01484375 0.00859375
2 0.3671875 0.45703125 0.0328125 0.046875
7 0.71015625 0.35390625 0.01484375 0.00859375
2 0.40703125 0.4578125 0.015625 0.0265625
2 0.82578125 0.5328125 0.3453125 0.46953125