2 0.365625 0.58359375 0.01171875 0.015625
2 0.3328125 0.58671875 0.01875 0.02109375
2 0.315625 0.58515625 0.015625 0.0359375
2 0.290625 0.5875 0.02265625 0.028125
2 0.2359375 0.590625 0.0546875 0.04296875
2 0.159375 0.603125 0.06953125 0.065625
2 0.04765625 0.61640625 0.0953125 0.09296875
2 0.3875 0.58515625 0.01328125 0.015625
2 0.484375 0.58359375 0.021875 0.01953125
2 0.46875 0.58359375 0.009375 0.01953125
2 0.5625 0.59296875 0.0546875 0.06796875
2 0.8109375 0.634375 0.2484375 0.25546875
8 0.02109375 0.1796875 0.0421875 0.09140625
8 0.0328125 0.1875 0.06484375 0.1609375
8 0.2921875 0.440625 0.02421875 0.05546875
8 0.81875 0.33671875 0.01796875 0.021875
8 0.859375 0.3484375 0.03125 0.021875
8 0.84375 0.40546875 0.021875 0.04453125
7 0.309375 0.33125 0.01640625 0.0359375
7 0.5703125 0.178125 0.0234375 0.09140625
7 0.42109375 0.5484375 0.00703125 0.01640625
7 0.45859375 0.546875 0.009375 0.01953125
7 0.596875 0.1671875 0.02421875 0.0890625
8 0.021875 0.6765625 0.03984375 0.059375
8 0.2921875 0.5734375 0.0109375 0.01953125
8 0.29296875 0.59375 0.01171875 0.02109375
8 0.021875 0.6171875 0.04140625 0.0640625