2 0.321875 0.653125 0.06796875 0.08046875
2 0.3828125 0.63515625 0.046875 0.0765625
2 0.11875 0.65546875 0.05390625 0.0609375
2 0.534375 0.64453125 0.05625 0.0890625
2 0.4984375 0.634375 0.01796875 0.053125
2 0.4859375 0.625 0.01796875 0.05546875
2 0.47265625 0.61640625 0.01171875 0.03359375
2 0.46875 0.603125 0.01328125 0.028125
2 0.428125 0.603125 0.01640625 0.025
2 0.453125 0.5984375 0.009375 0.01953125
7 0.3546875 0.35703125 0.02421875 0.0765625
8 0.496875 0.37421875 0.06328125 0.02890625
8 0.615625 0.4703125 0.021875 0.01640625
8 0.60078125 0.48671875 0.025 0.015625
7 0.61484375 0.53515625 0.01875 0.03359375