8 0.24609375 0.44765625 0.02265625 0.046875
8 0.21640625 0.378125 0.04765625 0.0234375
8 0.31875 0.534375 0.01171875 0.028125
8 0.3921875 0.4140625 0.015625 0.03046875
8 0.3203125 0.4015625 0.0859375 0.07890625
2 0.2234375 0.5640625 0.06171875 0.0640625
2 0.56640625 0.5890625 0.025 0.046875
2 0.728125 0.6265625 0.1109375 0.14609375
2 0.53125 0.584375 0.02890625 0.046875
2 0.6234375 0.64375 0.15546875 0.15703125
2 0.4078125 0.6203125 0.11484375 0.146875
2 0.90703125 0.7015625 0.184375 0.2109375
7 0.38515625 0.503125 0.009375 0.01796875
7 0.58125 0.44609375 0.01015625 0.01640625
7 0.67890625 0.41484375 0.01015625 0.01796875
7 0.79375 0.53359375 0.01171875 0.01953125