7 0.33515625 0.20703125 0.02109375 0.0625
7 0.49140625 0.2671875 0.0078125 0.040625
7 0.06875 0.346875 0.01875 0.03203125
7 0.85859375 0.30859375 0.01328125 0.040625
7 0.03359375 0.35 0.021875 0.04609375
7 0.21953125 0.39609375 0.01015625 0.028125
8 0.89296875 0.303125 0.028125 0.04609375
7 0.23828125 0.39453125 0.0109375 0.028125
8 0.228125 0.33984375 0.03203125 0.01796875
8 0.640625 0.359375 0.0171875 0.01640625
8 0.65234375 0.33828125 0.02578125 0.01953125
8 0.8765625 0.371875 0.0140625 0.028125
8 0.596875 0.4265625 0.0078125 0.028125
2 0.92578125 0.521875 0.1484375 0.2125
2 0.9578125 0.684375 0.08359375 0.4
2 0.678125 0.52421875 0.24375 0.309375
2 0.4234375 0.484375 0.246875 0.5875
2 0.1484375 0.565625 0.28046875 0.24453125
7 0.3234375 0.2171875 0.01484375 0.05390625
2 0.5703125 0.49453125 0.028125 0.05390625
2 0.5640625 0.4953125 0.03984375 0.053125