8 0.478125 0.48671875 0.02109375 0.0484375
8 0.45 0.490625 0.01171875 0.03046875
8 0.4015625 0.440625 0.040625 0.06953125
8 0.72421875 0.42734375 0.0234375 0.03359375
8 0.79140625 0.434375 0.01953125 0.02890625
8 0.89296875 0.51640625 0.01171875 0.0140625
8 0.753125 0.496875 0.01171875 0.04140625
8 0.753125 0.52890625 0.00859375 0.01953125
2 0.6078125 0.53828125 0.0171875 0.0265625
2 0.5890625 0.54921875 0.02890625 0.04453125
2 0.66484375 0.55546875 0.0625 0.0609375
7 0.903125 0.5140625 0.009375 0.015625
7 0.9171875 0.44140625 0.009375 0.04453125
7 0.90546875 0.465625 0.01328125 0.046875
7 0.753125 0.415625 0.0078125 0.034375
7 0.74375 0.415625 0.00703125 0.0359375
7 0.659375 0.440625 0.00703125 0.01953125
7 0.45625 0.4265625 0.0125 0.05
2 0.2796875 0.54296875 0.0515625 0.0625
7 0.3640625 0.49453125 0.00703125 0.015625
2 0.09375 0.52734375 0.1875 0.1421875
8 0.821875 0.56484375 0.0046875 0.00546875