2 0.1859375 0.528125 0.0234375 0.040625
2 0.1671875 0.53203125 0.0265625 0.04140625
2 0.1484375 0.5265625 0.0328125 0.06796875
2 0.11171875 0.53203125 0.04609375 0.0890625
2 0.0609375 0.5421875 0.06171875 0.1015625
2 0.0171875 0.54921875 0.03359375 0.12890625
2 0.34609375 0.51953125 0.02265625 0.03046875
2 0.3703125 0.51796875 0.02109375 0.046875
2 0.4 0.528125 0.03828125 0.05390625
2 0.4421875 0.51953125 0.04609375 0.0859375
2 0.496875 0.528125 0.1015625 0.115625
2 0.5171875 0.52734375 0.08828125 0.13203125
2 0.62578125 0.5421875 0.178125 0.19453125