7 0.415625 0.35390625 0.0125 0.04140625
7 0.34453125 0.3625 0.01015625 0.0390625
7 0.29375 0.3671875 0.0078125 0.03359375
7 0.240625 0.3671875 0.009375 0.034375
7 0.1609375 0.38125 0.009375 0.0234375
7 0.0921875 0.37265625 0.01015625 0.0234375
7 0.02890625 0.37734375 0.0125 0.01953125
8 0.134375 0.41875 0.01640625 0.0140625
8 0.4453125 0.40625 0.02578125 0.02890625
8 0.4875 0.31796875 0.02421875 0.04609375
8 0.5109375 0.315625 0.02421875 0.04140625
8 0.52890625 0.27109375 0.01484375 0.04296875
8 0.5328125 0.31953125 0.01484375 0.02890625
8 0.534375 0.3734375 0.01484375 0.04140625
8 0.46640625 0.409375 0.021875 0.0484375
2 0.10546875 0.4578125 0.01796875 0.03359375
2 0.1234375 0.4734375 0.03125 0.0609375
2 0.2234375 0.47109375 0.02734375 0.04609375
2 0.259375 0.459375 0.0203125 0.0359375
2 0.3078125 0.4671875 0.034375 0.0484375
2 0.340625 0.440625 0.0109375 0.01953125
2 0.34765625 0.43984375 0.0078125 0.021875
2 0.3578125 0.44296875 0.01875 0.02890625
2 0.37109375 0.434375 0.0109375 0.01640625
2 0.415625 0.4453125 0.021875 0.02890625
2 0.478125 0.4421875 0.06875 0.05
2 0.0328125 0.475 0.0421875 0.053125
2 0.0859375 0.4625 0.01796875 0.02890625
2 0.06875 0.484375 0.06015625 0.071875
2 0.4109375 0.46640625 0.0421875 0.046875
2 0.3734375 0.44765625 0.01875 0.03359375
2 0.825 0.5171875 0.32265625 0.31796875
2 0.97734375 0.48984375 0.0453125 0.25703125
3 0.2453125 0.47734375 0.0234375 0.05
2 0.01484375 0.48671875 0.0296875 0.0625
7 0.1859375 0.3328125 0.009375 0.04296875
6 0.246875 0.4640625 0.02109375 0.040625