8 0.5671875 0.28984375 0.03359375 0.053125
8 0.56875 0.32890625 0.01640625 0.03046875
8 0.2640625 0.403125 0.01796875 0.025
8 0.26484375 0.4203125 0.00703125 0.01640625
8 0.2640625 0.453125 0.0140625 0.009375
8 0.175 0.42421875 0.01796875 0.01640625
8 0.275 0.49453125 0.01015625 0.0140625
2 0.6390625 0.53203125 0.14140625 0.2
2 0.52109375 0.52265625 0.0734375 0.07890625
2 0.453125 0.51484375 0.04921875 0.046875
2 0.40625 0.521875 0.0359375 0.040625
2 0.3109375 0.49609375 0.05078125 0.1265625
2 0.83125 0.403125 0.3359375 0.6265625