5 0.190625 0.54453125 0.0625 0.45
5 0.1359375 0.528125 0.08828125 0.53203125
5 0.0265625 0.5375 0.05078125 0.4515625
2 0.421875 0.51796875 0.28828125 0.334375
2 0.8828125 0.47734375 0.23203125 0.328125
2 0.58515625 0.43671875 0.0265625 0.0375
2 0.5578125 0.43984375 0.01328125 0.021875
8 0.628125 0.384375 0.015625 0.00703125
7 0.5578125 0.39609375 0.0109375 0.01796875
7 0.89609375 0.15625 0.02578125 0.0359375
8 0.91875 0.19921875 0.0421875 0.0609375
8 0.915625 0.265625 0.02890625 0.01796875
7 0.63984375 0.409375 0.00703125 0.0140625
7 0.91953125 0.13671875 0.01640625 0.05
10 0.5359375 0.421875 0.02890625 0.06640625