7 0.6640625 0.3875 0.0171875 0.07890625
8 0.671875 0.45625 0.02265625 0.02109375
8 0.659375 0.48515625 0.03203125 0.0234375
8 0.66015625 0.52265625 0.02265625 0.04140625
8 0.4453125 0.5390625 0.0328125 0.02109375
8 0.425 0.484375 0.01328125 0.04453125
8 0.721875 0.4609375 0.0421875 0.04453125
2 0.5703125 0.60703125 0.059375 0.040625
2 0.190625 0.65390625 0.178125 0.225
2 0.0421875 0.63984375 0.08359375 0.10859375
2 0.365625 0.78125 0.3109375 0.42890625
10 0.6546875 0.603125 0.0875 0.09453125
8 0.9453125 0.52578125 0.034375 0.065625
8 0.40078125 0.39609375 0.0140625 0.03359375
8 0.6515625 0.40703125 0.01171875 0.0515625
8 0.25625 0.41015625 0.028125 0.0484375