7 0.3625 0.4796875 0.00625 0.028125
7 0.30625 0.51171875 0.00625 0.03046875
7 0.36875 0.54296875 0.0046875 0.0234375
8 0.603125 0.42578125 0.0875 0.059375
2 0.4 0.56796875 0.00859375 0.021875
2 0.38203125 0.5640625 0.02734375 0.02890625
2 0.3796875 0.6125 0.04296875 0.05703125
2 0.4234375 0.6109375 0.03828125 0.05390625
10 0.428125 0.56328125 0.04921875 0.05
2 0.4828125 0.62265625 0.103125 0.15703125
10 0.0765625 0.6390625 0.15 0.21953125
2 0.56875 0.615625 0.05546875 0.0890625
2 0.6234375 0.653125 0.11484375 0.121875
2 0.9171875 0.76953125 0.16328125 0.4515625