7 0.6 0.440625 0.00859375 0.021875
7 0.51015625 0.3921875 0.00859375 0.028125
7 0.515625 0.46796875 0.00546875 0.009375
7 0.48828125 0.47109375 0.00625 0.0109375
7 0.165625 0.34140625 0.0125 0.03359375
7 0.1359375 0.45625 0.009375 0.02109375
7 0.3359375 0.415625 0.00625 0.015625
7 0.35625 0.41796875 0.015625 0.03046875
7 0.503125 0.390625 0.00703125 0.02890625
7 0.55234375 0.48984375 0.00546875 0.0125
7 0.60234375 0.4609375 0.00859375 0.0125
8 0.1453125 0.41953125 0.01953125 0.0125
8 0.53671875 0.4703125 0.015625 0.00859375
8 0.565625 0.475 0.00859375 0.01640625
8 0.55390625 0.471875 0.00859375 0.00859375
8 0.43203125 0.4703125 0.015625 0.00859375
8 0.46015625 0.43671875 0.00859375 0.00703125
2 0.1828125 0.521875 0.06640625 0.0875
2 0.4453125 0.50859375 0.01875 0.025
2 0.47421875 0.50859375 0.0125 0.02109375
2 0.5453125 0.50859375 0.0125 0.0234375
2 0.4046875 0.51171875 0.02578125 0.03046875
2 0.421875 0.51015625 0.01640625 0.028125
2 0.51015625 0.54296875 0.084375 0.121875
2 0.29375 0.52734375 0.1796875 0.21640625
7 0.57578125 0.478125 0.00625 0.0140625
7 0.178125 0.3453125 0.01015625 0.03359375