2 0.3171875 0.396875 0.01875 0.025
2 0.3390625 0.4015625 0.02265625 0.028125
2 0.371875 0.4046875 0.028125 0.0359375
2 0.2765625 0.40390625 0.01953125 0.03203125
2 0.24375 0.3921875 0.04375 0.07890625
2 0.19375 0.4203125 0.0984375 0.13046875
2 0.4078125 0.4171875 0.04921875 0.08046875
2 0.45078125 0.434375 0.065625 0.10859375
2 0.49375 0.453125 0.08984375 0.15859375
2 0.63671875 0.47734375 0.2890625 0.2984375
7 0.303125 0.37578125 0.01328125 0.01953125
7 0.3328125 0.37421875 0.01171875 0.02109375
2 0.0484375 0.56328125 0.09609375 0.32890625
2 0.0859375 0.459375 0.16015625 0.18046875