7 0.275 0.2 0.009375 0.04140625
7 0.47421875 0.22109375 0.01171875 0.0375
7 0.090625 0.31796875 0.01953125 0.03046875
8 0.1875 0.203125 0.02265625 0.040625
8 0.2390625 0.2 0.01875 0.04140625
8 0.496875 0.22421875 0.01328125 0.03046875
8 0.52421875 0.23125 0.03046875 0.02109375
8 0.6703125 0.18203125 0.015625 0.034375
8 0.6734375 0.21484375 0.02265625 0.03046875
2 0.5015625 0.3796875 0.04765625 0.075
2 0.59375 0.39453125 0.1328125 0.18359375
2 0.4078125 0.4421875 0.178125 0.296875
2 0.1046875 0.5734375 0.20859375 0.43359375
2 0.803125 0.51015625 0.39296875 0.371875
7 0.284375 0.2 0.01171875 0.0375
2 0.26484375 0.4328125 0.10234375 0.13359375