2 0.88359375 0.5234375 0.23125 0.39296875
2 0.071875 0.35390625 0.14375 0.1546875
2 0.15859375 0.346875 0.05625 0.1015625
2 0.2140625 0.32421875 0.05234375 0.08203125
2 0.24453125 0.321875 0.0296875 0.059375
2 0.7390625 0.41875 0.2765625 0.29296875
2 0.56640625 0.31875 0.12578125 0.20390625
2 0.4984375 0.33359375 0.034375 0.10546875
2 0.4765625 0.32109375 0.04453125 0.078125
2 0.453125 0.31796875 0.02265625 0.05859375
2 0.28515625 0.31015625 0.03203125 0.0375
2 0.43125 0.30625 0.01953125 0.034375
2 0.3 0.30234375 0.015625 0.03359375
2 0.3765625 0.29375 0.01171875 0.0125
7 0.303125 0.1859375 0.00703125 0.0265625
7 0.4140625 0.203125 0.009375 0.01953125
7 0.3875 0.25546875 0.0078125 0.0125
7 0.359375 0.26796875 0.0046875 0.0125
7 0.3421875 0.2546875 0.00703125 0.0140625
7 0.3609375 0.27734375 0.0046875 0.0109375
7 0.365625 0.28828125 0.00625 0.009375
7 0.296875 0.18828125 0.00625 0.025
8 0.253125 0.23828125 0.015625 0.0125
8 0.1984375 0.20625 0.01484375 0.0125
8 0.20859375 0.22578125 0.02421875 0.0140625
8 0.465625 0.23203125 0.00859375 0.009375
8 0.46015625 0.24375 0.0140625 0.0109375
8 0.459375 0.18046875 0.01796875 0.009375
2 0.4109375 0.290625 0.01640625 0.01796875
2 0.3515625 0.29296875 0.01328125 0.015625