7 0.2484375 0.1484375 0.0078125 0.02890625
7 0.4484375 0.1546875 0.01015625 0.03046875
7 0.3609375 0.23671875 0.00390625 0.01953125
7 0.16015625 0.2703125 0.0109375 0.01796875
7 0.01328125 0.2640625 0.0234375 0.03046875
7 0.5625 0.2328125 0.01171875 0.025
7 0.028125 0.2203125 0.0203125 0.05703125
8 0.20234375 0.178125 0.04140625 0.025
8 0.23046875 0.15625 0.01875 0.0265625
8 0.49375 0.1640625 0.0359375 0.0265625
8 0.5515625 0.15 0.01484375 0.04609375
8 0.553125 0.184375 0.01796875 0.01640625
8 0.34296875 0.24609375 0.0140625 0.00859375
8 0.453125 0.2328125 0.01640625 0.0109375
2 0.64375 0.33359375 0.20703125 0.1734375
2 0.4921875 0.29921875 0.078125 0.05859375
2 0.421875 0.29140625 0.0375 0.05390625
2 0.4453125 0.28203125 0.02109375 0.0375
10 0.4953125 0.253125 0.04921875 0.0515625
2 0.02890625 0.359375 0.05625 0.0640625
2 0.296875 0.3046875 0.0359375 0.04140625
2 0.321875 0.303125 0.01796875 0.0234375
8 0.6203125 0.153125 0.01640625 0.0125
7 0.38984375 0.259375 0.009375 0.01953125