8 0.2578125 0.32109375 0.03359375 0.0859375
8 0.340625 0.40390625 0.01640625 0.0375
8 0.603125 0.378125 0.021875 0.04296875
2 0.3546875 0.51171875 0.075 0.1484375
2 0.3953125 0.52109375 0.02421875 0.0859375
2 0.434375 0.49453125 0.07265625 0.065625
2 0.2859375 0.55546875 0.1546875 0.27890625
2 0.55546875 0.503125 0.03828125 0.12109375
2 0.59375 0.496875 0.06953125 0.16640625
2 0.63359375 0.525 0.10546875 0.2109375
2 0.78125 0.5703125 0.29609375 0.359375
2 0.1453125 0.61171875 0.28984375 0.57109375
2 0.9015625 0.59453125 0.1921875 0.37890625
5 0.525 0.48515625 0.01953125 0.05