2 0.0140625 0.36796875 0.0265625 0.0890625
2 0.065625 0.359375 0.121875 0.1125
2 0.22890625 0.36640625 0.11875 0.140625
2 0.41953125 0.32421875 0.04140625 0.06640625
10 0.29453125 0.3328125 0.0234375 0.04140625
10 0.496875 0.296875 0.06171875 0.10859375
10 0.4578125 0.296875 0.01953125 0.08359375
2 0.1703125 0.346875 0.02890625 0.04609375
2 0.39140625 0.328125 0.01015625 0.015625
2 0.375 0.33203125 0.01640625 0.01953125
7 0.275 0.259375 0.003125 0.01796875
7 0.3125 0.284375 0.00625 0.01640625
7 0.4328125 0.26015625 0.00546875 0.0140625
7 0.4 0.2875 0.00625 0.0125
7 0.428125 0.290625 0.00625 0.0125
2 0.44375 0.3203125 0.0109375 0.0359375
2 0.96171875 0.346875 0.0734375 0.1234375
5 0.8015625 0.3234375 0.0234375 0.1375