7 0.38203125 0.378125 0.0046875 0.0515625
7 0.6375 0.396875 0.01015625 0.04453125
7 0.375 0.371875 0.00625 0.03203125
7 0.39140625 0.3734375 0.0078125 0.03359375
7 0.778125 0.321875 0.01875 0.01796875
8 0.171875 0.359375 0.03828125 0.028125
8 0.2953125 0.41640625 0.021875 0.0125
2 0.3890625 0.503125 0.02421875 0.05859375
2 0.5765625 0.534375 0.015625 0.028125
2 0.6578125 0.5453125 0.05 0.103125
2 0.5109375 0.534375 0.04609375 0.0625
10 0.4953125 0.478125 0.04765625 0.08203125
2 0.315625 0.5390625 0.0640625 0.13359375
2 0.2078125 0.5578125 0.20390625 0.2125
2 0.4375 0.53828125 0.103125 0.1734375
2 0.83046875 0.50859375 0.3390625 0.59296875
2 0.5984375 0.540625 0.028125 0.03203125
8 0.06875 0.3984375 0.015625 0.0375
7 0.15390625 0.40625 0.02890625 0.040625