8 0.5953125 0.42265625 0.01484375 0.03046875
8 0.4796875 0.4328125 0.009375 0.0109375
8 0.4703125 0.42578125 0.00859375 0.00703125
8 0.46640625 0.4328125 0.015625 0.015625
1 0.50390625 0.4546875 0.01015625 0.0234375
2 0.4765625 0.4625 0.0046875 0.01640625
2 0.5125 0.4609375 0.00859375 0.01640625
2 0.303125 0.47109375 0.046875 0.053125
2 0.4421875 0.46484375 0.01171875 0.01640625
2 0.4234375 0.46640625 0.021875 0.034375
2 0.46953125 0.4625 0.00703125 0.0125
2 0.4890625 0.4703125 0.02421875 0.040625
2 0.525 0.46015625 0.0140625 0.025