2 0.1203125 0.56875 0.12890625 0.18359375
2 0.184375 0.546875 0.06484375 0.121875
2 0.228125 0.51328125 0.0484375 0.1015625
2 0.2671875 0.509375 0.0453125 0.096875
2 0.3484375 0.51640625 0.1390625 0.18203125
2 0.41484375 0.48515625 0.04375 0.06953125
2 0.453125 0.49296875 0.0390625 0.05546875
2 0.52421875 0.546875 0.11953125 0.16953125
8 0.53125 0.33359375 0.1078125 0.096875
8 0.41640625 0.359375 0.06171875 0.03359375
2 0.50234375 0.44453125 0.03125 0.02890625
2 0.528125 0.4421875 0.01953125 0.02890625
2 0.5484375 0.4453125 0.01875 0.03046875
8 0.60234375 0.40859375 0.00703125 0.0234375
8 0.09453125 0.421875 0.17890625 0.134375
2 0.578125 0.484375 0.0265625 0.0390625
2 0.1796875 0.32109375 0.04609375 0.01640625
7 0.03828125 0.26640625 0.01953125 0.02109375