2 0.4671875 0.390625 0.0109375 0.01953125
2 0.4546875 0.38984375 0.009375 0.01640625
2 0.44609375 0.41484375 0.03203125 0.04140625
2 0.428125 0.40859375 0.02265625 0.05
2 0.415625 0.403125 0.0203125 0.04453125
2 0.4 0.4078125 0.021875 0.0515625
2 0.3734375 0.41953125 0.03671875 0.05
2 0.5015625 0.4625 0.08515625 0.13359375
2 0.2921875 0.440625 0.1515625 0.234375
2 0.196875 0.44921875 0.046875 0.0765625
10 0.359375 0.38671875 0.03984375 0.075
2 0.05078125 0.65859375 0.1015625 0.325
7 0.2375 0.16953125 0.0125 0.05390625
7 0.4921875 0.0734375 0.01171875 0.059375
7 0.4734375 0.3453125 0.00703125 0.01640625
7 0.39296875 0.353125 0.00546875 0.021875
7 0.3734375 0.3765625 0.00859375 0.02109375
7 0.10234375 0.34921875 0.01484375 0.03359375
7 0.2109375 0.1703125 0.0171875 0.065625
7 0.09375 0.209375 0.015625 0.075
7 0.10625 0.209375 0.01484375 0.075
7 0.434375 0.365625 0.00546875 0.01640625
7 0.465625 0.353125 0.00703125 0.015625
8 0.634375 0.31875 0.0234375 0.0359375
8 0.9015625 0.1109375 0.04453125 0.034375
8 0.90859375 0.1515625 0.0703125 0.0390625
8 0.2453125 0.3359375 0.01328125 0.02109375
5 0.7546875 0.43515625 0.028125 0.134375
5 0.7875 0.4265625 0.025 0.10546875
5 0.8265625 0.43125 0.02734375 0.11796875
7 0.97734375 0.31953125 0.01484375 0.03203125
7 0.9640625 0.321875 0.0109375 0.0265625
7 0.9515625 0.22578125 0.034375 0.0625
8 0.9625 0.08125 0.07421875 0.0359375
8 0.928125 0.06484375 0.03125 0.05859375
7 0.5875 0.48671875 0.0234375 0.00703125