8 0.6109375 0.5828125 0.00703125 0.0109375
8 0.5984375 0.565625 0.00703125 0.0140625
8 0.5859375 0.56484375 0.009375 0.015625
2 0.465625 0.575 0.0109375 0.00859375
2 0.4734375 0.57578125 0.0078125 0.01640625
2 0.478125 0.5765625 0.0109375 0.01953125
2 0.48828125 0.5828125 0.00546875 0.02109375
2 0.49375 0.58515625 0.015625 0.02890625
2 0.509375 0.59609375 0.034375 0.04296875
2 0.265625 0.6390625 0.14140625 0.15390625
2 0.3265625 0.578125 0.02265625 0.02890625
2 0.375 0.57578125 0.01484375 0.025
2 0.3984375 0.57421875 0.0140625 0.01796875
2 0.4265625 0.5734375 0.01875 0.025