2 0.10390625 0.503125 0.20625 0.303125
2 0.90546875 0.4640625 0.18671875 0.15859375
2 0.6390625 0.4203125 0.10078125 0.109375
2 0.48046875 0.3921875 0.06015625 0.08203125
2 0.7671875 0.41171875 0.096875 0.11953125
2 0.840625 0.38828125 0.05546875 0.0765625
8 0.4609375 0.2625 0.02109375 0.0125
8 0.496875 0.2984375 0.00859375 0.0265625
8 0.5 0.22421875 0.015625 0.01953125
8 0.96171875 0.30703125 0.01484375 0.03046875
8 0.92734375 0.26484375 0.01640625 0.0125
8 0.93125 0.28203125 0.02109375 0.0125
7 0.459375 0.2453125 0.00703125 0.015625
7 0.496875 0.2546875 0.0078125 0.02109375
8 0.496875 0.2703125 0.009375 0.00703125
7 0.7890625 0.24375 0.0078125 0.0359375
7 0.92265625 0.234375 0.0109375 0.0375
7 0.78046875 0.24453125 0.0109375 0.03046875
7 0.934375 0.3328125 0.0078125 0.02109375
7 0.6359375 0.3171875 0.00390625 0.01640625
2 0.57890625 0.35390625 0.0234375 0.021875
2 0.6 0.35625 0.01328125 0.021875
2 0.54296875 0.35546875 0.02109375 0.0234375
2 0.3265625 0.346875 0.03671875 0.0515625