8 0.46796875 0.496875 0.0078125 0.01953125
2 0.4984375 0.50625 0.01484375 0.0140625
2 0.5140625 0.51796875 0.0296875 0.0390625
10 0.5609375 0.48515625 0.065625 0.109375
2 0.4375 0.515625 0.0125 0.03359375
2 0.42421875 0.51171875 0.01875 0.0359375
2 0.4046875 0.51484375 0.021875 0.04140625
2 0.378125 0.5109375 0.03125 0.071875
2 0.3453125 0.53046875 0.03515625 0.08203125
2 0.296875 0.5390625 0.0734375 0.10390625
2 0.240625 0.55703125 0.078125 0.15546875
2 0.10234375 0.5703125 0.2046875 0.38046875
2 0.5671875 0.528125 0.04609375 0.059375
2 0.46875 0.50625 0.0296875 0.0234375
10 0.78671875 0.46328125 0.3234375 0.5015625