2 0.54453125 0.4078125 0.01171875 0.01796875
2 0.5515625 0.415625 0.01484375 0.025
2 0.5625 0.415625 0.02421875 0.0375
2 0.484375 0.4078125 0.028125 0.034375
2 0.4578125 0.409375 0.0265625 0.02890625
2 0.521875 0.428125 0.0515625 0.07109375
2 0.590625 0.42578125 0.03984375 0.0640625
2 0.3265625 0.42421875 0.24375 0.409375
8 0.56875 0.29453125 0.0171875 0.02109375
8 0.5765625 0.31796875 0.040625 0.04609375
8 0.615625 0.31953125 0.034375 0.0484375
8 0.48515625 0.353125 0.01328125 0.02890625
8 0.484375 0.36875 0.009375 0.021875
8 0.4421875 0.328125 0.01484375 0.03203125
2 0.209375 0.40546875 0.02734375 0.0359375
2 0.175 0.40390625 0.06796875 0.0484375
7 0.42578125 0.296875 0.009375 0.02890625
7 0.44375 0.296875 0.0109375 0.03359375
7 0.721875 0.28671875 0.01640625 0.0359375