8 0.65859375 0.36875 0.01640625 0.03359375
8 0.68828125 0.39765625 0.0203125 0.02890625
8 0.5859375 0.40703125 0.021875 0.015625
8 0.52890625 0.4109375 0.0296875 0.0265625
8 0.4703125 0.428125 0.01953125 0.0234375
8 0.6609375 0.43125 0.0484375 0.03359375
7 0.6140625 0.41796875 0.01171875 0.02109375
7 0.56015625 0.40390625 0.01484375 0.021875
7 0.51015625 0.446875 0.01171875 0.015625
7 0.5296875 0.453125 0.00703125 0.01796875
7 0.425 0.41640625 0.009375 0.01953125
8 0.3734375 0.434375 0.01015625 0.02109375
8 0.4140625 0.45 0.009375 0.0140625
8 0.3734375 0.38515625 0.00859375 0.0234375
7 0.36796875 0.45078125 0.01015625 0.015625
5 0.46484375 0.478125 0.0125 0.0359375
2 0.3453125 0.4921875 0.04375 0.0515625
2 0.278125 0.48359375 0.0296875 0.0265625
2 0.49453125 0.48359375 0.021875 0.0265625
2 0.54375 0.47734375 0.01484375 0.01640625
10 0.753125 0.4828125 0.09609375 0.0640625
2 0.79375 0.53671875 0.13828125 0.12890625