7 0.5140625 0.43125 0.01796875 0.034375
7 0.375 0.434375 0.01796875 0.034375
8 0.2703125 0.46328125 0.01875 0.071875
2 0.4328125 0.57109375 0.0421875 0.046875
2 0.46015625 0.571875 0.01875 0.0390625
2 0.5078125 0.578125 0.01171875 0.028125
2 0.53125 0.578125 0.015625 0.01796875
2 0.4 0.578125 0.0234375 0.03203125
2 0.33984375 0.5953125 0.04453125 0.05859375
2 0.6203125 0.59453125 0.06328125 0.05859375
2 0.49140625 0.57890625 0.02734375 0.0484375
2 0.26953125 0.61328125 0.115625 0.1140625
8 0.60625 0.51640625 0.01328125 0.03359375
2 0.59609375 0.58828125 0.03828125 0.053125