8 0.72734375 0.33359375 0.02265625 0.04609375
8 0.740625 0.26328125 0.025 0.02109375
7 0.709375 0.22890625 0.02421875 0.06640625
7 0.8015625 0.03515625 0.02734375 0.059375
7 0.778125 0.03359375 0.01796875 0.05546875
7 0.4203125 0.153125 0.0296875 0.0859375
8 0.3359375 0.18359375 0.071875 0.040625
8 0.253125 0.2671875 0.04140625 0.028125
7 0.2375 0.375 0.01953125 0.0359375
2 0.16953125 0.59296875 0.3390625 0.53359375
2 0.89296875 0.5234375 0.21171875 0.28203125
2 0.6125 0.51875 0.23125 0.19296875