2 0.51328125 0.39296875 0.01796875 0.0359375
2 0.525 0.4 0.01640625 0.04296875
2 0.41328125 0.396875 0.015625 0.02890625
2 0.35546875 0.39140625 0.0203125 0.021875
2 0.3375 0.39609375 0.01640625 0.0234375
1 0.6671875 0.4140625 0.11875 0.13046875
2 0.2515625 0.40234375 0.0546875 0.0734375
2 0.31640625 0.39296875 0.0265625 0.0359375
2 0.38828125 0.403125 0.04609375 0.06953125
2 0.45234375 0.421875 0.08203125 0.14140625
2 0.5671875 0.425 0.08203125 0.1140625
2 0.753125 0.440625 0.13359375 0.14609375
2 0.1515625 0.403125 0.0765625 0.078125
2 0.20703125 0.396875 0.03515625 0.059375
2 0.0328125 0.4109375 0.065625 0.115625
7 0.47734375 0.340625 0.00546875 0.015625
7 0.3390625 0.37109375 0.0078125 0.0125
8 0.51875 0.34609375 0.009375 0.015625
8 0.41640625 0.34609375 0.00859375 0.015625
8 0.3890625 0.3171875 0.01015625 0.028125
8 0.10546875 0.3234375 0.0265625 0.03046875