8 0.175 0.3453125 0.0390625 0.0625
8 0.0515625 0.459375 0.02109375 0.071875
8 0.59296875 0.45 0.021875 0.034375
2 0.303125 0.534375 0.0328125 0.040625
2 0.2703125 0.528125 0.0234375 0.02890625
2 0.3515625 0.525 0.02109375 0.028125
2 0.503125 0.534375 0.03203125 0.04453125
2 0.5546875 0.53359375 0.07265625 0.09609375
2 0.575 0.53203125 0.04765625 0.09609375
2 0.6375 0.53671875 0.12421875 0.13359375
2 0.665625 0.5484375 0.1140625 0.153125
2 0.76953125 0.553125 0.2375 0.2484375
2 0.88359375 0.584375 0.23125 0.321875
2 0.425 0.58203125 0.159375 0.2484375
2 0.14609375 0.596875 0.24921875 0.26953125
2 0.053125 0.6734375 0.10625 0.325
2 0.0234375 0.525 0.04609375 0.046875