8 0.4953125 0.41953125 0.01640625 0.0375
8 0.35 0.459375 0.01640625 0.025
2 0.384375 0.4703125 0.02890625 0.040625
2 0.365625 0.48125 0.01796875 0.0359375
2 0.2921875 0.490625 0.06796875 0.11953125
2 0.2234375 0.51328125 0.12734375 0.190625
2 0.45859375 0.4671875 0.0140625 0.05
2 0.4671875 0.46640625 0.01640625 0.0515625
2 0.4796875 0.46875 0.028125 0.065625
2 0.4921875 0.46640625 0.025 0.07890625
2 0.52109375 0.48125 0.0703125 0.0984375
2 0.590625 0.490625 0.11953125 0.16796875
2 0.71875 0.559375 0.2296875 0.2515625
2 0.875 0.62421875 0.25 0.35859375
2 0.10078125 0.52890625 0.2015625 0.39296875
2 0.434375 0.465625 0.015625 0.0234375
2 0.446875 0.46875 0.0140625 0.03046875