7 0.440625 0.02734375 0.0109375 0.040625
7 0.1984375 0.22421875 0.01171875 0.03046875
7 0.6515625 0.23125 0.01328125 0.03046875
7 0.715625 0.0984375 0.03046875 0.05703125
8 0.22578125 0.22890625 0.01328125 0.02109375
8 0.23125 0.19375 0.02109375 0.05390625
8 0.21328125 0.11328125 0.0328125 0.028125
8 0.6859375 0.096875 0.0265625 0.04140625
8 0.6359375 0.121875 0.02734375 0.03359375
6 0.240625 0.3296875 0.03984375 0.146875
6 0.178125 0.37265625 0.05234375 0.225
0 0.246875 0.378125 0.03984375 0.1265625
0 0.18125 0.42109375 0.05703125 0.18046875
2 0.403125 0.37421875 0.246875 0.39609375
5 0.82421875 0.315625 0.03984375 0.1390625
0 0.74765625 0.34609375 0.05859375 0.0859375