7 0.5640625 0.453125 0.00859375 0.01796875
7 0.5546875 0.45546875 0.00625 0.01953125
7 0.55 0.45546875 0.00859375 0.01640625
7 0.5265625 0.45390625 0.00703125 0.01640625
8 0.6484375 0.4171875 0.0203125 0.0515625
8 0.734375 0.440625 0.021875 0.0265625
8 0.665625 0.446875 0.0109375 0.0234375
8 0.653125 0.45234375 0.01484375 0.01796875
8 0.6125 0.45703125 0.01171875 0.01640625
8 0.603125 0.4609375 0.00703125 0.0140625
8 0.5953125 0.465625 0.00859375 0.015625
2 0.5546875 0.47265625 0.01171875 0.0125
2 0.521875 0.471875 0.0125 0.01640625
2 0.5765625 0.46640625 0.01015625 0.01796875
2 0.6140625 0.46953125 0.015625 0.015625
2 0.5875 0.465625 0.0140625 0.021875
2 0.534375 0.48125 0.02109375 0.025
2 0.36953125 0.478125 0.0328125 0.01640625
2 0.403125 0.4828125 0.025 0.03203125
2 0.46328125 0.478125 0.0140625 0.0125