8 0.6859375 0.52734375 0.08359375 0.125
7 0.36875 0.44296875 0.01015625 0.0390625
7 0.3140625 0.51171875 0.028125 0.04453125
7 0.6671875 0.27578125 0.0296875 0.07109375
7 0.31875 0.56484375 0.009375 0.01640625
8 0.534375 0.5484375 0.0203125 0.025
2 0.26875 0.66015625 0.0515625 0.04609375
2 0.3578125 0.6859375 0.1203125 0.1890625
2 0.0734375 0.671875 0.146875 0.103125
2 0.896875 0.634375 0.2046875 0.134375
8 0.4640625 0.58671875 0.01640625 0.02890625
8 0.62109375 0.61171875 0.03671875 0.05390625
7 0.8328125 0.15546875 0.0171875 0.0359375
7 0.63828125 0.25625 0.01171875 0.03046875
7 0.759375 0.48359375 0.01796875 0.04609375
7 0.7765625 0.4953125 0.0171875 0.06953125
8 0.7578125 0.4359375 0.0171875 0.025
8 0.15625 0.58984375 0.0125 0.03359375
8 0.72109375 0.05390625 0.05625 0.10546875
8 0.6640625 0.02578125 0.05859375 0.0515625
7 0.721875 0.16875 0.04140625 0.1