2 0.409375 0.353125 0.08203125 0.07109375
2 0.328125 0.4140625 0.04375 0.08359375
2 0.50546875 0.3890625 0.059375 0.121875
2 0.51015625 0.40859375 0.03828125 0.08046875
2 0.56953125 0.42421875 0.103125 0.17890625
2 0.65 0.47890625 0.15703125 0.19609375
5 0.659375 0.3625 0.0125 0.04140625
5 0.68359375 0.3625 0.0171875 0.0375
2 0.8359375 0.53671875 0.32734375 0.471875
2 0.38828125 0.5203125 0.20859375 0.28359375
10 0.08125 0.30390625 0.1625 0.60390625
7 0.4703125 0.31875 0.00859375 0.01796875
7 0.39765625 0.32421875 0.00625 0.028125