2 0.4546875 0.5640625 0.02578125 0.03203125
2 0.434375 0.56875 0.0375 0.05
2 0.4078125 0.58359375 0.03828125 0.040625
2 0.38046875 0.6 0.0375 0.04453125
2 0.596875 0.5515625 0.02265625 0.0390625
2 0.6140625 0.565625 0.03125 0.04296875
2 0.628125 0.571875 0.034375 0.05
2 0.6421875 0.5765625 0.03046875 0.075
2 0.6625 0.584375 0.0390625 0.0984375
2 0.69765625 0.59453125 0.08125 0.09609375
2 0.7640625 0.60859375 0.10625 0.14296875
2 0.8921875 0.621875 0.215625 0.19609375
8 0.7984375 0.484375 0.021875 0.0234375
2 0.33359375 0.5859375 0.06640625 0.04609375
2 0.2828125 0.621875 0.06796875 0.07109375