2 0.290625 0.50546875 0.02578125 0.04140625
2 0.2140625 0.51640625 0.0375 0.03359375
2 0.5890625 0.45546875 0.02890625 0.03203125
2 0.2578125 0.528125 0.06015625 0.084375
1 0.0640625 0.5296875 0.05625 0.0234375
7 0.346875 0.26953125 0.01640625 0.0609375
7 0.2671875 0.3765625 0.0125 0.0265625
7 0.440625 0.421875 0.01015625 0.021875
7 0.1828125 0.4109375 0.0140625 0.0234375
8 0.45625 0.35625 0.0125 0.0234375
2 0.821875 0.5171875 0.21953125 0.203125
8 0.18125 0.38515625 0.015625 0.025
2 0.515625 0.465625 0.06015625 0.05390625
2 0.615625 0.44921875 0.0171875 0.03046875
2 0.21796875 0.44921875 0.0109375 0.01796875