7 0.33515625 0.3328125 0.0109375 0.0234375
7 0.4015625 0.3390625 0.01171875 0.034375
7 0.4015625 0.396875 0.009375 0.0234375
7 0.371875 0.39765625 0.0109375 0.02109375
7 0.29296875 0.4171875 0.0109375 0.0234375
7 0.4640625 0.40234375 0.01484375 0.0265625
7 0.39375 0.33671875 0.00703125 0.0265625
8 0.48203125 0.3609375 0.01953125 0.01953125
8 0.4875 0.33828125 0.01171875 0.0140625
8 0.30546875 0.40234375 0.01484375 0.01640625
8 0.296875 0.38359375 0.01328125 0.01640625
8 0.265625 0.3828125 0.01875 0.0140625
2 0.42109375 0.44765625 0.0171875 0.03046875
2 0.18203125 0.4734375 0.10546875 0.0890625
2 0.1125 0.55546875 0.1921875 0.20703125
2 0.5015625 0.48984375 0.0484375 0.15
2 0.5515625 0.48203125 0.1015625 0.28359375
2 0.43125 0.45 0.02109375 0.034375
2 0.2953125 0.559375 0.18203125 0.24296875
2 0.76875 0.48515625 0.46171875 0.71953125
2 0.02578125 0.603125 0.0515625 0.2859375