2 0.5109375 0.565625 0.1859375 0.19140625
2 0.3640625 0.51015625 0.065625 0.103125
2 0.2578125 0.4953125 0.034375 0.0515625
2 0.6515625 0.5375 0.12421875 0.121875
2 0.578125 0.50546875 0.03984375 0.05546875
2 0.3328125 0.50703125 0.03515625 0.05546875
2 0.3140625 0.5015625 0.01875 0.04140625
7 0.759375 0.259375 0.02421875 0.0875
7 0.78671875 0.346875 0.02109375 0.046875
7 0.7609375 0.346875 0.021875 0.0515625
7 0.24375 0.45390625 0.0046875 0.02109375
7 0.2671875 0.45 0.00625 0.01796875
7 0.3375 0.45 0.00390625 0.015625
7 0.3109375 0.46328125 0.0046875 0.015625
7 0.2875 0.4640625 0.00390625 0.0140625
8 0.36875 0.44609375 0.00703125 0.015625