8 0.50703125 0.3015625 0.01171875 0.021875
8 0.52578125 0.3421875 0.0109375 0.01953125
2 0.15625 0.43828125 0.0859375 0.1
2 0.36171875 0.409375 0.0828125 0.10703125
2 0.7015625 0.3828125 0.04765625 0.07890625
2 0.8578125 0.371875 0.06953125 0.0640625
2 0.9328125 0.3640625 0.07265625 0.065625
2 0.246875 0.4625 0.19921875 0.2015625
2 0.6140625 0.39296875 0.05390625 0.0640625
2 0.759375 0.3984375 0.13828125 0.15390625
2 0.028125 0.4625 0.05546875 0.15390625
2 0.415625 0.40078125 0.0359375 0.0640625
2 0.553125 0.37890625 0.01796875 0.03203125