2 0.46015625 0.40546875 0.025 0.034375
2 0.51171875 0.4234375 0.04296875 0.05859375
2 0.559375 0.43828125 0.05859375 0.1109375
2 0.63125 0.446875 0.134375 0.1640625
2 0.184375 0.40546875 0.06484375 0.0765625
2 0.0765625 0.4359375 0.1234375 0.128125
8 0.53359375 0.34921875 0.0140625 0.028125
8 0.52109375 0.33984375 0.01328125 0.028125
8 0.503125 0.38125 0.0203125 0.03359375
7 0.35703125 0.3421875 0.009375 0.0140625
7 0.3953125 0.3359375 0.009375 0.01953125
2 0.83828125 0.5390625 0.3234375 0.425
8 0.265625 0.36171875 0.01015625 0.021875
8 0.36875 0.3796875 0.0109375 0.02109375
2 0.3734375 0.4 0.01796875 0.02109375
2 0.4 0.396875 0.0171875 0.028125
2 0.353125 0.39296875 0.0171875 0.01953125
2 0.4875 0.415625 0.02265625 0.05390625