2 0.44921875 0.45 0.0171875 0.03046875
2 0.4625 0.446875 0.02265625 0.04140625
2 0.475 0.4546875 0.0234375 0.04453125
2 0.4890625 0.45859375 0.03125 0.046875
2 0.515625 0.45703125 0.05 0.071875
2 0.5625 0.46640625 0.0828125 0.109375
2 0.609375 0.48828125 0.090625 0.134375
2 0.71015625 0.51015625 0.19921875 0.1984375
2 0.3234375 0.44609375 0.01640625 0.025
2 0.2921875 0.4484375 0.0390625 0.03359375
2 0.165625 0.46875 0.13515625 0.09609375
2 0.1046875 0.47890625 0.12734375 0.11640625
2 0.0828125 0.53046875 0.075 0.09453125
2 0.88125 0.61484375 0.2359375 0.32890625
7 0.378125 0.359375 0.00546875 0.01796875
7 0.42734375 0.34765625 0.00859375 0.0140625
2 0.02265625 0.46796875 0.0453125 0.209375
2 0.4375 0.4421875 0.0203125 0.02890625
2 0.175 0.49296875 0.03046875 0.053125
2 0.2125 0.46875 0.08671875 0.08203125
2 0.228125 0.45390625 0.08515625 0.07109375
2 0.25234375 0.45859375 0.05546875 0.07109375