8 0.58359375 0.5171875 0.0140625 0.0265625
8 0.58515625 0.553125 0.0125 0.021875
7 0.5296875 0.50859375 0.00546875 0.028125
7 0.496875 0.56875 0.00390625 0.0140625
7 0.42890625 0.565625 0.00390625 0.01640625
7 0.4375 0.58125 0.003125 0.0140625
2 0.5265625 0.62734375 0.0171875 0.0265625
2 0.4421875 0.6109375 0.01875 0.028125
2 0.54375 0.621875 0.028125 0.040625
2 0.4859375 0.609375 0.015625 0.01953125
2 0.4015625 0.62421875 0.03203125 0.046875
2 0.33984375 0.63046875 0.046875 0.059375
2 0.74375 0.69375 0.3171875 0.3640625
5 0.29140625 0.61875 0.00859375 0.05546875
5 0.30546875 0.61953125 0.0109375 0.053125
2 0.13984375 0.7296875 0.2796875 0.37890625
2 0.95859375 0.7203125 0.07890625 0.25703125