7 0.47265625 0.34296875 0.01015625 0.05859375
7 0.15546875 0.06953125 0.04921875 0.1140625
7 0.2796875 0.5125 0.0109375 0.028125
7 0.2921875 0.515625 0.0125 0.03359375
7 0.865625 0.421875 0.01328125 0.05703125
7 0.515625 0.58515625 0.00703125 0.021875
2 0.5390625 0.65 0.01875 0.028125
7 0.5578125 0.61796875 0.0046875 0.01796875
7 0.51640625 0.615625 0.00625 0.01953125
2 0.596875 0.6515625 0.02265625 0.04296875
2 0.45078125 0.64375 0.0265625 0.04140625
2 0.496875 0.6578125 0.06484375 0.09140625
5 0.3875 0.6171875 0.00703125 0.0234375
2 0.409375 0.6484375 0.05546875 0.06953125
2 0.565625 0.653125 0.04140625 0.053125
2 0.66328125 0.6828125 0.13125 0.1640625
2 0.778125 0.68671875 0.09453125 0.14609375
2 0.8515625 0.69453125 0.075 0.1265625
2 0.896875 0.70390625 0.0515625 0.0890625
8 0.859375 0.60078125 0.015625 0.04296875
7 0.484375 0.346875 0.01484375 0.05703125
8 0.32109375 0.33515625 0.0171875 0.046875