2 0.121875 0.49765625 0.10703125 0.09609375
2 0.24140625 0.503125 0.06171875 0.05546875
2 0.0140625 0.509375 0.028125 0.046875
10 0.16171875 0.44765625 0.09375 0.06796875
2 0.63359375 0.49375 0.02734375 0.0234375
2 0.3109375 0.490625 0.05390625 0.046875
2 0.39140625 0.4921875 0.02265625 0.034375
8 0.3625 0.378125 0.015625 0.03046875
8 0.7078125 0.42421875 0.015625 0.01640625
8 0.70859375 0.44453125 0.015625 0.01953125
2 0.4890625 0.50234375 0.01640625 0.02109375
2 0.446875 0.496875 0.0078125 0.00859375
5 0.56796875 0.49375 0.00859375 0.0234375
8 0.7390625 0.3703125 0.01484375 0.0265625
8 0.74140625 0.3984375 0.0265625 0.028125