2 0.6515625 0.5875 0.078125 0.1015625
2 0.590625 0.58046875 0.03125 0.04609375
2 0.2390625 0.640625 0.1390625 0.14140625
2 0.390625 0.6 0.0421875 0.04296875
2 0.4484375 0.5953125 0.03984375 0.05
2 0.01875 0.64609375 0.03515625 0.05546875
2 0.71640625 0.57109375 0.02265625 0.0265625
2 0.74609375 0.565625 0.0125 0.02890625
2 0.79296875 0.56796875 0.01875 0.02890625
2 0.54765625 0.58984375 0.02109375 0.03359375
7 0.6234375 0.525 0.0078125 0.021875
7 0.6515625 0.5078125 0.0078125 0.02890625
8 0.578125 0.528125 0.00546875 0.02109375