2 0.534375 0.50390625 0.0203125 0.04609375
2 0.5515625 0.50625 0.0296875 0.04609375
2 0.50625 0.51953125 0.02890625 0.09140625
2 0.5828125 0.52734375 0.05703125 0.06796875
2 0.62421875 0.5078125 0.040625 0.0875
2 0.425 0.52890625 0.15703125 0.20390625
2 0.3265625 0.53671875 0.1078125 0.140625
2 0.284375 0.5171875 0.05625 0.0875
2 0.18125 0.515625 0.171875 0.19140625
5 0.128125 0.4625 0.0125 0.04140625
5 0.1171875 0.4625 0.0203125 0.0609375
5 0.09375 0.50390625 0.03125 0.1234375
5 0.0421875 0.4703125 0.02421875 0.075
5 0.01875 0.50390625 0.034375 0.171875
5 0.6734375 0.52265625 0.01875 0.04140625
5 0.784375 0.52109375 0.01484375 0.08046875
5 0.7671875 0.5171875 0.0203125 0.0875
5 0.93828125 0.51328125 0.0234375 0.05546875
5 0.9078125 0.53046875 0.01796875 0.10390625
5 0.89296875 0.52734375 0.0203125 0.11640625
5 0.8796875 0.5015625 0.01484375 0.05546875
5 0.85625 0.55859375 0.05078125 0.12109375
5 0.853125 0.49921875 0.03125 0.07109375
5 0.9578125 0.5484375 0.03515625 0.140625
8 0.6921875 0.396875 0.01640625 0.0265625
8 0.6984375 0.4171875 0.01328125 0.0140625
8 0.59609375 0.459375 0.01484375 0.0140625
7 0.0265625 0.32578125 0.02578125 0.0390625
7 0.5109375 0.42734375 0.009375 0.02890625