7 0.3203125 0.4921875 0.021875 0.028125
7 0.53515625 0.46015625 0.0109375 0.021875
7 0.48046875 0.46171875 0.00859375 0.01640625
7 0.69609375 0.49609375 0.02109375 0.0359375
7 0.521875 0.51171875 0.00703125 0.0125
2 0.05 0.5609375 0.1 0.165625
2 0.1546875 0.5578125 0.103125 0.1390625
2 0.8046875 0.603125 0.1109375 0.121875
2 0.89296875 0.584375 0.08828125 0.0765625
2 0.6421875 0.5796875 0.03671875 0.0390625
2 0.36171875 0.56328125 0.05078125 0.046875
2 0.4078125 0.55703125 0.01640625 0.034375
2 0.42109375 0.55546875 0.01328125 0.02890625
2 0.61953125 0.56796875 0.021875 0.04140625
2 0.5015625 0.5546875 0.01796875 0.021875
7 0.221875 0.47890625 0.009375 0.03046875
7 0.2296875 0.43984375 0.009375 0.03359375
2 0.4796875 0.5515625 0.015625 0.0265625
2 0.43046875 0.55234375 0.01171875 0.02890625