2 0.1703125 0.68515625 0.13359375 0.1734375
2 0.43515625 0.58046875 0.0328125 0.040625
2 0.4109375 0.59609375 0.015625 0.0375
2 0.39375 0.59765625 0.03203125 0.04453125
2 0.36015625 0.609375 0.02890625 0.0765625
2 0.32734375 0.62890625 0.06015625 0.09140625
2 0.2734375 0.64921875 0.084375 0.10703125
2 0.5265625 0.565625 0.02109375 0.02890625
2 0.5390625 0.571875 0.0140625 0.0390625
2 0.546875 0.578125 0.0171875 0.0359375
2 0.55859375 0.57734375 0.02421875 0.05390625
2 0.56796875 0.58046875 0.0171875 0.0609375
2 0.5890625 0.58828125 0.0453125 0.0859375
2 0.6203125 0.60625 0.0671875 0.09140625
2 0.6984375 0.63515625 0.10625 0.15
2 0.8203125 0.67109375 0.2375 0.2265625
2 0.5015625 0.571875 0.015625 0.0265625
2 0.4671875 0.57421875 0.0203125 0.03203125
2 0.059375 0.728125 0.1171875 0.234375
7 0.4421875 0.51171875 0.0171875 0.03046875
7 0.54609375 0.50546875 0.01875 0.028125