7 0.359375 0.47109375 0.01328125 0.028125
7 0.4453125 0.47734375 0.0125 0.0265625
8 0.41875 0.52265625 0.0125 0.015625
8 0.346875 0.478125 0.02265625 0.01953125
8 0.67734375 0.36171875 0.0234375 0.053125
2 0.3640625 0.56171875 0.021875 0.053125
2 0.33046875 0.54921875 0.053125 0.096875
2 0.2859375 0.5640625 0.07578125 0.1484375
2 0.2109375 0.6015625 0.13984375 0.18046875
2 0.0859375 0.64375 0.1703125 0.3015625
2 0.4921875 0.5828125 0.0328125 0.09453125
2 0.5390625 0.578125 0.0734375 0.1125
2 0.834375 0.690625 0.328125 0.390625