7 0.3828125 0.19921875 0.01796875 0.0484375
7 0.6140625 0.1859375 0.01640625 0.03046875
7 0.6140625 0.246875 0.02109375 0.08203125
7 0.59609375 0.346875 0.0171875 0.03046875
7 0.6390625 0.41015625 0.0171875 0.0265625
7 0.61171875 0.46171875 0.00546875 0.021875
7 0.615625 0.35078125 0.021875 0.084375
7 0.528125 0.43359375 0.0109375 0.01640625
7 0.29296875 0.384375 0.01015625 0.040625
7 0.22578125 0.3125 0.01484375 0.01953125
7 0.203125 0.2890625 0.0125 0.02109375
7 0.9953125 0.1109375 0.00859375 0.084375
8 0.5375 0.215625 0.0421875 0.05390625
8 0.60390625 0.428125 0.02421875 0.01640625
2 0.2265625 0.51953125 0.175 0.10546875
2 0.41953125 0.53359375 0.03125 0.05703125
2 0.478125 0.50859375 0.03984375 0.028125
2 0.86953125 0.534375 0.10546875 0.09609375
2 0.74140625 0.55390625 0.24375 0.240625
2 0.503125 0.5359375 0.153125 0.0890625
2 0.03125 0.5421875 0.0625 0.1125