7 0.390625 0.43515625 0.0046875 0.01796875
7 0.38203125 0.44921875 0.00390625 0.01640625
7 0.53046875 0.43515625 0.0046875 0.01796875
7 0.84453125 0.3875 0.0203125 0.028125
7 0.6546875 0.14609375 0.02109375 0.08046875
7 0.67578125 0.146875 0.0203125 0.090625
7 0.465625 0.48203125 0.0046875 0.015625
7 0.5015625 0.4828125 0.003125 0.0125
7 0.690625 0.153125 0.01171875 0.06640625
7 0.74140625 0.4234375 0.00703125 0.01796875
8 0.615625 0.42421875 0.0125 0.034375
8 0.8234375 0.2109375 0.04140625 0.04609375
8 0.8203125 0.296875 0.03203125 0.06640625
8 0.83671875 0.3546875 0.02109375 0.02890625
8 0.659375 0.43515625 0.015625 0.025
2 0.27421875 0.5390625 0.040625 0.0609375
2 0.2375 0.54453125 0.04375 0.075
2 0.1859375 0.553125 0.06875 0.09296875
2 0.40234375 0.503125 0.021875 0.040625
2 0.46875 0.496875 0.01953125 0.02890625
2 0.5265625 0.490625 0.01171875 0.01640625
2 0.534375 0.49453125 0.01484375 0.01796875
2 0.54375 0.5015625 0.0203125 0.03046875
2 0.565625 0.50078125 0.0328125 0.0359375
2 0.59375 0.49296875 0.02421875 0.034375
2 0.6109375 0.5 0.04296875 0.034375
2 0.6453125 0.503125 0.05234375 0.02890625
2 0.6765625 0.528125 0.04765625 0.08203125
2 0.7140625 0.52265625 0.0703125 0.09296875
2 0.3609375 0.51484375 0.0703125 0.09296875
2 0.4484375 0.50625 0.0328125 0.04453125
8 0.990625 0.31796875 0.01796875 0.071875