2 0.509375 0.5109375 0.11171875 0.165625
2 0.15625 0.48984375 0.12890625 0.13359375
2 0.7578125 0.5453125 0.16875 0.1859375
2 0.65078125 0.4984375 0.08984375 0.109375
2 0.59609375 0.4890625 0.03671875 0.05390625
5 0.57109375 0.47890625 0.01015625 0.071875
2 0.44921875 0.49140625 0.03515625 0.05703125
2 0.4171875 0.496875 0.01953125 0.02890625
2 0.37265625 0.503125 0.0328125 0.03203125
8 0.7671875 0.35546875 0.0140625 0.02109375
8 0.67578125 0.38046875 0.01171875 0.0234375
8 0.6265625 0.39921875 0.009375 0.01640625
7 0.73046875 0.421875 0.01015625 0.01640625
8 0.6328125 0.4203125 0.01171875 0.01640625
8 0.18125 0.390625 0.0140625 0.025
7 0.14375 0.384375 0.01640625 0.025