7 0.39609375 0.3015625 0.01484375 0.0265625
7 0.4 0.321875 0.009375 0.0234375
7 0.4078125 0.3390625 0.00859375 0.015625
7 0.425 0.340625 0.0109375 0.009375
7 0.44375 0.3109375 0.0109375 0.0140625
8 0.48984375 0.215625 0.0515625 0.05703125
8 0.503125 0.18515625 0.01796875 0.0140625
8 0.6203125 0.33046875 0.0203125 0.0140625
8 0.625 0.3109375 0.0109375 0.0140625
8 0.42890625 0.32734375 0.01328125 0.01640625
8 0.26875 0.31171875 0.0203125 0.01953125
8 0.34140625 0.33515625 0.0109375 0.0140625
8 0.34609375 0.32578125 0.0125 0.0140625
2 0.2859375 0.3625 0.03203125 0.040625
2 0.26171875 0.359375 0.0203125 0.03359375
2 0.46484375 0.375 0.0125 0.02890625
2 0.47734375 0.359375 0.0125 0.021875
2 0.4921875 0.3546875 0.01640625 0.02890625
2 0.23828125 0.36015625 0.03671875 0.04453125
2 0.37734375 0.37734375 0.0796875 0.115625
2 0.3203125 0.36640625 0.04609375 0.0625
2 0.4484375 0.37578125 0.028125 0.0390625
10 0.5203125 0.365625 0.04375 0.0625
8 0.9703125 0.140625 0.04921875 0.03203125
8 0.965625 0.20859375 0.05234375 0.09609375