2 0.203125 0.55859375 0.33515625 0.33359375
2 0.49140625 0.64296875 0.3203125 0.41796875
2 0.6578125 0.49765625 0.0703125 0.09609375
2 0.8453125 0.609375 0.309375 0.4125
8 0.403125 0.259375 0.02265625 0.05390625
8 0.425 0.2625 0.021875 0.04296875
8 0.50234375 0.3390625 0.02265625 0.04140625
8 0.58828125 0.37421875 0.0328125 0.0234375
8 0.7515625 0.365625 0.0234375 0.04140625
8 0.81796875 0.30546875 0.02109375 0.04453125
7 0.396875 0.33046875 0.01875 0.053125
7 0.53125 0.2765625 0.01640625 0.05
7 0.6078125 0.284375 0.01796875 0.05
7 0.8 0.30078125 0.01171875 0.04453125
7 0.875 0.30703125 0.01484375 0.04140625
7 0.940625 0.31328125 0.01953125 0.0484375
7 0.2578125 0.18203125 0.0203125 0.06796875