2 0.52578125 0.3625 0.06953125 0.1140625
2 0.5609375 0.340625 0.0171875 0.03359375
2 0.5703125 0.3328125 0.01484375 0.02109375
2 0.5953125 0.33359375 0.0125 0.01796875
8 0.1875 0.2796875 0.028125 0.040625
8 0.190625 0.3109375 0.01171875 0.021875
8 0.2234375 0.31015625 0.00859375 0.02109375
8 0.2375 0.309375 0.0125 0.021875
7 0.4375 0.32109375 0.0078125 0.0140625
7 0.58046875 0.28515625 0.00703125 0.01953125
7 0.55234375 0.2859375 0.00703125 0.01640625
8 0.596875 0.30234375 0.015625 0.0265625
8 0.6 0.31640625 0.0078125 0.0125
8 0.21484375 0.265625 0.0515625 0.1125
2 0.359375 0.34921875 0.009375 0.0125