7 0.5578125 0.49140625 0.0078125 0.02109375
7 0.475 0.50078125 0.0078125 0.02109375
7 0.48984375 0.4890625 0.00625 0.0265625
7 0.45 0.40703125 0.01171875 0.034375
7 0.4359375 0.40625 0.009375 0.04140625
8 0.3921875 0.4546875 0.01953125 0.01953125
8 0.33515625 0.4703125 0.0234375 0.02109375
8 0.33671875 0.44296875 0.01953125 0.03046875
7 0.34765625 0.36640625 0.0171875 0.059375
8 0.5625 0.515625 0.009375 0.01953125
2 0.47890625 0.5515625 0.02421875 0.04140625
2 0.515625 0.5484375 0.0234375 0.028125
2 0.571875 0.55703125 0.03984375 0.05390625
2 0.440625 0.55 0.02734375 0.040625
2 0.50390625 0.596875 0.06875 0.1015625
10 0.771875 0.47421875 0.378125 0.6015625
2 0.9859375 0.64375 0.0265625 0.05390625
5 0.15703125 0.546875 0.0234375 0.0890625