8 0.5390625 0.06328125 0.05078125 0.1265625
8 0.5515625 0.17421875 0.025 0.040625
7 0.3390625 0.35703125 0.00703125 0.009375
7 0.3265625 0.3859375 0.00625 0.00859375
7 0.125 0.44453125 0.00546875 0.00546875
2 0.340625 0.4421875 0.01875 0.021875
2 0.321875 0.446875 0.01484375 0.015625
2 0.31015625 0.45 0.009375 0.0140625
2 0.296875 0.44765625 0.02109375 0.028125
2 0.1984375 0.4703125 0.034375 0.053125
2 0.1625 0.4796875 0.04765625 0.05859375
2 0.121875 0.49140625 0.05 0.06640625
2 0.05078125 0.49375 0.10078125 0.11640625
2 0.3734375 0.45546875 0.01875 0.059375
2 0.4671875 0.434375 0.1765625 0.32109375
2 0.25625 0.4703125 0.09140625 0.10703125