8 0.3609375 0.2734375 0.01640625 0.025
8 0.36328125 0.3078125 0.0453125 0.034375
8 0.36171875 0.3359375 0.0625 0.01953125
8 0.40703125 0.396875 0.025 0.0125
8 0.565625 0.3125 0.01328125 0.009375
8 0.5828125 0.36640625 0.01171875 0.00859375
2 0.73515625 0.43125 0.12265625 0.17890625
2 0.4734375 0.43828125 0.01171875 0.01640625
2 0.4015625 0.440625 0.0203125 0.025
2 0.3828125 0.4421875 0.015625 0.02109375
2 0.30234375 0.440625 0.02265625 0.025
2 0.371875 0.434375 0.0234375 0.03046875
2 0.3515625 0.43828125 0.015625 0.034375
2 0.91875 0.428125 0.159375 0.14140625
8 0.3125 0.4015625 0.01328125 0.03203125