2 0.375 0.4359375 0.01875 0.021875
5 0.45703125 0.43515625 0.009375 0.03359375
8 0.009375 0.37734375 0.01875 0.01953125
8 0.50546875 0.290625 0.01484375 0.01953125
7 0.215625 0.35234375 0.00703125 0.02109375
7 0.3953125 0.353125 0.00546875 0.01953125
7 0.18359375 0.36484375 0.00703125 0.01953125
7 0.2234375 0.35078125 0.00625 0.021875
7 0.3296875 0.4125 0.01015625 0.009375
7 0.17109375 0.34140625 0.00859375 0.034375
2 0.3484375 0.43046875 0.01171875 0.01640625
2 0.36171875 0.43203125 0.0109375 0.021875
8 0.15859375 0.403125 0.0140625 0.0265625
8 0.159375 0.41875 0.01484375 0.0125