7 0.0984375 0.34765625 0.0265625 0.0359375
7 0.2265625 0.36640625 0.01875 0.034375
7 0.471875 0.2890625 0.00859375 0.0234375
7 0.3296875 0.29921875 0.01015625 0.03359375
7 0.353125 0.334375 0.0109375 0.021875
7 0.47421875 0.34765625 0.00625 0.021875
8 0.5296875 0.28125 0.03671875 0.01640625
2 0.34921875 0.41484375 0.021875 0.0359375
2 0.4109375 0.409375 0.025 0.03359375
2 0.4890625 0.4203125 0.0390625 0.05859375
2 0.7328125 0.4625 0.18359375 0.215625
2 0.63125 0.4546875 0.08515625 0.121875
2 0.58828125 0.44921875 0.04296875 0.09296875
2 0.3078125 0.4109375 0.02109375 0.0265625
2 0.378125 0.4078125 0.021875 0.028125
7 0.6015625 0.3546875 0.0171875 0.03046875
7 0.578125 0.2515625 0.01484375 0.0375