2 0.4109375 0.5828125 0.05859375 0.09609375
2 0.0921875 0.62578125 0.14921875 0.11640625
2 0.37421875 0.56953125 0.00859375 0.0140625
2 0.3625 0.575 0.01328125 0.02109375
2 0.3515625 0.57734375 0.009375 0.0234375
2 0.340625 0.578125 0.015625 0.0265625
2 0.321875 0.58359375 0.0203125 0.03203125
2 0.3 0.58359375 0.02109375 0.02890625
2 0.2640625 0.59921875 0.05390625 0.0734375
2 0.2046875 0.59765625 0.06328125 0.0890625
8 0.221875 0.50859375 0.00703125 0.0140625
8 0.47421875 0.396875 0.01015625 0.0484375
8 0.34453125 0.546875 0.0046875 0.01796875