2 0.60625 0.31015625 0.07109375 0.0640625
2 0.4890625 0.3359375 0.053125 0.05390625
2 0.3875 0.3421875 0.0640625 0.06640625
8 0.096875 0.3265625 0.03046875 0.05390625
8 0.184375 0.3234375 0.01484375 0.034375
8 0.2546875 0.3265625 0.0140625 0.03359375
8 0.3140625 0.321875 0.01171875 0.03359375
8 0.3640625 0.3140625 0.01484375 0.02890625
8 0.40703125 0.315625 0.01171875 0.025
8 0.4515625 0.30703125 0.0171875 0.0265625
8 0.490625 0.303125 0.01171875 0.01796875
8 0.5328125 0.3 0.01171875 0.02890625
8 0.6890625 0.13671875 0.06484375 0.115625
8 0.6890625 0.221875 0.02890625 0.0515625
8 0.196875 0.025 0.2984375 0.04140625
8 0.0125 0.13203125 0.025 0.1734375