2 0.065625 0.3453125 0.10546875 0.103125
5 0.58984375 0.29296875 0.00859375 0.0359375
5 0.6453125 0.290625 0.01015625 0.03046875
5 0.5296875 0.30078125 0.00703125 0.034375
5 0.4890625 0.3078125 0.00859375 0.03203125
10 0.2984375 0.296875 0.03125 0.05
8 0.4203125 0.2765625 0.0125 0.0125
7 0.3546875 0.26953125 0.00703125 0.02109375
2 0.33046875 0.303125 0.01484375 0.028125
2 0.4734375 0.30390625 0.03203125 0.0375
2 0.3484375 0.30234375 0.02734375 0.03203125
2 0.3875 0.303125 0.01640625 0.01796875
2 0.36953125 0.30390625 0.01953125 0.028125
2 0.425 0.30078125 0.0109375 0.01640625
2 0.4015625 0.30078125 0.01171875 0.01640625
2 0.43984375 0.29765625 0.01875 0.025
10 0.259375 0.2984375 0.04609375 0.08203125
2 0.871875 0.5796875 0.25546875 0.60859375
2 0.41484375 0.30078125 0.0171875 0.025