7 0.74140625 0.2984375 0.015625 0.05703125
8 0.725 0.26484375 0.015625 0.034375
7 0.7171875 0.30390625 0.01171875 0.04140625
2 0.453125 0.4171875 0.053125 0.1015625
7 0.4921875 0.3828125 0.0109375 0.01796875
8 0.5203125 0.39140625 0.01015625 0.01953125
2 0.5421875 0.45234375 0.0671875 0.09453125
2 0.41875 0.415625 0.0140625 0.02890625
2 0.4 0.415625 0.0234375 0.040625
2 0.378125 0.4109375 0.01640625 0.040625
2 0.35390625 0.415625 0.03203125 0.05
2 0.3 0.409375 0.05703125 0.08203125
8 0.365625 0.371875 0.0125 0.02890625