7 0.50625 0.31640625 0.00859375 0.03046875
7 0.67890625 0.36875 0.0078125 0.025
7 0.5640625 0.38515625 0.00390625 0.015625
7 0.5328125 0.38984375 0.00546875 0.01640625
7 0.41328125 0.38125 0.01171875 0.021875
7 0.3796875 0.2671875 0.00859375 0.0234375
7 0.36953125 0.309375 0.00703125 0.0234375
8 0.3578125 0.2703125 0.02109375 0.015625
8 0.415625 0.32421875 0.03515625 0.03203125
8 0.49375 0.3703125 0.0078125 0.01640625
8 0.6328125 0.346875 0.015625 0.0234375
8 0.69140625 0.35078125 0.0171875 0.0359375
8 0.5015625 0.38828125 0.00859375 0.00859375
8 0.371875 0.346875 0.02109375 0.03046875
2 0.44375 0.44765625 0.0421875 0.078125
2 0.41328125 0.45078125 0.04609375 0.09609375
2 0.39453125 0.4640625 0.04140625 0.125
2 0.2453125 0.375 0.27265625 0.409375
2 0.5171875 0.43203125 0.025 0.040625
2 0.5171875 0.44921875 0.02421875 0.06796875
2 0.65546875 0.46015625 0.07734375 0.1234375
2 0.70078125 0.48671875 0.09453125 0.11640625
2 0.0859375 0.425 0.16875 0.50390625
2 0.546875 0.44921875 0.05234375 0.090625