7 0.40625 0.47890625 0.00703125 0.01796875
7 0.3734375 0.4796875 0.00625 0.00859375
2 0.3984375 0.4984375 0.009375 0.009375
2 0.3296875 0.48359375 0.02109375 0.021875
2 0.290625 0.4859375 0.02109375 0.021875
1 0.75078125 0.659375 0.1359375 0.14140625
2 0.01953125 0.4 0.0390625 0.0484375
2 0.0796875 0.421875 0.071875 0.07109375
2 0.13828125 0.4609375 0.040625 0.0484375
2 0.17578125 0.4765625 0.0296875 0.028125
2 0.2171875 0.48046875 0.028125 0.0265625
6 0.50625 0.5546875 0.01875 0.065625
3 0.503125 0.5703125 0.02265625 0.0390625
2 0.23671875 0.484375 0.01953125 0.02890625
2 0.2515625 0.4875 0.02109375 0.0375