2 0.19921875 0.56875 0.05625 0.03359375
2 0.159375 0.571875 0.03671875 0.03359375
2 0.24453125 0.56328125 0.03515625 0.02109375
2 0.521875 0.540625 0.0234375 0.0234375
2 0.5515625 0.5421875 0.03046875 0.03046875
2 0.58125 0.553125 0.03125 0.04140625
2 0.6109375 0.54765625 0.03125 0.0375
2 0.646875 0.54765625 0.0390625 0.046875
2 0.875 0.546875 0.1 0.1140625
2 0.3859375 0.553125 0.0421875 0.05
2 0.46171875 0.571875 0.09453125 0.15
2 0.7625 0.603125 0.25 0.22109375
2 0.0265625 0.6046875 0.05234375 0.08203125
2 0.94375 0.565625 0.11015625 0.17109375
7 0.49296875 0.50859375 0.0078125 0.0234375
7 0.4078125 0.51875 0.009375 0.03046875