7 0.8828125 0.4625 0.0171875 0.0375
7 0.11328125 0.1328125 0.02109375 0.1
7 0.0953125 0.1453125 0.0171875 0.0890625
7 0.140625 0.14375 0.02421875 0.10390625
8 0.8546875 0.3984375 0.03046875 0.0734375
8 0.25546875 0.46171875 0.06015625 0.0609375
8 0.253125 0.50859375 0.0265625 0.04140625
8 0.0234375 0.4625 0.0296875 0.03359375
2 0.4484375 0.615625 0.0125 0.01953125
2 0.425 0.625 0.01015625 0.0265625
2 0.4359375 0.63046875 0.0125 0.015625
2 0.4140625 0.62578125 0.0125 0.028125
2 0.3890625 0.63125 0.0390625 0.053125
0 0.3140625 0.67109375 0.015625 0.053125
6 0.3109375 0.628125 0.01875 0.06796875
2 0.3328125 0.64453125 0.07578125 0.0875
2 0.478125 0.61328125 0.01484375 0.028125
2 0.49375 0.61640625 0.0171875 0.0390625
2 0.5265625 0.6265625 0.01953125 0.059375
2 0.534375 0.63359375 0.0234375 0.075
2 0.5703125 0.6265625 0.0734375 0.11640625
2 0.9890625 0.6609375 0.01953125 0.06796875
5 0.909375 0.58515625 0.021875 0.1140625
2 0.51953125 0.61875 0.0234375 0.059375
2 0.5078125 0.61875 0.0203125 0.05546875