7 0.2796875 0.19765625 0.0171875 0.06953125
7 0.7375 0.09375 0.0171875 0.08359375
7 0.26796875 0.20078125 0.015625 0.0609375
7 0.296875 0.2046875 0.0171875 0.05859375
7 0.71015625 0.103125 0.02421875 0.08359375
7 0.7515625 0.10390625 0.01484375 0.0859375
7 0.66171875 0.484375 0.015625 0.03359375
7 0.171875 0.490625 0.01640625 0.034375
2 0.35 0.61171875 0.06015625 0.065625
2 0.571875 0.57890625 0.05234375 0.06953125
2 0.4859375 0.57578125 0.02265625 0.028125
2 0.4640625 0.57578125 0.01640625 0.02109375
2 0.5375 0.575 0.0203125 0.0609375
2 0.5265625 0.57890625 0.01953125 0.034375
2 0.5171875 0.5765625 0.01328125 0.0359375
2 0.50546875 0.578125 0.01484375 0.03046875
2 0.38515625 0.59921875 0.02109375 0.05
2 0.39375 0.5890625 0.02421875 0.046875
2 0.4078125 0.58203125 0.01484375 0.04296875
2 0.421875 0.5828125 0.009375 0.034375
2 0.4328125 0.578125 0.0109375 0.021875
2 0.44375 0.5796875 0.0109375 0.01953125
2 0.93046875 0.55703125 0.13515625 0.12109375
7 0.646875 0.48359375 0.0140625 0.02890625