2 0.52421875 0.45859375 0.0203125 0.028125
2 0.50703125 0.45703125 0.0203125 0.040625
2 0.4859375 0.459375 0.02890625 0.0609375
2 0.4703125 0.46875 0.02734375 0.05859375
2 0.4515625 0.4765625 0.01875 0.0640625
2 0.4109375 0.48515625 0.06953125 0.1015625
2 0.325 0.49765625 0.140625 0.1375
2 0.6171875 0.4625 0.0171875 0.0359375
2 0.65703125 0.478125 0.05703125 0.10703125
2 0.70625 0.490625 0.08984375 0.1234375
2 0.7953125 0.51328125 0.16484375 0.1875
8 0.1359375 0.15390625 0.05859375 0.03046875
8 0.159375 0.19609375 0.05625 0.04296875
8 0.175 0.23671875 0.03125 0.01796875
8 0.1671875 0.278125 0.05 0.05859375