5 0.8484375 0.6078125 0.05546875 0.17890625
7 0.4359375 0.52578125 0.00703125 0.03359375
7 0.35625 0.546875 0.0046875 0.021875
7 0.39921875 0.55 0.0046875 0.01953125
7 0.4265625 0.5484375 0.0046875 0.01796875
7 0.4140625 0.55625 0.00625 0.01953125
2 0.42734375 0.57265625 0.0125 0.0125
2 0.4109375 0.5671875 0.0109375 0.01953125
2 0.3765625 0.596875 0.015625 0.0265625
2 0.41171875 0.590625 0.046875 0.04140625
2 0.3515625 0.5984375 0.02578125 0.021875
2 0.30390625 0.621875 0.05625 0.06796875
2 0.4609375 0.65390625 0.04140625 0.09296875
2 0.35859375 0.778125 0.25859375 0.35390625
2 0.0859375 0.740625 0.171875 0.428125
0 0.6171875 0.71171875 0.06640625 0.153125
7 0.478125 0.5390625 0.01015625 0.0234375
8 0.58125 0.45078125 0.04921875 0.08359375
8 0.6078125 0.33359375 0.03203125 0.1
8 0.5734375 0.37421875 0.05234375 0.06953125
8 0.5765625 0.321875 0.02578125 0.0390625
8 0.50703125 0.525 0.021875 0.03046875
8 0.50625 0.49296875 0.015625 0.01953125
8 0.5046875 0.4125 0.01875 0.04140625
8 0.503125 0.3625 0.0265625 0.01953125