2 0.26796875 0.56015625 0.0546875 0.059375
2 0.34296875 0.5640625 0.0453125 0.05390625
2 0.22734375 0.55 0.04296875 0.0515625
2 0.4796875 0.534375 0.01875 0.02890625
2 0.4578125 0.53125 0.01640625 0.0265625
2 0.44296875 0.528125 0.01640625 0.02109375
2 0.3828125 0.5265625 0.0171875 0.02890625
2 0.88046875 0.5578125 0.1546875 0.09140625
7 0.228125 0.3515625 0.01015625 0.0375
7 0.1078125 0.49765625 0.0140625 0.01796875
8 0.82109375 0.01875 0.12890625 0.0375
8 0.196875 0.3609375 0.04921875 0.021875
7 0.590625 0.4953125 0.01640625 0.025
8 0.121875 0.428125 0.02109375 0.009375
8 0.1109375 0.44296875 0.01953125 0.0125
7 0.67578125 0.07421875 0.025 0.109375
7 0.69375 0.33671875 0.015625 0.0640625
5 0.84921875 0.56171875 0.0265625 0.08203125
2 0.3078125 0.55625 0.03046875 0.046875