2 0.11640625 0.5859375 0.23203125 0.378125
2 0.8859375 0.60625 0.22734375 0.446875
2 0.225 0.5203125 0.1390625 0.22890625
2 0.29921875 0.50703125 0.028125 0.06953125
2 0.39375 0.484375 0.06640625 0.10546875
2 0.4296875 0.49296875 0.02109375 0.06796875
2 0.4453125 0.4859375 0.02265625 0.05390625
2 0.4671875 0.48046875 0.0296875 0.05390625
2 0.621875 0.521875 0.0484375 0.1015625
2 0.5984375 0.509375 0.0375 0.078125
2 0.57421875 0.503125 0.02890625 0.05859375
2 0.55625 0.49609375 0.0234375 0.0515625
2 0.540625 0.4921875 0.01875 0.028125
2 0.3578125 0.503125 0.0984375 0.109375
2 0.67265625 0.54296875 0.1140625 0.1359375
3 0.809375 0.58203125 0.11015625 0.10546875
3 0.790625 0.565625 0.109375 0.1015625
2 0.5234375 0.490625 0.01484375 0.02109375