2 0.271875 0.41171875 0.090625 0.11640625
2 0.453125 0.39296875 0.025 0.025
2 0.43125 0.390625 0.01796875 0.02890625
2 0.415625 0.390625 0.0125 0.03046875
2 0.396875 0.39765625 0.01796875 0.02890625
2 0.540625 0.390625 0.01796875 0.0265625
2 0.5609375 0.39296875 0.02421875 0.03359375
2 0.5921875 0.38828125 0.03671875 0.06796875
2 0.640625 0.3984375 0.10390625 0.1265625
2 0.796875 0.453125 0.225 0.24453125
2 0.17734375 0.44609375 0.13359375 0.13203125
2 0.47578125 0.3921875 0.01328125 0.01796875
2 0.521875 0.384375 0.0171875 0.021875
2 0.940625 0.603125 0.115625 0.2390625
2 0.0546875 0.46640625 0.109375 0.21796875