2 0.1 0.65625 0.19765625 0.290625
2 0.5875 0.6734375 0.34296875 0.51953125
5 0.21875 0.578125 0.0125 0.0609375
5 0.225 0.5828125 0.0078125 0.0515625
5 0.303125 0.57578125 0.01171875 0.053125
5 0.29375 0.5765625 0.00703125 0.0484375
8 0.128125 0.446875 0.02734375 0.04609375
8 0.13125 0.49375 0.0234375 0.0390625
8 0.0078125 0.48359375 0.015625 0.04140625
8 0.2140625 0.4296875 0.040625 0.021875
8 0.2859375 0.459375 0.0125 0.03203125
8 0.428125 0.41875 0.034375 0.05859375
8 0.421875 0.46796875 0.0421875 0.059375
8 0.7671875 0.4609375 0.03125 0.0515625
8 0.9296875 0.40390625 0.03125 0.01953125
8 0.9578125 0.353125 0.04765625 0.01953125
8 0.6890625 0.440625 0.02109375 0.01953125
8 0.7015625 0.4078125 0.02734375 0.01640625
8 0.7390625 0.40078125 0.0125 0.0125
7 0.57734375 0.359375 0.0078125 0.04140625
7 0.4796875 0.43125 0.009375 0.02890625
7 0.2875 0.415625 0.0078125 0.03046875
7 0.259375 0.45703125 0.00703125 0.021875
7 0.259375 0.528125 0.0109375 0.01953125
7 0.70703125 0.478125 0.0109375 0.021875
7 0.5875 0.36015625 0.0125 0.0484375
8 0.24609375 0.5 0.0125 0.0125
8 0.25078125 0.51484375 0.01328125 0.0125
2 0.35546875 0.5765625 0.0671875 0.078125
2 0.3859375 0.56015625 0.02734375 0.0609375
2 0.403125 0.553125 0.0234375 0.065625