8 0.58125 0.40859375 0.0109375 0.0109375
8 0.58671875 0.39296875 0.0078125 0.00703125
8 0.5875 0.41796875 0.01015625 0.0125
2 0.453125 0.440625 0.01171875 0.01796875
2 0.3640625 0.4359375 0.02578125 0.04296875
2 0.34609375 0.440625 0.034375 0.05703125
2 0.3171875 0.44453125 0.05078125 0.0625
2 0.25078125 0.41875 0.09921875 0.14140625
2 0.50625 0.434375 0.0234375 0.046875
2 0.52421875 0.4515625 0.025 0.0359375
2 0.4765625 0.4453125 0.0234375 0.03046875
2 0.4359375 0.43984375 0.02421875 0.0359375
2 0.11953125 0.44296875 0.16953125 0.1875
2 0.6640625 0.4984375 0.17265625 0.221875
2 0.396875 0.428125 0.01640625 0.02109375