8 0.44609375 0.13984375 0.16484375 0.053125
8 0.49375 0.090625 0.07421875 0.04453125
2 0.0828125 0.60546875 0.165625 0.34140625
2 0.08515625 0.47265625 0.16796875 0.146875
2 0.190625 0.44921875 0.084375 0.10859375
2 0.29296875 0.46640625 0.13125 0.1515625
2 0.346875 0.434375 0.0359375 0.06796875
2 0.384375 0.4328125 0.0359375 0.065625
2 0.4640625 0.5125 0.19140625 0.271875
8 0.5 0.35234375 0.01640625 0.028125
8 0.5 0.37265625 0.01171875 0.021875
8 0.4453125 0.3703125 0.0140625 0.01640625
8 0.4703125 0.36796875 0.021875 0.0125