8 0.309375 0.36796875 0.02734375 0.0390625
8 0.3109375 0.43984375 0.02265625 0.04296875
8 0.53515625 0.42421875 0.03671875 0.02109375
8 0.49375 0.49296875 0.01328125 0.01796875
8 0.49375 0.51171875 0.00859375 0.015625
7 0.33125 0.4546875 0.0140625 0.01796875
7 0.3984375 0.4953125 0.00703125 0.0234375
7 0.4953125 0.41640625 0.00703125 0.0390625
7 0.43515625 0.49296875 0.00859375 0.0234375
7 0.4859375 0.41640625 0.01328125 0.0390625
2 0.42109375 0.540625 0.0140625 0.0265625
2 0.434375 0.52734375 0.01328125 0.025
2 0.44375 0.5359375 0.0140625 0.0234375
2 0.390625 0.55234375 0.03125 0.0375
2 0.453125 0.55390625 0.02734375 0.04296875
2 0.8859375 0.659375 0.2265625 0.28046875
5 0.71484375 0.5734375 0.01640625 0.090625
8 0.5875 0.45859375 0.0140625 0.0125
8 0.57890625 0.46796875 0.01796875 0.0109375