2 0.4890625 0.4703125 0.03984375 0.05546875
2 0.134375 0.62578125 0.26875 0.3234375
2 0.265625 0.521875 0.18203125 0.228125
2 0.36171875 0.503125 0.0671875 0.14609375
2 0.39609375 0.49453125 0.046875 0.09453125
2 0.42109375 0.48359375 0.03203125 0.06953125
2 0.42421875 0.46953125 0.0421875 0.08046875
2 0.4484375 0.4640625 0.02265625 0.05
2 0.86484375 0.634375 0.26953125 0.4234375
2 0.7140625 0.534375 0.1578125 0.19296875
2 0.63125 0.503125 0.0796875 0.1265625
2 0.5890625 0.48828125 0.0546875 0.1015625
2 0.5609375 0.47578125 0.03046875 0.071875
2 0.55 0.47578125 0.025 0.05546875