7 0.45234375 0.21640625 0.0296875 0.103125
7 0.61171875 0.4796875 0.0171875 0.028125
7 0.83125 0.346875 0.01796875 0.04609375
7 0.4296875 0.2234375 0.0171875 0.1
7 0.87265625 0.32734375 0.03125 0.06796875
7 0.33203125 0.54765625 0.009375 0.01953125
7 0.3765625 0.56328125 0.00703125 0.01796875
7 0.44140625 0.515625 0.00625 0.01640625
7 0.4375 0.55078125 0.00703125 0.0140625
8 0.609375 0.153125 0.12265625 0.075
8 0.9078125 0.2703125 0.05625 0.15703125
7 0.5828125 0.37578125 0.0078125 0.0484375
8 0.60234375 0.40234375 0.01796875 0.01640625
8 0.59296875 0.425 0.02265625 0.0109375
8 0.565625 0.47421875 0.01875 0.04140625
8 0.46484375 0.509375 0.021875 0.0140625
8 0.315625 0.5515625 0.01796875 0.0125
2 0.39375 0.59609375 0.02734375 0.0375
2 0.4390625 0.58984375 0.03515625 0.04609375
8 0.4890625 0.50234375 0.0078125 0.0234375
8 0.49140625 0.528125 0.009375 0.00859375
8 0.4984375 0.55 0.009375 0.01640625
2 0.475 0.584375 0.02421875 0.040625
2 0.30625 0.62109375 0.0296875 0.06953125
2 0.1609375 0.62578125 0.321875 0.6484375
2 0.8390625 0.603125 0.31953125 0.421875