7 0.0828125 0.22109375 0.021875 0.10859375
7 0.48984375 0.2953125 0.02109375 0.08203125
7 0.753125 0.534375 0.02578125 0.0375
7 0.15859375 0.62109375 0.0203125 0.03359375
7 0.10625 0.225 0.021875 0.115625
7 0.5125 0.2984375 0.02265625 0.078125
8 0.1703125 0.525 0.02734375 0.0375
8 0.1703125 0.5703125 0.03359375 0.053125
8 0.778125 0.49296875 0.03515625 0.05859375
8 0.77578125 0.41953125 0.0328125 0.02109375
5 0.6953125 0.64609375 0.02265625 0.1015625
0 0.896875 0.6609375 0.0859375 0.1
5 0.1609375 0.725 0.02734375 0.1390625