8 0.6609375 0.39609375 0.03125 0.0234375
8 0.575 0.46953125 0.0140625 0.021875
8 0.5875 0.50546875 0.0203125 0.0125
8 0.5921875 0.47265625 0.0078125 0.01640625
5 0.565625 0.565625 0.015625 0.0484375
5 0.6265625 0.57890625 0.01171875 0.05859375
5 0.6515625 0.58359375 0.0109375 0.0375
5 0.6875 0.596875 0.0140625 0.07890625
2 0.78203125 0.609375 0.10859375 0.07890625
5 0.50234375 0.6453125 0.0453125 0.21640625
5 0.540625 0.63515625 0.04296875 0.225
1 0.25390625 0.478125 0.50703125 0.953125
5 0.60625 0.57109375 0.0125 0.05