8 0.3984375 0.2171875 0.0390625 0.025
8 0.59609375 0.31484375 0.01796875 0.0140625
8 0.51953125 0.2765625 0.0171875 0.0140625
7 0.396875 0.14375 0.01328125 0.065625
7 0.95703125 0.03359375 0.0296875 0.06640625
7 0.925 0.040625 0.034375 0.08046875
7 0.49765625 0.340625 0.0109375 0.01796875
7 0.58984375 0.33125 0.0109375 0.01640625
2 0.6125 0.39609375 0.03515625 0.053125
2 0.740625 0.41640625 0.06171875 0.078125
2 0.6609375 0.43359375 0.11484375 0.15546875
2 0.5140625 0.415625 0.0546875 0.075
5 0.80625 0.3984375 0.01875 0.0859375