7 0.525 0.32578125 0.01484375 0.04609375
7 0.4296875 0.38515625 0.009375 0.03359375
7 0.34375 0.45546875 0.00859375 0.015625
7 0.6109375 0.4671875 0.00859375 0.0140625
7 0.503125 0.44765625 0.00546875 0.0125
8 0.5609375 0.446875 0.0078125 0.0140625
8 0.5609375 0.459375 0.0078125 0.0125
2 0.51875 0.4953125 0.015625 0.028125
2 0.5359375 0.50625 0.0234375 0.03046875
2 0.56015625 0.509375 0.0296875 0.0515625
2 0.58984375 0.51796875 0.0546875 0.07890625
2 0.9 0.646875 0.19921875 0.41796875
7 0.2796875 0.43046875 0.00703125 0.01953125
5 0.3515625 0.49765625 0.0109375 0.04140625