7 0.4765625 0.4046875 0.009375 0.0265625
7 0.51875 0.4015625 0.009375 0.0234375
7 0.440625 0.4421875 0.0109375 0.02109375
8 0.15390625 0.271875 0.04609375 0.028125
8 0.14140625 0.33671875 0.0234375 0.03046875
8 0.15625 0.22890625 0.02109375 0.040625
8 0.1328125 0.1890625 0.02734375 0.03046875
8 0.6671875 0.34140625 0.015625 0.02109375
8 0.6578125 0.384375 0.01171875 0.03359375
8 0.5859375 0.39453125 0.01328125 0.01953125
8 0.6359375 0.39296875 0.01875 0.03046875
2 0.475 0.4578125 0.015625 0.0234375
2 0.4640625 0.45859375 0.015625 0.0265625
2 0.446875 0.46640625 0.02734375 0.03359375
2 0.425 0.459375 0.0265625 0.046875
2 0.4078125 0.4625 0.03203125 0.0515625
2 0.3875 0.46328125 0.025 0.05390625
2 0.52421875 0.45859375 0.01484375 0.0265625
2 0.5328125 0.45625 0.015625 0.034375
2 0.5421875 0.45859375 0.015625 0.03046875
2 0.553125 0.45859375 0.02109375 0.034375
2 0.5671875 0.4578125 0.02109375 0.04140625
2 0.578125 0.459375 0.02109375 0.046875
2 0.5921875 0.4609375 0.02890625 0.05859375
2 0.6140625 0.45859375 0.0421875 0.0859375
2 0.65 0.459375 0.065625 0.103125
2 0.35625 0.471875 0.05703125 0.07109375
2 0.6921875 0.47265625 0.1 0.1234375
2 0.16171875 0.50078125 0.1703125 0.17109375
2 0.04375 0.540625 0.0875 0.16875
2 0.9265625 0.55 0.14609375 0.2359375