7 0.5015625 0.56640625 0.009375 0.01953125
7 0.521875 0.5609375 0.00859375 0.01953125
7 0.52109375 0.57734375 0.00390625 0.01640625
8 0.4390625 0.4921875 0.00703125 0.028125
8 0.5140625 0.5828125 0.00546875 0.01640625
2 0.51484375 0.60390625 0.01875 0.0265625
2 0.5328125 0.60234375 0.01640625 0.028125
2 0.54375 0.6046875 0.01796875 0.0390625
2 0.5609375 0.60625 0.0265625 0.0625
2 0.58203125 0.61484375 0.03046875 0.065625
2 0.61875 0.63046875 0.0421875 0.096875
2 0.71796875 0.653125 0.165625 0.18203125
8 0.8078125 0.378125 0.03359375 0.0359375
8 0.33671875 0.478125 0.025 0.028125