2 0.115625 0.48828125 0.0234375 0.0375
2 0.096875 0.4984375 0.02734375 0.0484375
2 0.0703125 0.50390625 0.04609375 0.0609375
2 0.175 0.49609375 0.0234375 0.034375
2 0.190625 0.50390625 0.03828125 0.04140625
2 0.21171875 0.5125 0.0328125 0.0640625
2 0.2296875 0.515625 0.03671875 0.084375
2 0.2609375 0.528125 0.06328125 0.103125
2 0.30625 0.559375 0.084375 0.1234375
2 0.3828125 0.58203125 0.14765625 0.196875
2 0.028125 0.503125 0.05546875 0.146875
2 0.01875 0.53125 0.03671875 0.1390625
2 0.5671875 0.63515625 0.3453125 0.346875