7 0.3578125 0.47734375 0.009375 0.03203125
7 0.50078125 0.453125 0.0109375 0.03359375
7 0.1171875 0.54140625 0.009375 0.021875
7 0.171875 0.559375 0.00546875 0.01640625
7 0.1640625 0.53515625 0.00859375 0.0125
7 0.50625 0.45078125 0.009375 0.03203125
7 0.584375 0.521875 0.00390625 0.01953125
8 0.5671875 0.4953125 0.01796875 0.0375
8 0.5921875 0.48203125 0.00859375 0.015625
8 0.74296875 0.33515625 0.01796875 0.03359375
8 0.7328125 0.45078125 0.01796875 0.046875
8 0.72890625 0.23828125 0.0421875 0.090625
8 0.72578125 0.11796875 0.0421875 0.11953125
8 0.52734375 0.4796875 0.03984375 0.021875
2 0.55859375 0.59453125 0.07734375 0.1234375
2 0.64375 0.640625 0.13515625 0.18046875
2 0.34765625 0.60234375 0.08359375 0.11953125
2 0.1453125 0.57578125 0.05390625 0.07890625
2 0.0796875 0.609375 0.08671875 0.090625
2 0.43828125 0.60859375 0.1125 0.20390625
2 0.52265625 0.571875 0.04921875 0.09453125
2 0.83359375 0.675 0.33046875 0.4234375
7 0.203125 0.559375 0.009375 0.0125