2 0.5734375 0.60234375 0.103125 0.1609375
2 0.13515625 0.565625 0.08125 0.11640625
2 0.5140625 0.584375 0.059375 0.1234375
2 0.4828125 0.58203125 0.046875 0.1109375
2 0.4484375 0.5703125 0.0484375 0.071875
2 0.42109375 0.5703125 0.03515625 0.065625
2 0.4046875 0.56640625 0.02421875 0.0375
2 0.3921875 0.56875 0.01640625 0.034375
2 0.3859375 0.55 0.02734375 0.03359375
2 0.1875 0.56328125 0.0515625 0.071875
2 0.2921875 0.56171875 0.03515625 0.0484375
2 0.31328125 0.55859375 0.02265625 0.04140625
2 0.325 0.54921875 0.0171875 0.0234375
2 0.34921875 0.5390625 0.01171875 0.01640625
8 0.5484375 0.484375 0.01640625 0.02890625
8 0.434375 0.5140625 0.01484375 0.021875
7 0.82890625 0.28046875 0.02421875 0.04453125
7 0.75625 0.2265625 0.0234375 0.040625
5 0.26875 0.57421875 0.00703125 0.028125
7 0.8703125 0.40703125 0.0328125 0.0609375
7 0.8390625 0.4015625 0.03046875 0.0484375