8 0.2640625 0.3046875 0.01953125 0.0359375
8 0.27265625 0.35703125 0.0203125 0.04609375
8 0.265625 0.434375 0.03671875 0.053125
8 0.609375 0.37890625 0.01875 0.03203125
8 0.61015625 0.4125 0.02890625 0.03046875
8 0.61875 0.4453125 0.0203125 0.0140625
8 0.53046875 0.48359375 0.02265625 0.0140625
2 0.48125 0.5109375 0.0125 0.0140625
2 0.49140625 0.528125 0.01171875 0.01953125
2 0.4828125 0.52890625 0.015625 0.01953125
2 0.44921875 0.52890625 0.025 0.046875
2 0.5203125 0.55625 0.05703125 0.06796875
2 0.39375 0.56171875 0.11328125 0.1234375
7 0.5125 0.4890625 0.00703125 0.01640625
7 0.4609375 0.4921875 0.0078125 0.015625
2 0.4359375 0.4984375 0.0171875 0.01953125
7 0.48125 0.490625 0.00703125 0.0109375
8 0.43203125 0.38671875 0.01640625 0.03046875