8 0.496875 0.22890625 0.0828125 0.0515625
8 0.5890625 0.25234375 0.021875 0.034375
8 0.590625 0.27265625 0.02265625 0.01640625
8 0.6265625 0.26171875 0.02890625 0.03046875
7 0.2265625 0.3578125 0.009375 0.01796875
7 0.42421875 0.33125 0.0078125 0.0265625
7 0.596875 0.353125 0.0140625 0.0265625
5 0.875 0.4875 0.04921875 0.14296875
2 0.0265625 0.43203125 0.05078125 0.109375
2 0.08359375 0.41015625 0.0765625 0.1484375
2 0.225 0.4046875 0.0359375 0.0515625
2 0.25390625 0.4265625 0.059375 0.0859375
2 0.4140625 0.39375 0.0171875 0.021875
2 0.34921875 0.34921875 0.1125 0.07890625
2 0.5875 0.43046875 0.10234375 0.12890625
1 0.4765625 0.37421875 0.1109375 0.225
2 0.1453125 0.46171875 0.171875 0.18359375
2 0.340625 0.503125 0.16953125 0.234375
2 0.6671875 0.46953125 0.13984375 0.134375