2 0.2515625 0.4109375 0.0234375 0.02109375
2 0.38828125 0.4140625 0.0453125 0.03359375
2 0.35234375 0.40546875 0.03671875 0.0359375
2 0.325 0.40546875 0.03359375 0.028125
2 0.2953125 0.41015625 0.0390625 0.0375
2 0.5484375 0.39765625 0.028125 0.02109375
2 0.97890625 0.40390625 0.0421875 0.0265625
2 0.9359375 0.3984375 0.04765625 0.03359375
2 0.9 0.39296875 0.0390625 0.0265625
8 0.9078125 0.31953125 0.02734375 0.03359375
2 0.83984375 0.43671875 0.13046875 0.0859375
2 0.140625 0.5265625 0.2796875 0.346875