8 0.421875 0.5484375 0.02890625 0.01796875
8 0.4984375 0.553125 0.02890625 0.01953125
8 0.490625 0.58828125 0.04921875 0.05703125
8 0.4 0.59296875 0.078125 0.07109375
8 0.5578125 0.53828125 0.015625 0.0390625
8 0.56015625 0.5734375 0.015625 0.025
8 0.5625 0.59765625 0.01484375 0.01953125
7 0.5671875 0.51015625 0.0109375 0.0265625
2 0.40625 0.67890625 0.0109375 0.01640625
2 0.4234375 0.67109375 0.01015625 0.01640625
2 0.40078125 0.69296875 0.01484375 0.0140625
2 0.4203125 0.68359375 0.009375 0.0125
2 0.41875 0.7 0.015625 0.028125
2 0.38984375 0.703125 0.01328125 0.01640625
2 0.359375 0.721875 0.0140625 0.0234375
2 0.340625 0.73984375 0.015625 0.0234375
2 0.3796875 0.7328125 0.0390625 0.05546875
2 0.41015625 0.71875 0.01953125 0.0265625
2 0.440625 0.70234375 0.01640625 0.0234375
2 0.47578125 0.68046875 0.01484375 0.0109375
2 0.47578125 0.69140625 0.015625 0.009375
2 0.4640625 0.7140625 0.0203125 0.028125
2 0.48359375 0.7171875 0.025 0.0390625
2 0.4921875 0.72578125 0.0296875 0.040625
2 0.53046875 0.69921875 0.03828125 0.0234375
2 0.534375 0.7515625 0.0671875 0.103125
2 0.63046875 0.75390625 0.14765625 0.19296875
2 0.834375 0.740625 0.33046875 0.515625
2 0.3015625 0.75703125 0.08515625 0.128125
2 0.203125 0.76171875 0.10234375 0.1
2 0.125 0.753125 0.04921875 0.05
2 0.0390625 0.7796875 0.078125 0.20546875