2 0.5046875 0.51171875 0.01171875 0.02109375
2 0.46875 0.50390625 0.021875 0.025
2 0.44375 0.503125 0.01875 0.03359375
2 0.5125 0.51015625 0.0140625 0.0234375
2 0.5234375 0.509375 0.01328125 0.025
2 0.540625 0.51015625 0.02265625 0.0390625
2 0.7171875 0.55 0.11484375 0.09453125
2 0.83515625 0.73359375 0.3296875 0.49453125
2 0.4 0.503125 0.015625 0.025
2 0.38671875 0.50703125 0.0171875 0.0234375
2 0.353125 0.50859375 0.028125 0.03046875
2 0.3171875 0.509375 0.046875 0.04296875
2 0.2375 0.515625 0.0578125 0.05546875
2 0.171875 0.515625 0.06953125 0.07109375
2 0.07890625 0.525 0.1234375 0.1
10 0.275 0.4875 0.06171875 0.0890625
2 0.5625 0.5140625 0.028125 0.05703125
10 0.5828125 0.49921875 0.02734375 0.10859375
10 0.6359375 0.50625 0.0984375 0.13046875
2 0.6421875 0.5359375 0.06015625 0.109375
7 0.50859375 0.465625 0.01015625 0.01640625
7 0.4359375 0.465625 0.0078125 0.01640625