2 0.83671875 0.56953125 0.325 0.425
2 0.628125 0.48515625 0.16875 0.2109375
2 0.5296875 0.5015625 0.0234375 0.09609375
2 0.51484375 0.50625 0.01953125 0.0625
2 0.4953125 0.496875 0.03984375 0.05390625
2 0.4859375 0.48203125 0.0390625 0.0484375
2 0.46171875 0.4921875 0.01484375 0.0375
2 0.45390625 0.490625 0.01640625 0.0375
2 0.440625 0.4921875 0.0203125 0.0234375
2 0.065625 0.65078125 0.13125 0.4140625
2 0.146875 0.5421875 0.25078125 0.35
2 0.27734375 0.52734375 0.08515625 0.1765625
2 0.29453125 0.496875 0.09765625 0.153125
2 0.34375 0.5078125 0.00859375 0.065625
2 0.353125 0.496875 0.03046875 0.05703125
2 0.36015625 0.48671875 0.0359375 0.0515625
2 0.384375 0.5 0.0109375 0.01953125
2 0.4046875 0.49375 0.028125 0.03046875