2 0.41875 0.78515625 0.02265625 0.0359375
2 0.4625 0.78515625 0.0234375 0.04609375
3 0.44296875 0.83046875 0.0296875 0.096875
6 0.44375 0.8046875 0.02890625 0.12890625
2 0.38203125 0.79296875 0.078125 0.1140625
2 0.5 0.80625 0.08203125 0.11640625
3 0.49375 0.896875 0.06015625 0.18203125
6 0.50234375 0.82890625 0.06953125 0.2359375
2 0.571875 0.834375 0.1328125 0.240625
5 0.734375 0.759375 0.01484375 0.05859375
5 0.896875 0.7453125 0.021875 0.071875
5 0.90703125 0.74765625 0.021875 0.071875
5 0.9203125 0.74921875 0.01875 0.075
5 0.084375 0.803125 0.01484375 0.09140625
5 0.06875 0.803125 0.01640625 0.0875
5 0.04375 0.8015625 0.01796875 0.096875
5 0.03125 0.803125 0.01328125 0.09140625
7 0.1046875 0.7109375 0.01796875 0.0390625
7 0.615625 0.715625 0.00703125 0.021875
7 0.4625 0.65234375 0.0078125 0.03203125
7 0.3375 0.64375 0.0109375 0.02890625
8 0.52265625 0.71015625 0.02890625 0.03203125
8 0.69296875 0.60703125 0.021875 0.0390625
8 0.69375 0.64453125 0.02734375 0.0515625
8 0.69765625 0.678125 0.0203125 0.021875
8 0.69375 0.76875 0.0125 0.04609375
5 0.71953125 0.81328125 0.02890625 0.11640625
5 0.19765625 0.7546875 0.0234375 0.1109375
5 0.10703125 0.81328125 0.03515625 0.15546875
5 0.74609375 0.7609375 0.01640625 0.075
10 0.21328125 0.75390625 0.1953125 0.29609375
5 0.984375 0.84140625 0.03125 0.16796875
2 0.30625 0.8359375 0.24140625 0.3265625
2 0.9421875 0.96328125 0.11484375 0.0734375
8 0.284375 0.7046875 0.0234375 0.0265625
7 0.14921875 0.44453125 0.0203125 0.0609375
8 0.5859375 0.6734375 0.0296875 0.021875
8 0.5859375 0.690625 0.02578125 0.0234375