8 0.48359375 0.1921875 0.1234375 0.09140625
8 0.521875 0.13359375 0.03671875 0.021875
2 0.1109375 0.3640625 0.0203125 0.01796875
2 0.0515625 0.36796875 0.0375 0.03203125
2 0.0171875 0.3640625 0.03359375 0.03203125
2 0.134375 0.36171875 0.02421875 0.03046875
2 0.190625 0.37421875 0.09140625 0.0859375
2 0.3 0.36796875 0.03359375 0.0359375
2 0.38984375 0.390625 0.06328125 0.08203125
2 0.3453125 0.371875 0.02265625 0.0515625
2 0.515625 0.3875 0.0265625 0.03046875
2 0.46171875 0.3828125 0.015625 0.03359375
2 0.47890625 0.38828125 0.02421875 0.03203125
2 0.54765625 0.3875 0.0171875 0.028125
2 0.5625 0.390625 0.015625 0.021875
8 0.553125 0.31796875 0.01328125 0.01640625