7 0.4546875 0.41328125 0.01171875 0.03203125
7 0.6546875 0.3953125 0.0109375 0.02890625
7 0.74375 0.353125 0.009375 0.03203125
7 0.7671875 0.46796875 0.009375 0.01640625
7 0.559375 0.4484375 0.00625 0.01640625
7 0.490625 0.45625 0.00625 0.01953125
7 0.5078125 0.4703125 0.00703125 0.01640625
7 0.5375 0.46328125 0.00859375 0.01640625
2 0.49453125 0.49765625 0.015625 0.021875
2 0.4671875 0.521875 0.03515625 0.0484375
2 0.546875 0.515625 0.028125 0.053125
2 0.6484375 0.5265625 0.0578125 0.08359375
8 0.81171875 0.38125 0.021875 0.0234375
5 0.3609375 0.54609375 0.021875 0.0875
8 0.3859375 0.45078125 0.0140625 0.0125
2 0.91796875 0.6765625 0.1640625 0.646875
10 0.115625 0.53046875 0.23125 0.6140625
7 0.38828125 0.4234375 0.009375 0.0265625
8 0.3203125 0.43984375 0.02265625 0.0234375