7 0.334375 0.265625 0.0109375 0.0484375
7 0.6203125 0.25703125 0.009375 0.0484375
7 0.53125 0.4140625 0.0078125 0.0125
7 0.45625 0.425 0.00703125 0.01640625
7 0.50703125 0.44765625 0.00703125 0.0140625
7 0.46171875 0.45078125 0.0078125 0.0125
7 0.60546875 0.26484375 0.0109375 0.04453125
7 0.346875 0.26875 0.01328125 0.05
2 0.51953125 0.471875 0.0171875 0.0234375
2 0.5359375 0.47109375 0.015625 0.03046875
2 0.55 0.47265625 0.01875 0.0265625
2 0.5734375 0.478125 0.0171875 0.02890625
2 0.6015625 0.48203125 0.0390625 0.04140625
2 0.4875 0.48125 0.01640625 0.03359375
2 0.4671875 0.47734375 0.01640625 0.0265625
2 0.4484375 0.4796875 0.02890625 0.04609375
2 0.42109375 0.51171875 0.05625 0.07890625
2 0.3859375 0.4921875 0.02734375 0.05
2 0.34375 0.55 0.12890625 0.1609375
2 0.51015625 0.509375 0.0578125 0.071875
2 0.865625 0.5890625 0.26875 0.29296875
8 0.425 0.46171875 0.00703125 0.015625
8 0.553125 0.44765625 0.009375 0.015625
8 0.5296875 0.45390625 0.0078125 0.0140625
8 0.146875 0.27109375 0.0375 0.0484375
8 0.1515625 0.3625 0.02734375 0.02109375
8 0.7171875 0.35 0.025 0.01640625
5 0.2046875 0.521875 0.01328125 0.078125
5 0.13515625 0.52890625 0.0125 0.0859375
5 0.146875 0.53359375 0.0171875 0.0984375
5 0.1046875 0.5359375 0.01953125 0.09296875
5 0.0625 0.55 0.01640625 0.10390625
5 0.078125 0.546875 0.02109375 0.11953125
5 0.646875 0.46875 0.0125 0.04140625
7 0.84453125 0.053125 0.03828125 0.08359375
7 0.725 0.40625 0.01328125 0.02890625
2 0.5859375 0.478125 0.0140625 0.0390625
2 0.565625 0.47578125 0.0078125 0.02890625