7 0.45703125 0.60078125 0.00859375 0.009375
7 0.4984375 0.60234375 0.00859375 0.0125
8 0.56484375 0.49375 0.01015625 0.009375
8 0.5578125 0.51484375 0.0125 0.009375
2 0.42734375 0.5921875 0.01953125 0.0265625
2 0.403125 0.59375 0.0359375 0.04453125
2 0.384375 0.6 0.0234375 0.053125
2 0.3578125 0.59609375 0.05234375 0.08046875
2 0.3359375 0.61328125 0.06015625 0.08203125
2 0.284375 0.62578125 0.09296875 0.128125
2 0.19921875 0.65234375 0.14453125 0.175
2 0.090625 0.678125 0.17890625 0.33046875
2 0.8515625 0.678125 0.29453125 0.3359375
2 0.5203125 0.590625 0.01875 0.0234375
2 0.534375 0.59453125 0.015625 0.04140625
2 0.5484375 0.60078125 0.01875 0.05546875
2 0.559375 0.603125 0.0234375 0.07109375
2 0.5765625 0.603125 0.0328125 0.10703125
2 0.6109375 0.60625 0.075 0.15859375
2 0.6796875 0.63203125 0.1359375 0.20859375