7 0.3125 0.3859375 0.00703125 0.040625
7 0.534375 0.3515625 0.00546875 0.0375
7 0.4484375 0.43046875 0.009375 0.01640625
7 0.40625 0.43828125 0.01015625 0.015625
7 0.609375 0.42109375 0.00703125 0.0265625
7 0.5484375 0.4375 0.01171875 0.02109375
8 0.56875 0.34453125 0.04609375 0.0265625
7 0.28828125 0.446875 0.01640625 0.0265625
2 0.2765625 0.5125 0.03515625 0.08203125
2 0.253125 0.51015625 0.04296875 0.08359375
2 0.190625 0.51953125 0.096875 0.1125
2 0.09453125 0.540625 0.12890625 0.1375
2 0.02109375 0.56484375 0.03984375 0.15390625
2 0.3921875 0.48046875 0.0109375 0.0234375
2 0.378125 0.4859375 0.021875 0.02890625
2 0.4875 0.48125 0.009375 0.02890625
2 0.5015625 0.48125 0.02421875 0.0375
2 0.6078125 0.4765625 0.046875 0.04296875
2 0.55390625 0.49140625 0.07734375 0.075
2 0.434375 0.49609375 0.08203125 0.128125
2 0.6890625 0.53984375 0.1359375 0.16953125
2 0.85625 0.59609375 0.28671875 0.296875
7 0.31875 0.3890625 0.00546875 0.04140625
7 0.3078125 0.390625 0.00703125 0.034375
7 0.528125 0.353125 0.0078125 0.0390625
7 0.54140625 0.3515625 0.00703125 0.02890625
7 0.6 0.421875 0.0078125 0.02109375
8 0.6234375 0.3609375 0.01640625 0.01796875