7 0.45390625 0.36796875 0.00703125 0.0140625
7 0.3953125 0.396875 0.00703125 0.015625
7 0.328125 0.359375 0.0078125 0.015625
7 0.44453125 0.396875 0.00546875 0.0140625
7 0.45859375 0.409375 0.0046875 0.0140625
2 0.45078125 0.434375 0.0125 0.01953125
2 0.4625 0.434375 0.01171875 0.028125
2 0.471875 0.43828125 0.009375 0.03359375
2 0.4828125 0.43828125 0.01953125 0.040625
2 0.4953125 0.446875 0.02109375 0.0484375
2 0.5046875 0.45078125 0.025 0.0515625
2 0.5296875 0.45390625 0.04765625 0.10703125
2 0.63125 0.44296875 0.19296875 0.27109375
2 0.8640625 0.60859375 0.271875 0.34453125
2 0.4328125 0.4375 0.01640625 0.01953125
2 0.4171875 0.434375 0.01328125 0.01640625
2 0.39921875 0.43984375 0.0109375 0.01953125
2 0.38828125 0.44140625 0.01484375 0.02109375
2 0.36953125 0.4453125 0.01171875 0.02109375
2 0.359375 0.4453125 0.01328125 0.02109375
2 0.3484375 0.446875 0.01640625 0.0265625
2 0.3328125 0.453125 0.0171875 0.0265625
2 0.3125 0.45234375 0.02109375 0.03046875
2 0.2734375 0.45546875 0.07421875 0.0890625
2 0.178125 0.4765625 0.09609375 0.090625
8 0.74375 0.2140625 0.0640625 0.1109375
8 0.66875 0.27578125 0.02109375 0.0265625