7 0.18828125 0.45 0.0078125 0.0359375
7 0.3421875 0.40546875 0.00703125 0.028125
7 0.49375 0.434375 0.0078125 0.03359375
7 0.58359375 0.39296875 0.00703125 0.0375
7 0.38046875 0.534375 0.00703125 0.01953125
7 0.334375 0.5515625 0.0046875 0.0140625
7 0.4171875 0.5421875 0.00703125 0.01640625
7 0.4515625 0.53046875 0.0046875 0.02109375
7 0.434375 0.553125 0.00546875 0.01640625
7 0.3640625 0.55859375 0.00546875 0.0140625
7 0.38984375 0.5515625 0.00390625 0.0140625
7 0.7328125 0.4921875 0.01171875 0.0234375
7 0.71171875 0.50078125 0.009375 0.01640625
7 0.2015625 0.5359375 0.00859375 0.015625
7 0.18515625 0.54140625 0.015625 0.0265625
2 0.959375 0.55625 0.0796875 0.15546875
2 0.5046875 0.6109375 0.1234375 0.16796875
2 0.3140625 0.60859375 0.04375 0.059375
2 0.3796875 0.59375 0.015625 0.0265625
2 0.36015625 0.58984375 0.01640625 0.01953125
2 0.06484375 0.64140625 0.0453125 0.053125
2 0.1125 0.6359375 0.03828125 0.0390625
2 0.634375 0.58671875 0.0640625 0.046875
2 0.575 0.578125 0.040625 0.04140625
2 0.41875 0.584375 0.0171875 0.021875
2 0.39140625 0.58828125 0.01484375 0.01796875
2 0.18125 0.621875 0.02578125 0.0359375
2 0.21484375 0.61484375 0.0203125 0.0265625
2 0.2359375 0.609375 0.02421875 0.021875
8 0.634375 0.40625 0.04375 0.0265625
8 0.65390625 0.28046875 0.04296875 0.028125
8 0.72421875 0.4359375 0.02109375 0.0125
8 0.715625 0.47578125 0.02265625 0.00859375