7 0.41171875 0.21640625 0.01328125 0.04453125
7 0.640625 0.2453125 0.015625 0.0484375
7 0.3734375 0.3640625 0.0171875 0.0234375
7 0.7953125 0.3828125 0.01328125 0.0234375
7 0.21328125 0.13984375 0.02265625 0.0640625
2 0.48125 0.4359375 0.01953125 0.028125
2 0.8359375 0.4984375 0.13984375 0.13359375
2 0.3265625 0.440625 0.059375 0.08046875
2 0.2375 0.409375 0.06484375 0.06796875
2 0.15234375 0.39609375 0.03515625 0.059375
2 0.2015625 0.41015625 0.02109375 0.046875
2 0.4625 0.43046875 0.015625 0.0265625
2 0.0796875 0.41640625 0.15859375 0.19609375
2 0.51328125 0.446875 0.0140625 0.03046875
2 0.53203125 0.4484375 0.0296875 0.04140625
2 0.63125 0.4609375 0.03125 0.04140625
2 0.65625 0.465625 0.03671875 0.0359375