7 0.38046875 0.4359375 0.0078125 0.0234375
7 0.328125 0.42421875 0.0109375 0.03203125
7 0.5828125 0.3515625 0.01484375 0.053125
7 0.5984375 0.371875 0.01171875 0.0484375
7 0.1328125 0.221875 0.0109375 0.05
7 0.61640625 0.43984375 0.015625 0.0234375
8 0.059375 0.28125 0.0671875 0.03359375
7 0.00625 0.38984375 0.01015625 0.03359375
8 0.1125 0.4390625 0.0171875 0.0359375
8 0.61796875 0.41484375 0.01875 0.01953125
8 0.59375 0.31171875 0.01796875 0.0234375
2 0.16875 0.50703125 0.0390625 0.0609375
2 0.1296875 0.51328125 0.04140625 0.053125
2 0.3578125 0.48046875 0.01796875 0.0234375
2 0.3796875 0.48828125 0.01796875 0.025
2 0.4421875 0.4984375 0.01640625 0.028125
2 0.459375 0.50625 0.028125 0.0390625
5 0.596875 0.51171875 0.02265625 0.09296875
5 0.6140625 0.50234375 0.01328125 0.05546875
2 0.278125 0.528125 0.14375 0.209375
2 0.06015625 0.546875 0.1203125 0.284375
2 0.4015625 0.48515625 0.0234375 0.0359375