5 0.04140625 0.4578125 0.025 0.08203125
5 0.09296875 0.45234375 0.0203125 0.0859375
5 0.12265625 0.4546875 0.03046875 0.0859375
5 0.1328125 0.44453125 0.0203125 0.08203125
2 0.25859375 0.4640625 0.03125 0.04296875
2 0.5484375 0.453125 0.04375 0.05390625
2 0.79375 0.434375 0.13046875 0.09140625
2 0.95078125 0.45234375 0.0984375 0.0859375
5 0.153125 0.446875 0.0171875 0.0765625
10 0.4078125 0.54765625 0.26953125 0.415625
7 0.1203125 0.33359375 0.0140625 0.04453125
7 0.1359375 0.334375 0.009375 0.0390625
8 0.59375 0.265625 0.03984375 0.0234375
8 0.1109375 0.23984375 0.0234375 0.028125
5 0.68203125 0.4359375 0.01953125 0.07890625
5 0.61171875 0.4484375 0.01015625 0.05390625
2 0.52734375 0.45390625 0.01328125 0.04140625
10 0.0265625 0.446875 0.053125 0.07109375