2 0.46484375 0.48046875 0.01875 0.03203125
2 0.41015625 0.490625 0.021875 0.03203125
2 0.396875 0.4921875 0.021875 0.0359375
2 0.37890625 0.5015625 0.01875 0.0390625
2 0.3296875 0.51484375 0.07890625 0.1
2 0.2265625 0.52421875 0.11015625 0.109375
2 0.06171875 0.5484375 0.1234375 0.24609375
2 0.48046875 0.48203125 0.01484375 0.02890625
2 0.48671875 0.4890625 0.01640625 0.03359375
2 0.51015625 0.490625 0.03515625 0.0515625
2 0.5890625 0.51484375 0.08046875 0.1234375
2 0.67109375 0.54609375 0.128125 0.1625
8 0.6078125 0.39296875 0.01796875 0.05546875
8 0.5359375 0.43671875 0.0125 0.03203125
8 0.4859375 0.4640625 0.0078125 0.0265625
2 0.45 0.49140625 0.0265625 0.04609375