7 0.14375 0.47265625 0.0140625 0.021875
7 0.225 0.3859375 0.00703125 0.034375
7 0.40625 0.41953125 0.0078125 0.0390625
7 0.43203125 0.49375 0.009375 0.01796875
7 0.3828125 0.509375 0.009375 0.01640625
7 0.41640625 0.5109375 0.0078125 0.01640625
7 0.3140625 0.51171875 0.01171875 0.021875
7 0.028125 0.46484375 0.01640625 0.03046875
7 0.0578125 0.3578125 0.01015625 0.04296875
7 0.23125 0.38984375 0.0078125 0.0375
7 0.5140625 0.50546875 0.01171875 0.021875
7 0.13046875 0.49453125 0.01171875 0.01640625
8 0.4734375 0.44140625 0.0171875 0.01796875
8 0.50625 0.48125 0.01640625 0.0140625
8 0.515625 0.4625 0.0140625 0.009375
8 0.35078125 0.496875 0.01640625 0.01640625
8 0.5578125 0.4328125 0.0234375 0.015625
7 0.56015625 0.47890625 0.0078125 0.01796875
8 0.0484375 0.41328125 0.0171875 0.021875
5 0.746875 0.5984375 0.040625 0.19140625
5 0.09453125 0.56328125 0.01953125 0.078125
5 0.0734375 0.54453125 0.01953125 0.06953125
5 0.0515625 0.53515625 0.0140625 0.059375
5 0.1671875 0.546875 0.0140625 0.0625
5 0.2734375 0.54609375 0.00859375 0.059375
2 0.36875 0.54140625 0.009375 0.02109375
2 0.35703125 0.54296875 0.0140625 0.0265625
2 0.32109375 0.5453125 0.01171875 0.021875
5 0.26796875 0.5453125 0.009375 0.05546875
2 0.4453125 0.54609375 0.00703125 0.02890625
2 0.4609375 0.546875 0.02578125 0.04296875
2 0.50859375 0.5734375 0.03359375 0.084375
2 0.684375 0.56015625 0.0546875 0.06796875
2 0.1328125 0.55 0.071875 0.0890625
2 0.29375 0.5453125 0.0375 0.0390625
2 0.33828125 0.54296875 0.03046875 0.0515625
2 0.40546875 0.59609375 0.1 0.14453125
2 0.55 0.58359375 0.08359375 0.115625
1 0.6609375 0.534375 0.10859375 0.090625