7 0.578125 0.33828125 0.0109375 0.046875
7 0.465625 0.33515625 0.0109375 0.046875
7 0.303125 0.45078125 0.01171875 0.028125
7 0.134375 0.403125 0.03671875 0.0515625
7 0.82265625 0.26015625 0.0234375 0.0609375
7 0.85859375 0.46953125 0.03671875 0.046875
7 0.5640625 0.334375 0.01484375 0.0484375
7 0.66015625 0.49609375 0.0171875 0.03046875
8 0.16875 0.3453125 0.0578125 0.028125
8 0.165625 0.309375 0.01953125 0.03359375
8 0.1078125 0.27109375 0.0328125 0.0484375
8 0.3078125 0.40625 0.01953125 0.01953125
8 0.31875 0.384375 0.025 0.0234375
8 0.83671875 0.4015625 0.04375 0.0375
8 0.85234375 0.3390625 0.0359375 0.0265625
7 0.43046875 0.43046875 0.009375 0.02109375
7 0.48125 0.43984375 0.00625 0.0265625
7 0.4078125 0.4359375 0.0078125 0.01953125
8 0.440625 0.428125 0.0109375 0.01640625
2 0.41875 0.4921875 0.01171875 0.03359375
2 0.409375 0.5078125 0.015625 0.04453125
2 0.4 0.51015625 0.01484375 0.040625
2 0.38828125 0.52421875 0.025 0.071875
2 0.5671875 0.52578125 0.01953125 0.0234375
2 0.5203125 0.51484375 0.0765625 0.034375
2 0.59375 0.5671875 0.034375 0.075
5 0.6015625 0.5671875 0.0171875 0.065625
5 0.6703125 0.5671875 0.01875 0.05
1 0.4984375 0.496875 0.05390625 0.084375
2 0.365625 0.5359375 0.05 0.08203125
2 0.43671875 0.50234375 0.015625 0.0234375
2 0.453125 0.5 0.01484375 0.0234375
2 0.528125 0.64140625 0.175 0.228125
2 0.2140625 0.5875 0.15 0.23203125
2 0.10703125 0.65703125 0.2140625 0.3609375
2 0.8421875 0.63828125 0.26484375 0.253125
2 0.9859375 0.68125 0.0265625 0.17109375
5 0.628125 0.5765625 0.01875 0.08203125