8 0.55546875 0.446875 0.0546875 0.06796875
8 0.62421875 0.44140625 0.04765625 0.0640625
8 0.5234375 0.440625 0.009375 0.0375
8 0.5234375 0.47421875 0.01484375 0.021875
8 0.60859375 0.4921875 0.0125 0.028125
8 0.496875 0.471875 0.00859375 0.02109375
8 0.36875 0.4546875 0.05546875 0.01953125
8 0.434375 0.47109375 0.00859375 0.01953125
2 0.2 0.51875 0.05234375 0.04296875
2 0.2734375 0.5046875 0.02734375 0.03359375
2 0.33671875 0.5109375 0.03203125 0.0484375
2 0.4 0.528125 0.07578125 0.10546875
2 0.459375 0.51171875 0.02734375 0.0359375
2 0.04375 0.509375 0.06015625 0.028125
2 0.36015625 0.5078125 0.01640625 0.03046875
2 0.3171875 0.49765625 0.015625 0.01953125
2 0.51484375 0.503125 0.02734375 0.02109375