2 0.1859375 0.69140625 0.37109375 0.484375
2 0.8703125 0.76015625 0.25625 0.46953125
2 0.3859375 0.61875 0.1203125 0.1375
2 0.75625 0.67734375 0.165625 0.25859375
2 0.68125 0.640625 0.08046875 0.184375
2 0.6484375 0.61875 0.03359375 0.08203125
2 0.6421875 0.60703125 0.04296875 0.078125
2 0.6265625 0.609375 0.0234375 0.0640625
2 0.6171875 0.60625 0.025 0.04296875
2 0.6078125 0.60390625 0.0171875 0.02890625
2 0.45546875 0.61484375 0.0296875 0.053125
2 0.4734375 0.61640625 0.01796875 0.04296875
2 0.4890625 0.61484375 0.0140625 0.04453125
2 0.5125 0.60859375 0.01796875 0.02890625
2 0.525 0.60546875 0.00859375 0.01953125
7 0.5265625 0.5421875 0.00703125 0.03359375
7 0.60625 0.5421875 0.00703125 0.028125
8 0.6375 0.52421875 0.01015625 0.01796875
8 0.484375 0.5546875 0.01875 0.021875
8 0.625 0.55625 0.00390625 0.01640625
7 0.5734375 0.6 0.0109375 0.0140625
7 0.596875 0.59765625 0.009375 0.0125