2 0.4640625 0.46640625 0.01171875 0.03046875
2 0.446875 0.471875 0.02421875 0.0625
2 0.0984375 0.5140625 0.0375 0.059375
2 0.0515625 0.509375 0.0375 0.05859375
2 0.55390625 0.48984375 0.009375 0.0390625
2 0.6234375 0.49140625 0.0140625 0.0515625
2 0.3234375 0.47890625 0.01875 0.03046875
2 0.346875 0.48125 0.01640625 0.02109375
2 0.4015625 0.48828125 0.07421875 0.103125
2 0.5078125 0.475 0.08203125 0.1375
2 0.5875 0.484375 0.05703125 0.0859375
2 0.78515625 0.509375 0.13125 0.1375
8 0.6640625 0.39765625 0.0171875 0.0109375
8 0.5421875 0.3625 0.01875 0.0125
2 0.73671875 0.4625 0.03671875 0.04296875
8 0.90234375 0.303125 0.02890625 0.03359375