7 0.3484375 0.46953125 0.0078125 0.01796875
8 0.325 0.49375 0.0109375 0.01640625
8 0.82734375 0.040625 0.1625 0.07890625
6 0.37578125 0.5296875 0.01328125 0.040625
0 0.3734375 0.5546875 0.01171875 0.034375
2 0.3453125 0.515625 0.01328125 0.028125
2 0.3390625 0.52421875 0.01875 0.034375
2 0.3265625 0.5328125 0.0171875 0.04140625
2 0.3078125 0.52265625 0.03203125 0.07109375
2 0.28359375 0.5296875 0.03984375 0.075
2 0.2671875 0.54765625 0.04375 0.071875
2 0.21953125 0.5484375 0.07265625 0.0890625
2 0.1671875 0.5734375 0.09765625 0.109375
2 0.0734375 0.6046875 0.14375 0.16796875
2 0.54140625 0.6046875 0.346875 0.5625
2 0.36796875 0.53125 0.03984375 0.0484375
5 0.065625 0.5078125 0.02109375 0.0234375