10 0.45546875 0.5328125 0.06328125 0.121875
2 0.50625 0.5984375 0.021875 0.025
2 0.41015625 0.62109375 0.18125 0.353125
2 0.8421875 0.73125 0.3140625 0.36640625
0 0.29375 0.671875 0.04296875 0.07890625
0 0.28125 0.67421875 0.034375 0.10390625
0 0.28359375 0.678125 0.03125 0.121875
0 0.26953125 0.68203125 0.0171875 0.140625
0 0.2625 0.696875 0.0171875 0.14609375
0 0.240625 0.70078125 0.02578125 0.14296875
0 0.215625 0.7203125 0.04453125 0.15
0 0.18203125 0.74609375 0.04296875 0.15
0 0.15 0.759375 0.084375 0.20859375
0 0.1046875 0.753125 0.09453125 0.221875
0 0.06015625 0.7765625 0.07421875 0.253125
0 0.03125 0.80703125 0.06171875 0.29296875
7 0.5609375 0.5140625 0.009375 0.01640625
7 0.571875 0.515625 0.009375 0.01796875
8 0.5671875 0.503125 0.0171875 0.0109375
8 0.37421875 0.48984375 0.02109375 0.021875