7 0.6765625 0.30546875 0.009375 0.015625
8 0.6578125 0.3328125 0.0375 0.021875
8 0.66875 0.35234375 0.0109375 0.0125
8 0.7453125 0.3265625 0.01015625 0.0265625
8 0.6125 0.33046875 0.01015625 0.015625
2 0.5765625 0.40546875 0.11640625 0.18046875
2 0.35625 0.36328125 0.01484375 0.015625
2 0.6921875 0.35625 0.0078125 0.0140625
2 0.77578125 0.36171875 0.0125 0.02109375
2 0.8953125 0.37890625 0.04140625 0.02890625
2 0.83359375 0.371875 0.0421875 0.0265625
2 0.253125 0.36484375 0.04140625 0.025
2 0.33125 0.365625 0.0140625 0.015625
2 0.459375 0.35859375 0.025 0.040625
2 0.4890625 0.3625 0.028125 0.04140625
2 0.62109375 0.3515625 0.0140625 0.0140625
2 0.928125 0.375 0.01171875 0.015625