7 0.4078125 0.2875 0.0203125 0.0625
8 0.4375 0.28046875 0.02578125 0.028125
8 0.5453125 0.30703125 0.02265625 0.0625
8 0.54375 0.37421875 0.0265625 0.05859375
8 0.54375 0.41484375 0.02109375 0.01796875
8 0.0640625 0.2390625 0.02890625 0.06640625
8 0.0640625 0.296875 0.028125 0.0609375
8 0.0625 0.384375 0.034375 0.02109375
8 0.23125 0.38046875 0.01484375 0.06640625
5 0.971875 0.56875 0.03125 0.24140625
5 0.9203125 0.56875 0.034375 0.2234375
5 0.8984375 0.55546875 0.03671875 0.19296875
5 0.875 0.5265625 0.02421875 0.175
5 0.846875 0.509375 0.025 0.15
5 0.8015625 0.51953125 0.03046875 0.14296875
2 0.5921875 0.53125 0.196875 0.1609375
2 0.3875 0.5421875 0.190625 0.246875
2 0.1328125 0.503125 0.065625 0.1015625
2 0.2171875 0.64765625 0.41015625 0.421875
7 0.909375 0.30546875 0.04453125 0.08046875
8 0.85703125 0.1 0.0609375 0.0765625