7 0.39921875 0.3125 0.01875 0.0359375
7 0.53828125 0.16953125 0.0140625 0.0359375
7 0.215625 0.246875 0.0125 0.025
7 0.521875 0.15546875 0.015625 0.059375
7 0.54921875 0.15625 0.01328125 0.059375
7 0.003125 0.365625 0.00625 0.021875
8 0.08046875 0.2390625 0.07890625 0.028125
8 0.4328125 0.3828125 0.02265625 0.0375
7 0.71875 0.4203125 0.0109375 0.03359375
7 0.73125 0.421875 0.0171875 0.02890625
8 0.171875 0.425 0.00625 0.00859375
2 0.228125 0.5015625 0.02109375 0.01640625
2 0.2109375 0.5 0.009375 0.01640625
2 0.196875 0.4984375 0.02578125 0.025
2 0.25625 0.5015625 0.01875 0.01640625
2 0.1703125 0.49921875 0.02578125 0.0234375
2 0.0625 0.49921875 0.0296875 0.025
2 0.0265625 0.4953125 0.040625 0.0265625
2 0.0078125 0.490625 0.01484375 0.040625
2 0.2828125 0.50546875 0.02109375 0.015625
2 0.321875 0.5046875 0.01171875 0.009375
2 0.4640625 0.50546875 0.00625 0.00859375
2 0.4484375 0.50625 0.0078125 0.0109375
2 0.4265625 0.50859375 0.02265625 0.02109375
2 0.50703125 0.509375 0.009375 0.015625
2 0.49375 0.50703125 0.0078125 0.0140625
2 0.4875 0.50546875 0.00546875 0.0109375
2 0.4796875 0.51015625 0.01328125 0.0140625
2 0.5234375 0.509375 0.0171875 0.0234375
2 0.540625 0.5046875 0.01875 0.0359375
2 0.546875 0.5109375 0.0140625 0.040625
2 0.55703125 0.5140625 0.015625 0.04609375
2 0.571875 0.51875 0.03046875 0.059375
2 0.6 0.52734375 0.05703125 0.0765625
2 0.40625 0.5078125 0.01640625 0.025
2 0.45625 0.50546875 0.00859375 0.0140625
2 0.10625 0.49765625 0.0359375 0.02890625