7 0.553125 0.51796875 0.00625 0.0234375
7 0.5375 0.534375 0.00390625 0.01953125
2 0.5296875 0.5578125 0.0078125 0.01953125
2 0.5046875 0.565625 0.0234375 0.0390625
2 0.4640625 0.578125 0.01484375 0.03046875
2 0.4265625 0.5984375 0.0609375 0.0859375
2 0.3953125 0.5609375 0.02109375 0.02109375
2 0.38203125 0.56796875 0.01953125 0.02109375
2 0.3609375 0.56953125 0.025 0.0234375
2 0.32734375 0.57578125 0.03046875 0.0265625
2 0.259375 0.578125 0.02265625 0.03046875
2 0.22890625 0.5796875 0.0359375 0.0390625
2 0.18671875 0.578125 0.0515625 0.05546875
2 0.11484375 0.57109375 0.0890625 0.08203125
2 0.0328125 0.57265625 0.065625 0.071875
2 0.5546875 0.55546875 0.00625 0.01953125
2 0.5671875 0.5609375 0.0109375 0.03046875
2 0.578125 0.5671875 0.02109375 0.04140625
2 0.596875 0.58515625 0.03046875 0.04609375
2 0.63828125 0.59140625 0.04453125 0.06796875
2 0.6734375 0.61640625 0.04609375 0.0890625
2 0.734375 0.63046875 0.0890625 0.1359375
2 0.8875 0.64765625 0.22421875 0.26796875
8 0.675 0.47734375 0.01484375 0.03046875
8 0.67578125 0.50390625 0.01484375 0.0234375