5 0.0984375 0.646875 0.05703125 0.2125
2 0.453125 0.5734375 0.0171875 0.021875
2 0.43828125 0.5796875 0.01015625 0.040625
2 0.39921875 0.56484375 0.06953125 0.121875
2 0.50078125 0.565625 0.0140625 0.0234375
2 0.5734375 0.57578125 0.04140625 0.0484375
2 0.634375 0.590625 0.07109375 0.084375
2 0.48203125 0.5609375 0.01171875 0.01640625
10 0.54921875 0.54765625 0.03984375 0.075
2 0.471875 0.5640625 0.00546875 0.015625
2 0.3453125 0.62109375 0.0828125 0.103125
10 0.5203125 0.55625 0.01796875 0.0515625
5 0.68515625 0.56015625 0.01875 0.07890625
2 0.9171875 0.640625 0.1625 0.25703125
7 0.4984375 0.51640625 0.0078125 0.0109375
7 0.44140625 0.525 0.0078125 0.01796875
8 0.240625 0.4109375 0.01953125 0.06796875
8 0.7765625 0.378125 0.02578125 0.0609375