7 0.80625 0.3171875 0.01796875 0.05859375
7 0.79453125 0.31796875 0.01484375 0.05859375
7 0.82109375 0.3140625 0.01796875 0.0625
2 0.028125 0.590625 0.05546875 0.096875
2 0.0921875 0.59765625 0.09609375 0.08203125
2 0.2765625 0.61796875 0.025 0.0375
2 0.315625 0.615625 0.059375 0.0609375
2 0.3640625 0.61875 0.04296875 0.0625
2 0.496875 0.62578125 0.084375 0.090625
2 0.19453125 0.6078125 0.1203125 0.1140625
2 0.4140625 0.6328125 0.10625 0.1234375
2 0.715625 0.653125 0.18671875 0.1234375
7 0.62578125 0.5234375 0.01640625 0.0265625
8 0.65625 0.471875 0.0390625 0.025