8 0.20234375 0.390625 0.01328125 0.028125
8 0.2765625 0.35078125 0.0296875 0.05
8 0.47421875 0.39609375 0.0109375 0.0109375
8 0.63125 0.3859375 0.00859375 0.0125
8 0.4984375 0.403125 0.00546875 0.009375
7 0.5515625 0.38125 0.00390625 0.0125
7 0.5109375 0.384375 0.003125 0.0140625
2 0.0953125 0.47265625 0.06640625 0.059375
2 0.25234375 0.4640625 0.03046875 0.0515625
2 0.3515625 0.47734375 0.01484375 0.01640625
2 0.38671875 0.4828125 0.0109375 0.015625
2 0.45859375 0.48828125 0.04453125 0.0609375
2 0.5625 0.43046875 0.01796875 0.021875
10 0.50625 0.440625 0.03828125 0.05546875