8 0.06640625 0.1921875 0.13125 0.09609375
7 0.1203125 0.078125 0.03125 0.115625
2 0.13125 0.6421875 0.02890625 0.01640625
2 0.10546875 0.6484375 0.01640625 0.02109375
2 0.1203125 0.66015625 0.0265625 0.01953125
2 0.1953125 0.66015625 0.03359375 0.028125
2 0.63828125 0.6578125 0.0828125 0.0984375
2 0.23671875 0.66484375 0.046875 0.053125
2 0.1546875 0.6609375 0.03125 0.03359375
1 0.9671875 0.596875 0.0609375 0.12109375
1 0.79375 0.6046875 0.234375 0.15546875
2 0.4609375 0.68671875 0.21796875 0.315625
8 0.359375 0.5453125 0.034375 0.01953125
8 0.746875 0.396875 0.04296875 0.10390625
7 0.13046875 0.590625 0.01640625 0.02109375
7 0.16875 0.590625 0.01640625 0.0234375