8 0.021875 0.43984375 0.01171875 0.046875
8 0.6140625 0.47265625 0.03515625 0.05859375
8 0.615625 0.540625 0.028125 0.05
8 0.5328125 0.5421875 0.009375 0.0234375
8 0.5328125 0.57265625 0.009375 0.01796875
2 0.20625 0.6296875 0.034375 0.0515625
2 0.1796875 0.63984375 0.0484375 0.059375
2 0.1421875 0.64765625 0.0546875 0.0609375
2 0.06484375 0.65 0.103125 0.09296875
2 0.48125 0.6046875 0.0109375 0.01640625
2 0.4625 0.6046875 0.01484375 0.015625
2 0.4453125 0.6125 0.01640625 0.03046875
2 0.425 0.625 0.040625 0.059375
7 0.4875 0.54453125 0.0078125 0.0234375
7 0.428125 0.55546875 0.00859375 0.0234375
8 0.775 0.43515625 0.046875 0.071875
8 0.77578125 0.48828125 0.04609375 0.03046875
8 0.8953125 0.346875 0.06015625 0.02890625
7 0.8734375 0.434375 0.01796875 0.040625
7 0.9328125 0.4234375 0.0375 0.0609375
2 0.58671875 0.6171875 0.028125 0.03046875
2 0.3609375 0.6140625 0.0203125 0.02890625
2 0.2515625 0.6328125 0.04140625 0.0375
2 0.4921875 0.60234375 0.00625 0.0140625
2 0.5 0.61015625 0.0109375 0.015625
2 0.503125 0.6140625 0.01171875 0.01640625
8 0.921875 0.29140625 0.06171875 0.0359375
8 0.86796875 0.278125 0.03125 0.04453125