8 0.55 0.4015625 0.01171875 0.01953125
8 0.4171875 0.459375 0.02421875 0.03046875
8 0.2953125 0.32578125 0.090625 0.0625
8 0.2953125 0.28359375 0.05546875 0.021875
8 0.17578125 0.33671875 0.11953125 0.046875
2 0.49609375 0.49765625 0.025 0.040625
2 0.4734375 0.49921875 0.03046875 0.034375
2 0.35078125 0.49609375 0.02734375 0.0234375
2 0.3 0.496875 0.04296875 0.0265625
2 0.26875 0.496875 0.0265625 0.021875
2 0.15703125 0.48984375 0.02109375 0.0265625
2 0.071875 0.5015625 0.0328125 0.0265625
2 0.434375 0.534375 0.0609375 0.109375
2 0.23671875 0.496875 0.03828125 0.03359375