2 0.16015625 0.834375 0.0875 0.078125
2 0.27109375 0.8078125 0.02578125 0.03046875
2 0.2421875 0.81015625 0.02578125 0.03046875
2 0.103125 0.81796875 0.03515625 0.046875
8 0.415625 0.73046875 0.01953125 0.021875
8 0.3203125 0.73828125 0.01875 0.03359375
8 0.3359375 0.75078125 0.01171875 0.021875
8 0.3359375 0.73203125 0.00859375 0.02109375
2 0.4921875 0.8015625 0.025 0.03203125
2 0.43671875 0.796875 0.02109375 0.025
2 0.06640625 0.78671875 0.0171875 0.0234375
2 0.0828125 0.7859375 0.009375 0.015625
2 0.19765625 0.8125 0.0296875 0.028125