2 0.18125 0.740625 0.29765625 0.34453125
2 0.46953125 0.61640625 0.05234375 0.0765625
2 0.396875 0.61015625 0.02734375 0.04296875
2 0.3171875 0.63671875 0.05625 0.09140625
2 0.3515625 0.61484375 0.03046875 0.05703125
2 0.428125 0.60625 0.0265625 0.04140625
2 0.7265625 0.56015625 0.0390625 0.04296875
2 0.8625 0.559375 0.059375 0.05703125
2 0.8421875 0.5234375 0.05 0.0234375
2 0.93671875 0.546875 0.05625 0.046875
2 0.97578125 0.56171875 0.046875 0.05859375
2 0.6359375 0.56328125 0.0171875 0.02109375
7 0.3859375 0.56171875 0.003125 0.0140625
7 0.45078125 0.553125 0.00703125 0.015625
8 0.4578125 0.5515625 0.015625 0.0140625
8 0.4859375 0.56171875 0.0078125 0.02109375
8 0.3671875 0.5625 0.0125 0.00859375
2 0.375 0.60390625 0.02109375 0.021875
2 0.5796875 0.5703125 0.028125 0.028125