7 0.33359375 0.3609375 0.01328125 0.046875
7 0.25390625 0.325 0.009375 0.05390625
7 0.540625 0.34140625 0.01171875 0.04453125
7 0.2390625 0.3265625 0.01328125 0.04140625
7 0.565625 0.40625 0.01328125 0.0234375
8 0.17734375 0.325 0.059375 0.02109375
2 0.43125 0.453125 0.01328125 0.03359375
2 0.38828125 0.47265625 0.040625 0.078125
2 0.4203125 0.4625 0.02109375 0.03359375
2 0.4484375 0.4625 0.0234375 0.04140625
2 0.5546875 0.4765625 0.04453125 0.05703125
2 0.2890625 0.51953125 0.203125 0.27890625
5 0.12265625 0.47265625 0.01328125 0.034375
5 0.103125 0.478125 0.0109375 0.03359375
2 0.06484375 0.5375 0.12890625 0.1734375