8 0.67421875 0.1875 0.0359375 0.0515625
8 0.503125 0.284375 0.00859375 0.03046875
8 0.478125 0.2828125 0.02578125 0.01796875
8 0.68203125 0.26875 0.01328125 0.025
7 0.45703125 0.275 0.01171875 0.01796875
7 0.425 0.26484375 0.01328125 0.03359375
2 0.0578125 0.44765625 0.11484375 0.19609375
2 0.0734375 0.41875 0.146875 0.153125
2 0.11953125 0.403125 0.1703125 0.140625
2 0.209375 0.37734375 0.04609375 0.0484375
2 0.20546875 0.3921875 0.11015625 0.0890625
2 0.2625 0.38359375 0.1 0.07109375
2 0.3140625 0.378125 0.03984375 0.0359375
2 0.3484375 0.36015625 0.06484375 0.0359375
2 0.3765625 0.3578125 0.02578125 0.025
2 0.45078125 0.346875 0.01328125 0.01796875
2 0.4609375 0.3515625 0.01875 0.0234375
2 0.4671875 0.359375 0.0203125 0.03359375
2 0.571875 0.403125 0.065625 0.09140625
2 0.6109375 0.4265625 0.0921875 0.10546875
2 0.4296875 0.353125 0.015625 0.025
2 0.43046875 0.38203125 0.034375 0.0484375
2 0.8578125 0.51953125 0.28046875 0.2625