7 0.29453125 0.11328125 0.01875 0.06953125
7 0.62265625 0.02890625 0.0171875 0.0578125
7 0.31171875 0.1203125 0.015625 0.075
7 0.28125 0.115625 0.015625 0.0734375
7 0.60234375 0.04140625 0.01484375 0.075
7 0.6421875 0.040625 0.01484375 0.071875
7 0.171875 0.31796875 0.01484375 0.03359375
7 0.475 0.340625 0.0109375 0.01640625
8 0.1875 0.24453125 0.03046875 0.04453125
8 0.3671875 0.31015625 0.015625 0.03359375
8 0.69296875 0.13203125 0.0203125 0.05703125
8 0.70234375 0.1625 0.0203125 0.021875
8 0.7046875 0.18671875 0.02109375 0.01796875
8 0.6921875 0.21875 0.0203125 0.04453125
8 0.69140625 0.2625 0.028125 0.046875
8 0.95 0.09453125 0.09609375 0.1875
8 0.19921875 0.31875 0.01484375 0.02109375
5 0.9671875 0.42890625 0.03203125 0.23046875
5 0.9203125 0.43203125 0.05390625 0.240625
5 0.190625 0.48515625 0.0484375 0.196875
5 0.15 0.47578125 0.04453125 0.22109375
5 0.05390625 0.41171875 0.03828125 0.1234375
2 0.1890625 0.425 0.05703125 0.0640625
2 0.1171875 0.409375 0.09921875 0.1140625
2 0.0671875 0.571875 0.134375 0.35625
2 0.74765625 0.509375 0.38125 0.4890625
2 0.47578125 0.36796875 0.0109375 0.028125
2 0.46875 0.375 0.00859375 0.01953125
2 0.46015625 0.378125 0.0125 0.02109375
2 0.49140625 0.36328125 0.009375 0.015625
2 0.4921875 0.371875 0.0125 0.02109375
2 0.50703125 0.3703125 0.021875 0.03203125
2 0.4421875 0.3921875 0.04453125 0.053125
2 0.5328125 0.403125 0.07890625 0.08046875
8 0.40234375 0.28671875 0.009375 0.021875
5 0.3546875 0.4 0.01484375 0.08359375
5 0.3953125 0.403125 0.0109375 0.084375
5 0.403125 0.40625 0.01328125 0.08046875