2 0.51953125 0.44453125 0.01640625 0.02890625
2 0.5328125 0.4515625 0.021875 0.04140625
2 0.5453125 0.4515625 0.021875 0.0515625
2 0.5921875 0.46484375 0.05390625 0.090625
2 0.73828125 0.46875 0.20859375 0.25859375
2 0.865625 0.53046875 0.2671875 0.38359375
2 0.4796875 0.45 0.01328125 0.0234375
2 0.46875 0.4484375 0.01796875 0.0359375
2 0.4578125 0.4515625 0.0234375 0.04609375
2 0.4375 0.4609375 0.0296875 0.0609375
2 0.4203125 0.4671875 0.03125 0.059375
2 0.4 0.47265625 0.0390625 0.0890625
2 0.37578125 0.4875 0.053125 0.11953125
2 0.2890625 0.4859375 0.17578125 0.2140625
2 0.159375 0.57890625 0.31796875 0.2859375
2 0.49765625 0.44609375 0.01640625 0.021875
8 0.21171875 0.26328125 0.0203125 0.0234375
8 0.49140625 0.4203125 0.01484375 0.0234375
2 0.9796875 0.70234375 0.03984375 0.3109375
2 0.6328125 0.47265625 0.05390625 0.15
2 0.56875 0.45546875 0.02734375 0.075
2 0.55546875 0.46015625 0.0203125 0.05546875