2 0.06875 0.421875 0.13671875 0.36953125
5 0.12265625 0.29296875 0.01640625 0.05390625
5 0.10625 0.3046875 0.0234375 0.10546875
5 0.15234375 0.290625 0.0125 0.046875
2 0.71953125 0.3578125 0.1703125 0.1140625
2 0.37421875 0.3015625 0.02109375 0.03359375
2 0.3515625 0.315625 0.040625 0.05859375
2 0.27734375 0.2859375 0.03828125 0.034375
2 0.3140625 0.3203125 0.04921875 0.075
2 0.25078125 0.34375 0.11015625 0.128125
5 0.4875 0.33671875 0.009375 0.05390625
5 0.47890625 0.32578125 0.0078125 0.0515625
5 0.553125 0.328125 0.01171875 0.05
8 0.1546875 0.2125 0.01640625 0.01640625
7 0.16875 0.04453125 0.0125 0.046875
7 0.1890625 0.04609375 0.01796875 0.06640625
7 0.4703125 0.121875 0.01015625 0.0515625
7 0.45546875 0.1171875 0.01015625 0.04296875
8 0.54609375 0.16015625 0.02578125 0.0125
7 0.621875 0.228125 0.0328125 0.04296875
7 0.5578125 0.25703125 0.01484375 0.0265625
7 0.43203125 0.225 0.0078125 0.02109375
7 0.425 0.22265625 0.00546875 0.025
7 0.321875 0.21328125 0.0078125 0.0265625
7 0.375 0.259375 0.00703125 0.01640625
2 0.41875 0.31171875 0.0234375 0.0375
2 0.40390625 0.303125 0.01015625 0.02109375
2 0.39375 0.296875 0.0140625 0.025
2 0.89140625 0.64375 0.21328125 0.24296875
5 0.059375 0.284375 0.01484375 0.05390625