8 0.209375 0.05859375 0.03515625 0.078125
8 0.53125 0.203125 0.0328125 0.0609375
8 0.53125 0.253125 0.0203125 0.034375
8 0.48828125 0.259375 0.0078125 0.0140625
8 0.475 0.24921875 0.01171875 0.01796875
8 0.475 0.265625 0.00703125 0.0125
8 0.45 0.27109375 0.0109375 0.01640625
8 0.48984375 0.278125 0.00625 0.01640625
8 0.43828125 0.184375 0.025 0.0375
8 0.4375 0.2078125 0.03671875 0.0234375
8 0.4390625 0.234375 0.01484375 0.025
2 0.42109375 0.26640625 0.0234375 0.028125
2 0.4125 0.29296875 0.02109375 0.025
2 0.390625 0.271875 0.01171875 0.01953125
2 0.4703125 0.29921875 0.02421875 0.034375
2 0.446875 0.296875 0.03046875 0.0234375
2 0.44453125 0.353125 0.065625 0.0984375
2 0.36875 0.3078125 0.05859375 0.0875
2 0.06875 0.30703125 0.03828125 0.03203125