2 0.025 0.4453125 0.0484375 0.06640625
2 0.1046875 0.45546875 0.065625 0.07890625
2 0.1703125 0.4390625 0.03046875 0.034375
2 0.28359375 0.46484375 0.05625 0.053125
2 0.52734375 0.49296875 0.06796875 0.059375
2 0.58515625 0.503125 0.0578125 0.0484375
2 0.625 0.509375 0.0359375 0.0484375
2 0.7578125 0.4828125 0.1265625 0.0609375
8 0.06953125 0.35546875 0.0328125 0.0609375
8 0.1890625 0.353125 0.0265625 0.04609375
8 0.6921875 0.39765625 0.0359375 0.0609375
8 0.69140625 0.46640625 0.0171875 0.01796875
2 0.92421875 0.528125 0.103125 0.16953125
2 0.9515625 0.5515625 0.09609375 0.21640625