8 0.5625 0.23125 0.08125 0.046875
8 0.3265625 0.22578125 0.0359375 0.05859375
8 0.32265625 0.28515625 0.0171875 0.01953125
8 0.3265625 0.315625 0.00859375 0.028125
2 0.50703125 0.371875 0.015625 0.0265625
2 0.5140625 0.38125 0.0171875 0.02109375
2 0.528125 0.3890625 0.015625 0.021875
2 0.7453125 0.4546875 0.06015625 0.1125
3 0.7734375 0.4609375 0.071875 0.1140625
3 0.80234375 0.48984375 0.0640625 0.109375
2 0.48125 0.37421875 0.015625 0.0140625
2 0.484375 0.3984375 0.0171875 0.0375
2 0.4671875 0.37421875 0.01328125 0.01640625
2 0.4484375 0.38515625 0.01171875 0.0265625
2 0.4390625 0.39140625 0.0171875 0.034375
2 0.42265625 0.3953125 0.01640625 0.0484375
2 0.4 0.4046875 0.040625 0.06796875
2 0.384375 0.4234375 0.03125 0.0640625
2 0.3671875 0.42578125 0.03203125 0.08203125
2 0.315625 0.4328125 0.11328125 0.140625
2 0.228125 0.4875 0.15078125 0.171875
2 0.1046875 0.5484375 0.2078125 0.3484375
2 0.90234375 0.475 0.19375 0.225
2 0.62890625 0.38125 0.19296875 0.3265625
2 0.4625 0.41015625 0.04453125 0.065625