2 0.046875 0.6359375 0.09296875 0.2359375
2 0.509375 0.56328125 0.284375 0.409375
8 0.1515625 0.4125 0.01640625 0.0359375
8 0.5765625 0.203125 0.05625 0.03046875
7 0.14375 0.340625 0.01640625 0.0234375
7 0.5375 0.21796875 0.009375 0.021875
5 0.73984375 0.46171875 0.01640625 0.0609375
2 0.8890625 0.4296875 0.0421875 0.04609375
2 0.8359375 0.4359375 0.03125 0.03359375
2 0.340625 0.49375 0.040625 0.05546875
2 0.121875 0.51953125 0.02734375 0.03359375
8 0.621875 0.278125 0.021875 0.025
7 0.7875 0.26953125 0.0109375 0.04609375
2 0.184375 0.50703125 0.03671875 0.03203125
2 0.2890625 0.496875 0.0453125 0.0265625
8 0.1953125 0.41953125 0.01328125 0.02109375
8 0.31796875 0.434375 0.0140625 0.02109375
7 0.08828125 0.29765625 0.0203125 0.0359375
2 0.3734375 0.4921875 0.02421875 0.03203125