2 0.503125 0.5171875 0.0125 0.021875
2 0.5265625 0.51640625 0.02265625 0.03203125
2 0.5328125 0.51796875 0.021875 0.0359375
2 0.5421875 0.521875 0.01875 0.0484375
2 0.55625 0.52890625 0.03046875 0.0484375
2 0.58203125 0.53515625 0.05234375 0.0625
2 0.609375 0.55 0.04921875 0.075
2 0.634375 0.56484375 0.065625 0.1
2 0.68203125 0.57890625 0.0984375 0.15859375
2 0.803125 0.6109375 0.21875 0.215625
2 0.46953125 0.5171875 0.01484375 0.01953125
2 0.45703125 0.52265625 0.01484375 0.0265625
2 0.44375 0.52578125 0.01875 0.03203125
2 0.42578125 0.52890625 0.034375 0.0390625
2 0.390625 0.53203125 0.03515625 0.05703125
2 0.3671875 0.5453125 0.03671875 0.08046875
2 0.31875 0.54140625 0.0625 0.096875
2 0.2421875 0.56328125 0.1 0.140625
2 0.1 0.59375 0.19921875 0.2265625
7 0.4765625 0.48046875 0.00703125 0.01953125
7 0.51328125 0.4796875 0.009375 0.0234375
7 0.5046875 0.49453125 0.00703125 0.0234375
7 0.48125 0.490625 0.0078125 0.0265625
8 0.37265625 0.47265625 0.0125 0.0125
8 0.4328125 0.47265625 0.015625 0.02109375