7 0.42578125 0.41171875 0.0046875 0.02890625
7 0.51015625 0.43203125 0.00703125 0.01953125
7 0.4328125 0.4125 0.00625 0.0234375
7 0.42109375 0.41328125 0.00625 0.02109375
8 0.35390625 0.43984375 0.009375 0.00859375
7 0.565625 0.484375 0.01171875 0.0125
7 0.3875 0.4796875 0.0078125 0.0140625
2 0.4609375 0.51484375 0.02734375 0.0375
2 0.415625 0.5265625 0.021875 0.02890625
2 0.3390625 0.5203125 0.04140625 0.0484375
2 0.528125 0.5203125 0.02109375 0.01953125
2 0.60390625 0.5484375 0.0671875 0.084375
2 0.5484375 0.5265625 0.01875 0.05703125
2 0.503125 0.50625 0.0078125 0.01796875
2 0.2875 0.5421875 0.0625 0.1109375
2 0.20703125 0.559375 0.12265625 0.1390625
2 0.071875 0.58984375 0.14296875 0.23046875
2 0.8875 0.771875 0.22109375 0.44140625
8 0.90625 0.2515625 0.07265625 0.1484375
2 0.5703125 0.540625 0.025 0.0640625
2 0.5578125 0.53203125 0.025 0.05703125