8 0.809375 0.153125 0.02734375 0.07109375
8 0.81171875 0.22265625 0.03203125 0.046875
8 0.81328125 0.278125 0.02578125 0.05703125
8 0.771875 0.325 0.01796875 0.02890625
7 0.74140625 0.346875 0.00625 0.0234375
7 0.66875 0.31875 0.00703125 0.025
7 0.5890625 0.3140625 0.0046875 0.02109375
2 0.434375 0.440625 0.01953125 0.01953125
2 0.396875 0.43984375 0.028125 0.03203125
2 0.375 0.4453125 0.04453125 0.03203125
2 0.296875 0.45 0.040625 0.0390625
2 0.6421875 0.42109375 0.03515625 0.0515625
2 0.5875 0.4203125 0.09609375 0.09453125
2 0.6609375 0.42578125 0.015625 0.05
2 0.6765625 0.42421875 0.03125 0.078125
2 0.7015625 0.43671875 0.0453125 0.103125
2 0.965625 0.52421875 0.06640625 0.35390625
2 0.7890625 0.446875 0.16484375 0.22109375
2 0.5453125 0.52109375 0.2015625 0.3015625
2 0.3390625 0.44609375 0.0296875 0.0359375