2 0.54921875 0.5078125 0.03671875 0.03046875
2 0.49375 0.4953125 0.04921875 0.03046875
2 0.38125 0.484375 0.07890625 0.05703125
2 0.2921875 0.4640625 0.05859375 0.0390625
2 0.7 0.5390625 0.0484375 0.05390625
2 0.6578125 0.5453125 0.0515625 0.0484375
2 0.540625 0.553125 0.06640625 0.0734375
2 0.60625 0.5578125 0.06328125 0.09140625
8 0.63125 0.47109375 0.0171875 0.0484375
5 0.86171875 0.57578125 0.02421875 0.0609375
5 0.96953125 0.6046875 0.05703125 0.346875
2 0.06328125 0.40546875 0.125 0.55546875