8 0.63125 0.2734375 0.03203125 0.02109375
8 0.60859375 0.22265625 0.03984375 0.07109375
8 0.48203125 0.23515625 0.07890625 0.0234375
8 0.13046875 0.25703125 0.03125 0.0484375
7 0.165625 0.26171875 0.01953125 0.05859375
7 0.41875 0.23671875 0.015625 0.046875
7 0.6390625 0.35703125 0.01640625 0.034375
8 0.609375 0.33515625 0.028125 0.01953125
7 0.665625 0.39140625 0.00703125 0.0234375
2 0.3640625 0.4640625 0.02265625 0.05703125
2 0.2890625 0.4671875 0.05078125 0.06796875
1 0.309375 0.4359375 0.05390625 0.075
1 0.4453125 0.4140625 0.1578125 0.31953125
2 0.140625 0.5078125 0.28046875 0.409375
0 0.57109375 0.50078125 0.0390625 0.0765625
5 0.5640625 0.478125 0.0234375 0.09296875
2 0.3328125 0.459375 0.03125 0.0484375