7 0.47265625 0.371875 0.01796875 0.02890625
7 0.421875 0.375 0.0109375 0.01953125
8 0.41328125 0.2546875 0.021875 0.03203125
8 0.56640625 0.3359375 0.01328125 0.03359375
8 0.690625 0.3640625 0.021875 0.04140625
8 0.6578125 0.384375 0.040625 0.0625
7 0.58046875 0.36171875 0.0125 0.0265625
2 0.51640625 0.44765625 0.02890625 0.04453125
5 0.64375 0.4671875 0.021875 0.071875
8 0.146875 0.321875 0.03984375 0.06796875
7 0.3875 0.39609375 0.0125 0.021875
7 0.5640625 0.415625 0.0125 0.0265625
2 0.32265625 0.39765625 0.0453125 0.03203125
2 0.28359375 0.39609375 0.02734375 0.03203125
8 0.4046875 0.38671875 0.021875 0.0390625
8 0.4296875 0.39921875 0.01328125 0.02890625