8 0.8578125 0.259375 0.0203125 0.04453125
8 0.85 0.20078125 0.01953125 0.02109375
8 0.6765625 0.309375 0.01484375 0.0125
8 0.66953125 0.27734375 0.0171875 0.009375
8 0.140625 0.21953125 0.0171875 0.015625
8 0.1359375 0.2390625 0.0359375 0.0140625
8 0.284375 0.29140625 0.01953125 0.015625
8 0.284375 0.26875 0.01171875 0.0234375
8 0.3578125 0.33828125 0.03203125 0.03046875
7 0.1421875 0.265625 0.0078125 0.021875
7 0.675 0.33125 0.00859375 0.01640625
7 0.86171875 0.303125 0.01171875 0.01640625
7 0.3453125 0.15625 0.01953125 0.071875
7 0.56484375 0.215625 0.00859375 0.04296875
7 0.453125 0.309375 0.00546875 0.01953125
7 0.40625 0.309375 0.00546875 0.0265625
7 0.4890625 0.3640625 0.00546875 0.0140625
8 0.49375 0.34375 0.0078125 0.015625
2 0.2046875 0.3859375 0.06171875 0.071875
2 0.2359375 0.3796875 0.02109375 0.0484375
2 0.35625 0.384375 0.03515625 0.05390625
2 0.51796875 0.40546875 0.05546875 0.08359375
2 0.8015625 0.40625 0.0546875 0.06796875
5 0.83671875 0.375 0.028125 0.06796875
2 0.6375 0.4015625 0.09375 0.13046875
10 0.4296875 0.43828125 0.14609375 0.2390625
2 0.2890625 0.39921875 0.10078125 0.13046875
2 0.84765625 0.62734375 0.303125 0.5265625