8 0.49140625 0.60625 0.00625 0.02109375
2 0.41015625 0.62421875 0.0109375 0.02109375
2 0.40234375 0.628125 0.0109375 0.01953125
2 0.471875 0.62421875 0.009375 0.02109375
2 0.47734375 0.628125 0.0109375 0.0234375
2 0.484375 0.634375 0.01328125 0.028125
2 0.4984375 0.640625 0.01875 0.040625
2 0.5140625 0.6484375 0.025 0.04140625
2 0.5296875 0.65859375 0.0234375 0.0515625
2 0.5421875 0.6640625 0.0265625 0.04453125
2 0.559375 0.66640625 0.03046875 0.0640625
2 0.3296875 0.65703125 0.03046875 0.0484375
2 0.3109375 0.6640625 0.034375 0.05390625
2 0.28046875 0.6703125 0.04375 0.065625
2 0.25 0.684375 0.04765625 0.075
2 0.73984375 0.69453125 0.153125 0.171875
2 0.3953125 0.6375 0.01484375 0.02109375
2 0.5953125 0.67265625 0.07109375 0.078125
2 0.18046875 0.6984375 0.0953125 0.1015625
2 0.4296875 0.6234375 0.00859375 0.02109375