2 0.0140625 0.55 0.02734375 0.0734375
2 0.0375 0.5484375 0.021875 0.0609375
2 0.065625 0.54375 0.0390625 0.0609375
2 0.17734375 0.534375 0.046875 0.04609375
2 0.2875 0.52265625 0.0234375 0.0234375
2 0.3140625 0.51640625 0.02109375 0.025
2 0.34375 0.51328125 0.02734375 0.03203125
2 0.40625 0.52109375 0.05859375 0.0875
2 0.43984375 0.5171875 0.01484375 0.04453125
2 0.45 0.5109375 0.0171875 0.0390625
10 0.47890625 0.4875 0.08984375 0.06640625
5 0.69765625 0.565625 0.07421875 0.325
5 0.771875 0.5125 0.0484375 0.21640625
5 0.8265625 0.5140625 0.04296875 0.1875
5 0.13046875 0.53203125 0.00625 0.03046875
5 0.1109375 0.5359375 0.009375 0.04609375
5 0.0984375 0.52890625 0.00703125 0.02890625
5 0.5359375 0.503125 0.01640625 0.0625
5 0.6484375 0.58125 0.05859375 0.25703125
5 0.67109375 0.4671875 0.01875 0.0484375
5 0.953125 0.60703125 0.09140625 0.603125
7 0.4140625 0.1125 0.0140625 0.0609375
7 0.71484375 0.1984375 0.01171875 0.05390625
7 0.2140625 0.45859375 0.0046875 0.01640625
7 0.3609375 0.4453125 0.0046875 0.02109375
7 0.41484375 0.4578125 0.0046875 0.025
7 0.459375 0.4265625 0.0046875 0.0265625
7 0.728125 0.3734375 0.01796875 0.0359375
8 0.375 0.446875 0.0078125 0.0140625
8 0.48671875 0.42578125 0.02578125 0.0109375
8 0.5125 0.41328125 0.0109375 0.0140625
7 0.2546875 0.4359375 0.00625 0.02109375
8 0.35 0.478125 0.01015625 0.01640625
8 0.5625 0.165625 0.10078125 0.04296875
8 0.203125 0.46484375 0.0140625 0.0109375
7 0.1875 0.4546875 0.00625 0.0265625
7 0.2015625 0.4953125 0.009375 0.01796875
0 0.578125 0.54453125 0.0421875 0.10703125
6 0.5765625 0.50234375 0.03125 0.115625