8 0.3109375 0.19140625 0.02109375 0.01640625
8 0.3015625 0.17109375 0.021875 0.01640625
8 0.49921875 0.24296875 0.01640625 0.025
8 0.546875 0.2125 0.009375 0.0125
8 0.5625 0.20625 0.01015625 0.02109375
2 0.425 0.2890625 0.01171875 0.0265625
2 0.41875 0.29375 0.0140625 0.025
2 0.4078125 0.2953125 0.0171875 0.034375
2 0.33515625 0.3 0.05234375 0.103125
2 0.54296875 0.28046875 0.0359375 0.1015625
2 0.58359375 0.29140625 0.08203125 0.11953125
10 0.4625 0.28828125 0.01484375 0.03046875
1 0.440625 0.28671875 0.0203125 0.021875
2 0.46953125 0.30078125 0.01640625 0.03046875
2 0.3859375 0.29375 0.0390625 0.05
2 0.29453125 0.30703125 0.10234375 0.13359375
2 0.67109375 0.334375 0.1515625 0.1484375