7 0.4828125 0.35546875 0.009375 0.0265625
7 0.5265625 0.36484375 0.009375 0.0265625
7 0.5828125 0.415625 0.0109375 0.0234375
8 0.40625 0.3890625 0.01328125 0.01640625
8 0.58359375 0.390625 0.01484375 0.01640625
8 0.7359375 0.2546875 0.01328125 0.03046875
8 0.740625 0.2859375 0.03203125 0.03359375
8 0.89375 0.20390625 0.05234375 0.09296875
8 0.896875 0.275 0.02890625 0.03359375
2 0.484375 0.425 0.0109375 0.028125
2 0.478125 0.428125 0.01171875 0.02109375
2 0.4421875 0.45859375 0.015625 0.0484375
2 0.4328125 0.4609375 0.01875 0.0484375
2 0.42265625 0.465625 0.01484375 0.0484375
2 0.4109375 0.4625 0.0234375 0.05703125
2 0.396875 0.46796875 0.02109375 0.0640625
2 0.57109375 0.453125 0.01328125 0.0375
2 0.58125 0.45078125 0.01484375 0.065625
2 0.6078125 0.453125 0.05234375 0.07890625
1 0.5484375 0.428125 0.025 0.034375
2 0.46484375 0.44609375 0.01953125 0.0375
2 0.509375 0.42890625 0.0171875 0.0234375
2 0.553125 0.44609375 0.02109375 0.0375
2 0.49375 0.45390625 0.03203125 0.0484375
2 0.65625 0.4765625 0.0734375 0.0984375
2 0.3546875 0.46875 0.090625 0.121875