2 0.10625 0.5484375 0.21015625 0.26953125
2 0.215625 0.47890625 0.0921875 0.12890625
2 0.4703125 0.4734375 0.05078125 0.12109375
2 0.4046875 0.45078125 0.0171875 0.053125
2 0.41875 0.45234375 0.01640625 0.046875
2 0.4421875 0.45 0.02734375 0.05390625
2 0.8921875 0.44765625 0.096875 0.06640625
2 0.81796875 0.43984375 0.0453125 0.0359375
2 0.9734375 0.44453125 0.0515625 0.0484375
2 0.58125 0.5390625 0.24296875 0.33203125
2 0.3734375 0.45546875 0.04375 0.06796875
7 0.37421875 0.31328125 0.0078125 0.021875
7 0.5515625 0.3078125 0.009375 0.025
7 0.08671875 0.28828125 0.0171875 0.028125
7 0.10078125 0.2890625 0.01171875 0.034375
8 0.340625 0.321875 0.0359375 0.0125
8 0.30546875 0.32578125 0.0203125 0.00859375
8 0.30390625 0.2703125 0.0171875 0.028125
8 0.30390625 0.2953125 0.009375 0.0109375
8 0.084375 0.1828125 0.0140625 0.03046875
8 0.6390625 0.334375 0.015625 0.01640625
8 0.675 0.325 0.01640625 0.015625
8 0.6734375 0.3484375 0.01640625 0.009375
7 0.6875 0.27578125 0.01171875 0.021875
7 0.665625 0.3015625 0.009375 0.03203125
7 0.6546875 0.296875 0.00859375 0.03203125
5 0.7265625 0.44453125 0.0109375 0.059375
5 0.696875 0.43828125 0.00703125 0.046875
5 0.7484375 0.45078125 0.00859375 0.0640625
5 0.759375 0.4359375 0.01171875 0.034375
5 0.3140625 0.45 0.01328125 0.05390625
5 0.30625 0.4484375 0.00859375 0.0515625