2 0.4421875 0.46875 0.0453125 0.06796875
2 0.359375 0.4546875 0.02578125 0.0390625
2 0.4046875 0.4625 0.02109375 0.03046875
10 0.5515625 0.48046875 0.071875 0.09140625
8 0.4640625 0.428125 0.03125 0.01953125
8 0.42734375 0.42734375 0.01796875 0.01953125
8 0.62578125 0.434375 0.05703125 0.0640625
2 0.7671875 0.478125 0.01875 0.01953125
2 0.496875 0.4671875 0.01796875 0.02890625
2 0.478125 0.4625 0.01171875 0.0234375
2 0.3375 0.44375 0.0234375 0.0234375
2 0.375 0.4515625 0.0171875 0.0265625
2 0.46875 0.46484375 0.009375 0.0234375
2 0.71796875 0.47734375 0.025 0.02109375
2 0.3078125 0.446875 0.0234375 0.01640625
2 0.0296875 0.43984375 0.0421875 0.03046875