2 0.953125 0.54453125 0.0921875 0.18359375
5 0.84375 0.48828125 0.03515625 0.115625
7 0.453125 0.42421875 0.009375 0.01640625
7 0.4015625 0.41328125 0.01328125 0.01796875
7 0.35625 0.44765625 0.0078125 0.01640625
7 0.4015625 0.459375 0.0046875 0.0140625
7 0.4171875 0.46328125 0.00859375 0.0140625
7 0.45625 0.459375 0.00859375 0.02109375
7 0.24375 0.434375 0.0078125 0.015625
7 0.3765625 0.4328125 0.00703125 0.0140625
7 0.38828125 0.440625 0.0078125 0.0140625
7 0.365625 0.43984375 0.0078125 0.01640625
7 0.4140625 0.4484375 0.009375 0.01796875
7 0.121875 0.46953125 0.01484375 0.03046875
2 0.246875 0.49921875 0.03046875 0.04609375
2 0.3140625 0.4921875 0.01796875 0.021875
2 0.3375 0.49140625 0.021875 0.03359375
2 0.3640625 0.5 0.0265625 0.03359375
2 0.39609375 0.48359375 0.02109375 0.0265625
2 0.415625 0.48828125 0.0203125 0.03046875
10 0.6828125 0.46171875 0.09375 0.0890625
2 0.6015625 0.50078125 0.0765625 0.071875
7 0.29453125 0.47421875 0.0078125 0.02109375
8 0.58125 0.428125 0.01328125 0.03203125