2 0.55625 0.39609375 0.01875 0.02890625
2 0.515625 0.39296875 0.0125 0.01953125
2 0.521875 0.39296875 0.01640625 0.0234375
2 0.5390625 0.39921875 0.021875 0.0359375
2 0.5015625 0.396875 0.01328125 0.021875
2 0.4734375 0.4203125 0.03515625 0.053125
2 0.328125 0.471875 0.1515625 0.15859375
2 0.39375 0.40078125 0.02734375 0.03359375
2 0.1859375 0.43125 0.11328125 0.075
8 0.6109375 0.27890625 0.05859375 0.04609375
8 0.84609375 0.296875 0.03515625 0.071875
8 0.54375 0.36015625 0.059375 0.02890625
8 0.59140625 0.3765625 0.0125 0.021875