2 0.0265625 0.5078125 0.05078125 0.084375
2 0.1 0.49453125 0.0859375 0.06953125
2 0.1609375 0.49140625 0.05703125 0.05703125
2 0.2109375 0.49296875 0.05390625 0.0484375
2 0.2953125 0.48828125 0.0375 0.034375
2 0.3453125 0.478125 0.0265625 0.0265625
2 0.37578125 0.48046875 0.028125 0.02890625
2 0.4171875 0.475 0.03125 0.0390625
2 0.4625 0.48828125 0.0296875 0.04140625
2 0.509375 0.48203125 0.03203125 0.046875
2 0.4796875 0.471875 0.02109375 0.03359375
8 0.4109375 0.26796875 0.0265625 0.11953125
8 0.4390625 0.44140625 0.00703125 0.01953125
7 0.3546875 0.38203125 0.0046875 0.01953125
7 0.3484375 0.38203125 0.00625 0.021875
7 0.43828125 0.4078125 0.00546875 0.01796875
7 0.4546875 0.44296875 0.00546875 0.0109375
7 0.4890625 0.4328125 0.00546875 0.0125
7 0.52734375 0.39296875 0.00625 0.01953125
8 0.5390625 0.39765625 0.025 0.009375