8 0.6171875 0.32734375 0.0140625 0.0265625
7 0.5234375 0.334375 0.00703125 0.0265625
5 0.62734375 0.3984375 0.0125 0.0515625
5 0.6140625 0.40234375 0.0125 0.053125
5 0.6015625 0.38671875 0.01953125 0.0640625
2 0.56875 0.38203125 0.02421875 0.05
2 0.5 0.38984375 0.01640625 0.0359375
2 0.48828125 0.4 0.0265625 0.053125
2 0.3921875 0.440625 0.09375 0.13046875
2 0.246875 0.49375 0.23984375 0.334375
2 0.084375 0.603125 0.16796875 0.3765625
2 0.66875 0.428125 0.0828125 0.159375
2 0.465625 0.4046875 0.034375 0.05703125
2 0.5328125 0.40390625 0.040625 0.06796875
2 0.57734375 0.40390625 0.0296875 0.04296875
2 0.775 0.46328125 0.1953125 0.2375
2 0.3703125 0.471875 0.0703125 0.1375