7 0.5484375 0.13046875 0.01953125 0.0859375
7 0.76953125 0.453125 0.025 0.0515625
7 0.4984375 0.540625 0.0109375 0.0265625
7 0.440625 0.553125 0.009375 0.028125
7 0.515625 0.13046875 0.02890625 0.1015625
7 0.7359375 0.45390625 0.02265625 0.0484375
8 0.728125 0.37578125 0.02265625 0.028125
8 0.7359375 0.3453125 0.04453125 0.03359375
8 0.5171875 0.5484375 0.015625 0.01953125
8 0.62578125 0.50546875 0.01484375 0.0265625
2 0.4515625 0.62265625 0.0171875 0.0265625
2 0.46875 0.615625 0.015625 0.03046875
2 0.5109375 0.61796875 0.01484375 0.0265625
2 0.5453125 0.6109375 0.04375 0.0640625
2 0.4296875 0.63125 0.03984375 0.05546875
2 0.3859375 0.63515625 0.040625 0.046875
2 0.4875 0.6234375 0.0359375 0.05546875
2 0.5984375 0.6203125 0.075 0.09140625
2 0.2796875 0.6484375 0.0921875 0.1015625
5 0.22890625 0.64140625 0.0171875 0.06796875
8 0.6578125 0.2078125 0.09375 0.0484375