2 0.0421875 0.6125 0.084375 0.3375
2 0.846875 0.6296875 0.30546875 0.365625
2 0.17734375 0.5796875 0.1359375 0.1625
2 0.2515625 0.5515625 0.08671875 0.10546875
2 0.2953125 0.5375 0.04765625 0.08359375
2 0.3203125 0.53046875 0.04375 0.075
2 0.3484375 0.5203125 0.0359375 0.04609375
2 0.36875 0.51171875 0.0171875 0.04609375
2 0.37890625 0.5109375 0.01640625 0.0390625
2 0.39453125 0.5125 0.01328125 0.021875
2 0.40625 0.509375 0.01171875 0.01640625
2 0.43046875 0.4984375 0.00703125 0.0125
2 0.4421875 0.49765625 0.01171875 0.01953125
2 0.46171875 0.50546875 0.0203125 0.03203125
2 0.484375 0.50625 0.0296875 0.0484375
2 0.5125 0.5109375 0.04921875 0.08359375
2 0.51875 0.51953125 0.03828125 0.06953125
2 0.5359375 0.5390625 0.05 0.08359375
2 0.590625 0.5421875 0.090625 0.1375
2 0.6765625 0.578125 0.16875 0.221875
2 0.41953125 0.503125 0.01484375 0.02109375
8 0.3140625 0.453125 0.0078125 0.01953125
7 0.6453125 0.2828125 0.0109375 0.021875
2 0.11015625 0.6125 0.10078125 0.1890625