8 0.2921875 0.35234375 0.015625 0.02109375
8 0.715625 0.30546875 0.01484375 0.02890625
2 0.475 0.46875 0.025 0.03203125
2 0.4578125 0.465625 0.00703125 0.015625
2 0.4515625 0.4703125 0.009375 0.01796875
2 0.44375 0.471875 0.0109375 0.021875
2 0.4359375 0.478125 0.0109375 0.028125
2 0.425 0.48125 0.01484375 0.040625
2 0.40390625 0.4765625 0.03359375 0.07109375
2 0.38125 0.48515625 0.0375 0.084375
2 0.3109375 0.5 0.15390625 0.20546875
2 0.49375 0.465625 0.01171875 0.02890625
2 0.5 0.4671875 0.01015625 0.03359375
2 0.51328125 0.4671875 0.01953125 0.0359375
2 0.521875 0.471875 0.01875 0.0390625
2 0.53203125 0.47734375 0.01640625 0.04609375
2 0.546875 0.484375 0.02109375 0.065625
2 0.5640625 0.484375 0.03515625 0.09296875
2 0.6 0.49609375 0.05625 0.1359375
2 0.67890625 0.4953125 0.13203125 0.225
2 0.8328125 0.5453125 0.33203125 0.3625