8 0.3125 0.21640625 0.0140625 0.03046875
8 0.38125 0.134375 0.034375 0.02109375
8 0.38125 0.16171875 0.0640625 0.04296875
8 0.509375 0.1109375 0.01640625 0.0359375
8 0.5078125 0.15546875 0.059375 0.07109375
8 0.5828125 0.15390625 0.0765625 0.05
8 0.5828125 0.18515625 0.0625 0.01796875
8 0.6234375 0.23046875 0.01484375 0.03203125
2 0.1546875 0.275 0.11953125 0.109375
2 0.23125 0.28828125 0.05703125 0.0640625
2 0.290625 0.284375 0.04609375 0.04609375
2 0.3421875 0.28359375 0.03984375 0.0375
2 0.49375 0.3 0.04921875 0.065625
2 0.4 0.278125 0.059375 0.05
2 0.546875 0.2875 0.0125 0.02109375