7 0.51953125 0.29765625 0.01171875 0.059375
7 0.78828125 0.096875 0.0265625 0.1140625
7 0.4421875 0.453125 0.00703125 0.02109375
7 0.49140625 0.20703125 0.01875 0.05
7 0.75 0.10625 0.028125 0.103125
7 0.74921875 0.5328125 0.009375 0.01953125
7 0.803125 0.54453125 0.009375 0.01640625
7 0.4578125 0.453125 0.01171875 0.025
7 0.51328125 0.47421875 0.009375 0.0265625
7 0.45546875 0.39296875 0.0171875 0.0125
7 0.85 0.559375 0.0109375 0.01640625
5 0.328125 0.51875 0.0328125 0.10703125
2 0.69765625 0.55625 0.0296875 0.04296875
2 0.66328125 0.55625 0.04140625 0.05390625
2 0.903125 0.5984375 0.0265625 0.04140625
2 0.91875 0.60625 0.02734375 0.04140625
2 0.26875 0.503125 0.0953125 0.0765625
2 0.8703125 0.584375 0.0453125 0.0375
2 0.83359375 0.57890625 0.021875 0.021875
2 0.8125 0.578125 0.015625 0.015625
2 0.79609375 0.575 0.0125 0.01640625
2 0.759375 0.5671875 0.01875 0.02109375
2 0.72734375 0.56328125 0.02421875 0.0359375
2 0.61015625 0.56171875 0.0578125 0.065625
2 0.953125 0.621875 0.05078125 0.065625
1 0.1375 0.44921875 0.17421875 0.16640625
1 0.0359375 0.38984375 0.071875 0.07890625
2 0.0734375 0.47421875 0.146875 0.1484375
2 0.7828125 0.5625 0.021875 0.03046875