2 0.5515625 0.390625 0.01015625 0.01640625
2 0.5453125 0.3984375 0.0109375 0.02890625
2 0.51796875 0.41171875 0.03828125 0.0765625
2 0.503125 0.4390625 0.05 0.0984375
2 0.4640625 0.44765625 0.03515625 0.121875
2 0.42890625 0.478125 0.0859375 0.1359375
2 0.378125 0.49921875 0.08125 0.18203125
2 0.171875 0.51171875 0.34375 0.5734375
2 0.571875 0.39375 0.0125 0.01640625
2 0.584375 0.396875 0.015625 0.0140625
2 0.6 0.3953125 0.0125 0.0140625
2 0.6140625 0.390625 0.01484375 0.021875
2 0.6296875 0.3984375 0.01796875 0.03203125
2 0.64375 0.41953125 0.01875 0.05703125
2 0.66171875 0.43203125 0.025 0.096875
2 0.690625 0.44765625 0.05234375 0.1265625
2 0.721875 0.46171875 0.078125 0.16796875
2 0.8546875 0.4546875 0.25234375 0.34140625
2 0.9296875 0.6046875 0.13671875 0.38359375
8 0.4875 0.33828125 0.0203125 0.0375
8 0.39453125 0.36328125 0.00859375 0.03046875
8 0.65 0.34921875 0.0125 0.01796875