2 0.0953125 0.634375 0.1890625 0.3234375
2 0.240625 0.5890625 0.1421875 0.1890625
2 0.328125 0.56171875 0.0640625 0.10390625
2 0.8359375 0.61796875 0.32734375 0.303125
2 0.684375 0.5453125 0.14296875 0.190625
2 0.6109375 0.534375 0.04296875 0.10703125
2 0.5890625 0.51796875 0.02421875 0.0359375
2 0.515625 0.6140625 0.196875 0.284375
2 0.4296875 0.5421875 0.0296875 0.0390625
8 0.86875 0.14375 0.03046875 0.06953125
8 0.8921875 0.21015625 0.0375 0.0484375
8 0.85625 0.20625 0.0171875 0.021875
5 0.3859375 0.53203125 0.01796875 0.0484375