7 0.8203125 0.3609375 0.0234375 0.084375
7 0.57109375 0.4203125 0.02734375 0.07109375
7 0.5734375 0.525 0.01875 0.04453125
7 0.6484375 0.52578125 0.01640625 0.01953125
8 0.38984375 0.540625 0.02734375 0.02109375
8 0.3828125 0.51640625 0.0359375 0.02109375
8 0.0828125 0.24609375 0.03046875 0.1734375
2 0.4203125 0.66484375 0.02734375 0.03359375
2 0.321875 0.678125 0.1765625 0.1609375
2 0.54140625 0.6765625 0.2171875 0.2234375
2 0.1296875 0.6796875 0.25546875 0.165625
2 0.13125 0.815625 0.259375 0.3640625
2 0.809375 0.74140625 0.38125 0.51640625