7 0.228125 0.43671875 0.0078125 0.0359375
7 0.2921875 0.3609375 0.0109375 0.040625
7 0.46875 0.3734375 0.01015625 0.040625
7 0.41171875 0.45234375 0.0078125 0.025
7 0.3578125 0.4796875 0.00703125 0.028125
2 0.80234375 0.50625 0.22109375 0.2359375
2 0.5265625 0.5015625 0.03515625 0.02890625
8 0.68828125 0.2859375 0.0359375 0.00703125
8 0.696875 0.33515625 0.02109375 0.01640625
8 0.021875 0.465625 0.0234375 0.040625
8 0.11796875 0.43984375 0.03203125 0.028125
8 0.2515625 0.45546875 0.009375 0.01796875
7 0.584375 0.4375 0.00546875 0.01796875
7 0.303125 0.359375 0.01015625 0.0390625
8 0.56875 0.3859375 0.01953125 0.015625
7 0.6828125 0.38203125 0.01171875 0.0265625
2 0.3546875 0.49921875 0.03125 0.0359375
2 0.375 0.49453125 0.01484375 0.03203125
2 0.3859375 0.50078125 0.01171875 0.021875
2 0.3953125 0.5 0.009375 0.01796875
8 0.225 0.41171875 0.0125 0.0109375