2 0.1234375 0.578125 0.246875 0.5125
10 0.24375 0.37265625 0.21875 0.31953125
2 0.36953125 0.41796875 0.0390625 0.0984375
2 0.3890625 0.39453125 0.02421875 0.04609375
2 0.40390625 0.38828125 0.01875 0.034375
2 0.45390625 0.3859375 0.0796875 0.040625
2 0.5078125 0.40078125 0.0328125 0.03359375
2 0.5390625 0.42109375 0.04140625 0.071875
2 0.5875 0.43515625 0.0875 0.1390625
2 0.72578125 0.48046875 0.24609375 0.265625
2 0.45625 0.515625 0.2171875 0.378125
8 0.4875 0.3359375 0.00859375 0.0125
8 0.48828125 0.346875 0.00546875 0.0109375
8 0.48828125 0.359375 0.00859375 0.009375
8 0.478125 0.30546875 0.01953125 0.0125