7 0.7328125 0.05390625 0.01796875 0.078125
7 0.715625 0.06484375 0.01328125 0.06796875
7 0.753125 0.0375 0.01328125 0.06640625
7 0.26953125 0.396875 0.00703125 0.0125
8 0.1796875 0.37109375 0.02109375 0.0375
8 0.071875 0.37421875 0.015625 0.00859375
8 0.440625 0.365625 0.0140625 0.0109375
8 0.43203125 0.35390625 0.0109375 0.009375
2 0.03125 0.46796875 0.0625 0.0671875
2 0.06953125 0.465625 0.034375 0.05390625
2 0.09375 0.46015625 0.034375 0.046875
2 0.15859375 0.446875 0.034375 0.0484375
2 0.2203125 0.44609375 0.02890625 0.0375
2 0.1796875 0.44765625 0.00703125 0.0234375
2 0.190625 0.44765625 0.00859375 0.0265625
2 0.19765625 0.446875 0.01015625 0.01953125
2 0.56875 0.42578125 0.03515625 0.0375
2 0.5953125 0.421875 0.01640625 0.0265625
2 0.60859375 0.41796875 0.01640625 0.028125
2 0.6328125 0.4140625 0.03125 0.03359375
2 0.746875 0.4203125 0.01640625 0.05546875
2 0.6890625 0.41484375 0.03203125 0.025
2 0.7140625 0.40859375 0.0140625 0.0125
2 0.73984375 0.40625 0.021875 0.01640625
7 0.00625 0.0921875 0.0125 0.046875
7 0.01875 0.109375 0.01640625 0.0765625