8 0.5265625 0.3765625 0.0140625 0.03203125
8 0.34453125 0.375 0.015625 0.03359375
2 0.4265625 0.428125 0.02421875 0.02890625
2 0.403125 0.425 0.025 0.040625
2 0.384375 0.428125 0.0265625 0.0515625
2 0.3671875 0.43125 0.0203125 0.053125
2 0.3421875 0.434375 0.046875 0.071875
2 0.30234375 0.45546875 0.06171875 0.096875
2 0.50078125 0.403125 0.02265625 0.02109375
2 0.51796875 0.43359375 0.05 0.078125
2 0.5390625 0.44609375 0.05234375 0.078125
2 0.7109375 0.51328125 0.2015625 0.1984375
2 0.20625 0.49296875 0.140625 0.153125
2 0.475 0.434375 0.065625 0.0875
2 0.5640625 0.45390625 0.08125 0.09609375
2 0.0609375 0.5546875 0.1203125 0.26640625
2 0.83984375 0.6640625 0.3171875 0.46796875