7 0.6625 0.42109375 0.0109375 0.03203125
7 0.6421875 0.47421875 0.009375 0.0140625
8 0.29609375 0.4015625 0.0328125 0.05703125
8 0.69765625 0.471875 0.0109375 0.01640625
8 0.8640625 0.45234375 0.02421875 0.01953125
5 0.2515625 0.5359375 0.01484375 0.09609375
5 0.24140625 0.5421875 0.01015625 0.1015625
5 0.2203125 0.528125 0.021875 0.096875
5 0.271875 0.546875 0.01796875 0.1140625
5 0.9625 0.6015625 0.03203125 0.12890625
2 0.6375 0.54765625 0.02890625 0.06953125
2 0.6453125 0.55703125 0.025 0.06953125
2 0.6890625 0.56484375 0.0859375 0.128125
2 0.609375 0.56484375 0.046875 0.115625
2 0.9015625 0.56875 0.07578125 0.07109375
2 0.9546875 0.6015625 0.090625 0.103125
2 0.9875 0.68046875 0.02421875 0.128125
2 0.13359375 0.684375 0.265625 0.4640625
2 0.4484375 0.625 0.31953125 0.51796875
2 0.80625 0.6125 0.2125 0.20546875
8 0.728125 0.43828125 0.0171875 0.0234375
8 0.6625 0.4609375 0.0328125 0.01640625