7 0.4171875 0.47734375 0.0078125 0.02109375
7 0.4625 0.459375 0.009375 0.0234375
7 0.45 0.475 0.0078125 0.02109375
8 0.4375 0.45703125 0.00546875 0.02109375
8 0.5765625 0.4046875 0.01171875 0.0484375
2 0.45234375 0.50546875 0.01328125 0.0484375
2 0.378125 0.49453125 0.01484375 0.021875
2 0.3671875 0.49609375 0.01640625 0.0265625
2 0.396875 0.48984375 0.02421875 0.03203125
2 0.43125 0.503125 0.03671875 0.04453125
2 0.4828125 0.521875 0.065625 0.09609375
2 0.20859375 0.5921875 0.253125 0.25
2 0.353125 0.49921875 0.02265625 0.0265625
2 0.0859375 0.55625 0.17109375 0.1734375