7 0.3359375 0.340625 0.01484375 0.03359375
7 0.4046875 0.353125 0.009375 0.0265625
7 0.50625 0.29296875 0.015625 0.02109375
7 0.6171875 0.26484375 0.00859375 0.03359375
7 0.54140625 0.34375 0.00703125 0.01953125
7 0.575 0.3421875 0.00859375 0.0140625
2 0.246875 0.4203125 0.075 0.0515625
2 0.28125 0.4171875 0.04296875 0.04140625
2 0.54453125 0.40390625 0.06328125 0.090625
2 0.6765625 0.390625 0.109375 0.178125
2 0.5734375 0.390625 0.03046875 0.053125
2 0.625 0.390625 0.0140625 0.021875
2 0.5078125 0.3984375 0.0140625 0.0359375
2 0.48984375 0.39921875 0.03125 0.034375
8 0.43671875 0.36875 0.0140625 0.02890625
8 0.47265625 0.37578125 0.0109375 0.01953125
8 0.65 0.265625 0.01640625 0.028125
8 0.6046875 0.3171875 0.03125 0.021875
10 0.5984375 0.371875 0.034375 0.06640625
8 0.99140625 0.09296875 0.015625 0.05859375
5 0.1390625 0.44375 0.02265625 0.0890625