8 0.57421875 0.34140625 0.01171875 0.02109375
8 0.575 0.3640625 0.015625 0.02109375
8 0.4109375 0.35546875 0.0109375 0.01640625
7 0.4703125 0.340625 0.00546875 0.01953125
7 0.45078125 0.353125 0.00703125 0.01953125
2 0.3921875 0.39375 0.06328125 0.078125
2 0.28984375 0.3703125 0.053125 0.06796875
2 0.2359375 0.37890625 0.05234375 0.04609375
2 0.3453125 0.371875 0.03125 0.04296875
2 0.325 0.38125 0.01328125 0.02109375
2 0.49375 0.3703125 0.021875 0.04296875
2 0.4640625 0.3734375 0.01796875 0.03203125