7 0.2171875 0.45546875 0.015625 0.03203125
7 0.1859375 0.45078125 0.02265625 0.0375
7 0.8921875 0.51875 0.0265625 0.04453125
7 0.8625 0.52578125 0.0109375 0.0234375
7 0.278125 0.22265625 0.01796875 0.1
7 0.26640625 0.23203125 0.0140625 0.09140625
5 0.0328125 0.60546875 0.0265625 0.1109375
8 0.209375 0.39765625 0.040625 0.028125
8 0.1828125 0.34765625 0.0375 0.021875
8 0.18125 0.36640625 0.0421875 0.01953125
8 0.31640625 0.4921875 0.01796875 0.021875
8 0.86796875 0.4734375 0.025 0.02890625
2 0.47890625 0.5984375 0.01796875 0.0265625
8 0.475 0.56171875 0.0140625 0.0125
2 0.4625 0.5953125 0.0109375 0.01953125
2 0.45390625 0.596875 0.01015625 0.01953125
2 0.4453125 0.5953125 0.0125 0.025
2 0.434375 0.6 0.01953125 0.034375
2 0.4265625 0.609375 0.01953125 0.040625
2 0.41171875 0.6046875 0.0234375 0.065625
2 0.3984375 0.6125 0.03671875 0.06953125
2 0.35234375 0.628125 0.08984375 0.11640625
2 0.496875 0.60390625 0.01015625 0.02890625
2 0.4984375 0.59765625 0.01796875 0.03203125
2 0.50703125 0.603125 0.02109375 0.0375
2 0.528125 0.61015625 0.0375 0.0515625
2 0.578125 0.63671875 0.06796875 0.0890625
2 0.609375 0.66875 0.08203125 0.10546875
5 0.0546875 0.603125 0.0234375 0.1109375
2 0.86484375 0.7765625 0.2703125 0.32109375