2 0.53046875 0.50546875 0.0515625 0.09140625
2 0.5953125 0.50390625 0.034375 0.05
2 0.7234375 0.54921875 0.10078125 0.10859375
2 0.56484375 0.496875 0.01171875 0.02890625
2 0.575 0.503125 0.01328125 0.03359375
2 0.41875 0.5 0.02890625 0.028125
2 0.3859375 0.49921875 0.03984375 0.05859375
2 0.34375 0.49765625 0.04296875 0.10859375
2 0.2859375 0.5015625 0.07265625 0.1234375
2 0.196875 0.515625 0.13515625 0.1484375
2 0.0375 0.540625 0.07421875 0.1875
8 0.06953125 0.33515625 0.03046875 0.01796875
8 0.61171875 0.40234375 0.02890625 0.01640625
7 0.590625 0.396875 0.00859375 0.02109375
7 0.46484375 0.384375 0.0125 0.02109375
7 0.4921875 0.4453125 0.009375 0.01640625
7 0.5171875 0.45234375 0.00703125 0.015625
7 0.5296875 0.4515625 0.00703125 0.01640625
8 0.6234375 0.440625 0.0171875 0.021875