7 0.39375 0.303125 0.01796875 0.08046875
7 0.378125 0.29609375 0.0171875 0.0625
7 0.41015625 0.29921875 0.01328125 0.065625
5 0.8828125 0.6609375 0.01875 0.103125
5 0.8640625 0.65078125 0.015625 0.090625
5 0.67265625 0.62421875 0.01875 0.06953125
5 0.6546875 0.61171875 0.01171875 0.0765625
5 0.68515625 0.628125 0.028125 0.071875
5 0.38203125 0.58828125 0.02109375 0.078125
5 0.33125 0.58203125 0.0171875 0.03046875
5 0.1875 0.55 0.0078125 0.0265625
2 0.2203125 0.58359375 0.0640625 0.0625
2 0.04375 0.5734375 0.08671875 0.128125
2 0.984375 0.784375 0.03125 0.1515625
8 0.28046875 0.39375 0.02578125 0.01953125