2 0.3609375 0.334375 0.028125 0.05
7 0.54296875 0.18203125 0.02109375 0.075
2 0.2015625 0.653125 0.10703125 0.128125
2 0.4796875 0.69375 0.19140625 0.2859375
2 0.86484375 0.61484375 0.0515625 0.06796875
2 0.91953125 0.621875 0.04609375 0.05546875
2 0.9734375 0.61015625 0.0515625 0.08203125
2 0.8109375 0.615625 0.05390625 0.05859375
2 0.76328125 0.6078125 0.05859375 0.0609375
2 0.63359375 0.5984375 0.0328125 0.04296875
2 0.69375 0.60703125 0.07109375 0.04609375
2 0.0765625 0.67578125 0.1359375 0.140625
8 0.50625 0.5203125 0.01484375 0.01640625
8 0.1265625 0.5765625 0.01328125 0.0265625
2 0.5953125 0.58515625 0.07109375 0.04453125
7 0.6609375 0.496875 0.01640625 0.02890625
7 0.43515625 0.54375 0.01328125 0.01640625
2 0.28125 0.6078125 0.03125 0.040625
8 0.5078125 0.5421875 0.0109375 0.02890625
8 0.06875 0.109375 0.13671875 0.21640625