8 0.53125 0.42890625 0.01875 0.0140625
8 0.5609375 0.43046875 0.01328125 0.02109375
2 0.5984375 0.5109375 0.03203125 0.065625
2 0.62578125 0.5265625 0.040625 0.09140625
2 0.65390625 0.521875 0.04765625 0.1234375
10 0.7890625 0.51953125 0.2453125 0.265625
2 0.528125 0.52421875 0.1015625 0.17109375
2 0.45625 0.503125 0.0328125 0.0484375
2 0.4 0.503125 0.03828125 0.05390625
2 0.34765625 0.51953125 0.05703125 0.078125
2 0.1921875 0.54296875 0.14140625 0.1765625
2 0.05 0.5546875 0.09921875 0.14296875
2 0.91328125 0.61953125 0.17265625 0.31953125