7 0.546875 0.365625 0.0109375 0.01796875
7 0.6546875 0.3671875 0.015625 0.021875
8 0.0609375 0.19375 0.03359375 0.04296875
8 0.86015625 0.30078125 0.02734375 0.034375
5 0.22734375 0.42578125 0.01640625 0.0859375
5 0.30390625 0.45078125 0.0109375 0.05546875
5 0.33125 0.44453125 0.0109375 0.05
5 0.29375 0.44375 0.015625 0.06796875
5 0.2359375 0.453125 0.0140625 0.084375
5 0.21015625 0.44609375 0.02421875 0.10546875
2 0.534375 0.45703125 0.01328125 0.015625
2 0.515625 0.453125 0.0109375 0.01796875
2 0.565625 0.45703125 0.00703125 0.015625
2 0.5875 0.4609375 0.0109375 0.01640625
2 0.5984375 0.45625 0.0109375 0.01796875
2 0.63125 0.4640625 0.04921875 0.0484375
2 0.675 0.4703125 0.03984375 0.05
2 0.50078125 0.4515625 0.01953125 0.025
2 0.55546875 0.453125 0.01484375 0.01796875
2 0.57578125 0.45546875 0.01328125 0.0234375
2 0.72109375 0.484375 0.06875 0.078125
2 0.7625 0.4921875 0.0171875 0.046875
2 0.81796875 0.484375 0.090625 0.09296875
2 0.87421875 0.5109375 0.09453125 0.0875
2 0.4375 0.46015625 0.03828125 0.0484375
5 0.9484375 0.50625 0.01328125 0.084375
2 0.5234375 0.453125 0.00859375 0.01796875
5 0.396875 0.43984375 0.0078125 0.0265625
5 0.403125 0.44296875 0.00703125 0.034375
5 0.378125 0.43671875 0.0078125 0.028125
7 0.528125 0.409375 0.00859375 0.0140625
7 0.5890625 0.415625 0.009375 0.01640625