8 0.39609375 0.36640625 0.015625 0.034375
8 0.1421875 0.3328125 0.02265625 0.03359375
0 0.75 0.5171875 0.09375 0.096875
3 0.93125 0.53203125 0.10859375 0.134375
2 0.2484375 0.43828125 0.01328125 0.021875
2 0.23984375 0.446875 0.01484375 0.0265625
2 0.225 0.44921875 0.01015625 0.0359375
2 0.2140625 0.44921875 0.01640625 0.0515625
2 0.1578125 0.48359375 0.12734375 0.19140625
2 0.2828125 0.42734375 0.0125 0.02890625
2 0.3125 0.41171875 0.01953125 0.01640625
2 0.3328125 0.4453125 0.01640625 0.034375
2 0.34609375 0.45234375 0.0171875 0.053125
2 0.3765625 0.459375 0.0484375 0.0859375
2 0.3875 0.475 0.04453125 0.08046875
2 0.0390625 0.46171875 0.07734375 0.0734375
2 0.0609375 0.6265625 0.11875 0.3640625
2 0.303125 0.44140625 0.0328125 0.0515625
2 0.4296875 0.496875 0.1046875 0.12109375
5 0.06875 0.4421875 0.0234375 0.0390625