2 0.46640625 0.4234375 0.009375 0.0140625
2 0.459375 0.42109375 0.00703125 0.01953125
2 0.453125 0.4234375 0.01328125 0.025
2 0.4421875 0.4265625 0.01328125 0.03046875
2 0.42265625 0.43046875 0.0328125 0.05
2 0.396875 0.4359375 0.02421875 0.05703125
2 0.3546875 0.43828125 0.07578125 0.125
2 0.25390625 0.46875 0.171875 0.17890625
2 0.5 0.42265625 0.0140625 0.01640625
2 0.51171875 0.42734375 0.01484375 0.02109375
2 0.52265625 0.43671875 0.01484375 0.0265625
2 0.540625 0.44140625 0.025 0.03203125
2 0.565625 0.4515625 0.03984375 0.065625
2 0.5796875 0.46640625 0.0546875 0.075
2 0.63125 0.4953125 0.0921875 0.15703125
2 0.821875 0.53828125 0.346875 0.3609375