7 0.44765625 0.3859375 0.01015625 0.03046875
7 0.3890625 0.40234375 0.009375 0.02890625
8 0.49765625 0.36875 0.01015625 0.02109375
8 0.4984375 0.3984375 0.009375 0.01796875
8 0.328125 0.428125 0.01015625 0.01640625
8 0.346875 0.42578125 0.0078125 0.01796875
8 0.3484375 0.44765625 0.0078125 0.01796875
2 0.4046875 0.403125 0.02109375 0.0265625
2 0.42734375 0.41171875 0.01640625 0.03359375
2 0.546875 0.4296875 0.01953125 0.021875
2 0.52265625 0.4328125 0.0234375 0.02890625
2 0.48125 0.440625 0.0234375 0.03046875