7 0.33046875 0.575 0.009375 0.01640625
7 0.4265625 0.584375 0.0109375 0.015625
2 0.38125 0.6140625 0.0125 0.025
2 0.39140625 0.61484375 0.015625 0.02890625
2 0.265625 0.63046875 0.05625 0.071875
2 0.615625 0.659375 0.06484375 0.065625
2 0.35625 0.62265625 0.0421875 0.0625
2 0.409375 0.6203125 0.03359375 0.04453125
2 0.47578125 0.63671875 0.09453125 0.14453125
2 0.54765625 0.640625 0.046875 0.0515625
2 0.6875 0.671875 0.1125 0.096875
0 0.20859375 0.67578125 0.01953125 0.05390625
0 0.190625 0.67578125 0.03671875 0.06640625
0 0.15625 0.671875 0.0421875 0.125
0 0.140625 0.675 0.05859375 0.128125
0 0.11953125 0.68671875 0.04765625 0.1484375
0 0.08125 0.703125 0.05390625 0.15703125
0 0.025 0.7421875 0.05 0.165625