8 0.5125 0.3171875 0.009375 0.0234375
7 0.4484375 0.32890625 0.00625 0.025
7 0.403125 0.3171875 0.009375 0.015625
2 0.4296875 0.36328125 0.0203125 0.025
2 0.409375 0.36328125 0.01640625 0.01640625
2 0.40078125 0.36953125 0.01796875 0.02890625
2 0.3890625 0.3765625 0.0265625 0.034375
2 0.365625 0.3828125 0.03984375 0.046875
2 0.315625 0.3984375 0.06328125 0.1
2 0.29609375 0.4125 0.0578125 0.1234375
2 0.203125 0.421875 0.184375 0.21953125
3 0.1125 0.47109375 0.22421875 0.228125
2 0.04375 0.57265625 0.0875 0.2671875
2 0.453125 0.3625 0.015625 0.01953125
2 0.465625 0.36953125 0.01953125 0.02109375
2 0.48203125 0.371875 0.01953125 0.025
2 0.49921875 0.3765625 0.025 0.034375
2 0.5125 0.3921875 0.0296875 0.05703125
2 0.5453125 0.39296875 0.05 0.0765625
2 0.5890625 0.41328125 0.0671875 0.09609375
2 0.646875 0.4265625 0.11875 0.14296875
2 0.77109375 0.484375 0.2375 0.228125
8 0.6484375 0.2515625 0.0171875 0.05859375