2 0.4390625 0.415625 0.06953125 0.09609375
2 0.35078125 0.40078125 0.05546875 0.08203125
2 0.3890625 0.39296875 0.02890625 0.05703125
2 0.31875 0.3890625 0.025 0.0484375
2 0.284375 0.390625 0.03828125 0.05390625
2 0.16796875 0.440625 0.24453125 0.25
7 0.3734375 0.33359375 0.00703125 0.015625
7 0.403125 0.35078125 0.0078125 0.01953125
7 0.44453125 0.353125 0.0078125 0.009375
8 0.4375 0.328125 0.02890625 0.015625
8 0.56875 0.28359375 0.02109375 0.0140625
7 0.575 0.32734375 0.01875 0.040625
7 0.6328125 0.284375 0.0109375 0.040625
8 0.68828125 0.29453125 0.03203125 0.05703125
8 0.7625 0.2875 0.04765625 0.04140625
2 0.05546875 0.39609375 0.03671875 0.09609375
7 0.440625 0.328125 0.0046875 0.01640625
2 0.978125 0.41171875 0.04140625 0.0734375