7 0.575 0.35390625 0.00546875 0.01796875
7 0.5109375 0.3625 0.00546875 0.0140625
7 0.38125 0.240625 0.00859375 0.02890625
7 0.60234375 0.24609375 0.0078125 0.021875
7 0.7546875 0.3421875 0.01015625 0.015625
7 0.746875 0.3421875 0.0046875 0.015625
7 0.175 0.209375 0.01640625 0.0515625
7 0.0046875 0.33984375 0.009375 0.0296875
7 0.265625 0.378125 0.009375 0.015625
8 0.03828125 0.28671875 0.02265625 0.028125
8 0.28125 0.3453125 0.0203125 0.0125
8 0.6375 0.33046875 0.01171875 0.01640625
8 0.6375 0.353125 0.00703125 0.0234375
8 0.7390625 0.18515625 0.021875 0.0359375
8 0.740625 0.309375 0.021875 0.0125
8 0.93359375 0.05 0.046875 0.075
8 0.96328125 0.103125 0.03359375 0.025
2 0.59375 0.41640625 0.0140625 0.025
2 0.61171875 0.41796875 0.02265625 0.0359375
2 0.4890625 0.421875 0.01015625 0.025
2 0.39453125 0.440625 0.03671875 0.053125
2 0.47578125 0.425 0.0140625 0.021875
2 0.625 0.421875 0.02578125 0.03203125
2 0.5375 0.43828125 0.10078125 0.19609375
2 0.4359375 0.434375 0.04140625 0.05390625
2 0.3640625 0.44375 0.04609375 0.059375
2 0.7390625 0.4546875 0.11640625 0.153125
2 0.1109375 0.4953125 0.221875 0.2625
5 0.23203125 0.44375 0.01015625 0.065625
5 0.24140625 0.44375 0.00859375 0.06796875
5 0.25 0.44375 0.00859375 0.06796875
5 0.225 0.440625 0.0046875 0.0625
5 0.80390625 0.4125 0.01328125 0.06953125
5 0.81796875 0.415625 0.0125 0.059375
5 0.6609375 0.4171875 0.0078125 0.04609375
8 0.9890625 0.27578125 0.0203125 0.03359375
8 0.984375 0.1625 0.03046875 0.059375
8 0.98515625 0.103125 0.02890625 0.05390625