8 0.175 0.240625 0.03984375 0.01953125
8 0.61796875 0.24609375 0.03125 0.0140625
8 0.93125 0.1046875 0.0359375 0.10546875
8 0.6703125 0.275 0.01171875 0.0125
8 0.665625 0.2875 0.0171875 0.0140625
7 0.21875 0.240625 0.0109375 0.02890625
7 0.43359375 0.2515625 0.0078125 0.03046875
7 0.57890625 0.2421875 0.0078125 0.03046875
7 0.6734375 0.315625 0.00859375 0.01640625
7 0.21796875 0.33203125 0.00859375 0.01953125
2 0.0203125 0.415625 0.040625 0.0765625
2 0.078125 0.403125 0.090625 0.0765625
2 0.14609375 0.3921875 0.05234375 0.07109375
2 0.1765625 0.38125 0.0328125 0.06953125
2 0.27265625 0.378125 0.0390625 0.04453125
2 0.2953125 0.371875 0.0234375 0.04453125
2 0.31875 0.37109375 0.02265625 0.034375
2 0.340625 0.36796875 0.01875 0.03359375
2 0.3625 0.3640625 0.02265625 0.028125
2 0.3828125 0.3640625 0.0203125 0.028125
2 0.5015625 0.38984375 0.0703125 0.10390625
2 0.57890625 0.375 0.05859375 0.0859375
2 0.915625 0.421875 0.16484375 0.1515625
2 0.803125 0.38984375 0.1234375 0.11796875
2 0.7296875 0.38125 0.07421875 0.1
2 0.68203125 0.3796875 0.059375 0.06953125
2 0.615625 0.3640625 0.01875 0.04140625
2 0.5484375 0.353125 0.02109375 0.03359375
2 0.440625 0.35390625 0.01953125 0.01953125
2 0.4578125 0.3484375 0.009375 0.0234375
7 0.46875 0.3 0.0078125 0.02890625
7 0.0921875 0.32265625 0.01796875 0.0234375