8 0.684375 0.2828125 0.01875 0.028125
8 0.521875 0.41171875 0.01171875 0.025
8 0.48515625 0.41171875 0.00859375 0.0125
7 0.421875 0.40078125 0.00859375 0.015625
7 0.4421875 0.4 0.009375 0.01640625
2 0.3703125 0.4515625 0.03359375 0.04453125
2 0.2875 0.48203125 0.0578125 0.06953125
2 0.5203125 0.45703125 0.0265625 0.053125
2 0.546875 0.46640625 0.03515625 0.08359375
2 0.5796875 0.475 0.0515625 0.12109375
2 0.0609375 0.45703125 0.121875 0.109375
2 0.0328125 0.5640625 0.06484375 0.14453125
2 0.2 0.484375 0.128125 0.14453125
2 0.64375 0.484375 0.13125 0.15859375
2 0.87734375 0.61796875 0.24375 0.36796875
8 0.084375 0.2515625 0.0203125 0.0265625
8 0.0859375 0.278125 0.01796875 0.028125
2 0.5046875 0.4515625 0.01640625 0.04453125
2 0.31328125 0.46953125 0.0328125 0.08046875
2 0.340625 0.4640625 0.03671875 0.0625