8 0.5609375 0.3796875 0.01953125 0.0359375
8 0.559375 0.390625 0.0125 0.0125
8 0.51328125 0.396875 0.01171875 0.02109375
8 0.5609375 0.40390625 0.0140625 0.0125
2 0.44765625 0.41484375 0.01171875 0.02109375
2 0.4390625 0.41875 0.009375 0.03203125
2 0.35546875 0.459375 0.06953125 0.09296875
2 0.4875 0.4203125 0.0140625 0.021875
2 0.503125 0.42578125 0.0203125 0.03203125
2 0.53359375 0.43515625 0.04375 0.0515625
2 0.471875 0.4296875 0.0375 0.0484375
2 0.415625 0.434375 0.0296875 0.040625
2 0.609375 0.44921875 0.11171875 0.15703125
2 0.2171875 0.51015625 0.23125 0.265625
2 0.428125 0.421875 0.02109375 0.04140625