2 0.6390625 0.36328125 0.01484375 0.025
2 0.0796875 0.371875 0.15078125 0.06796875
2 0.3421875 0.36640625 0.02890625 0.02890625
2 0.3921875 0.403125 0.10234375 0.10390625
2 0.4703125 0.365625 0.02109375 0.0265625
2 0.53125 0.36328125 0.01875 0.02109375
2 0.5546875 0.371875 0.02890625 0.046875
2 0.61640625 0.36875 0.0125 0.01640625
8 0.6859375 0.275 0.07890625 0.09296875
8 0.6234375 0.32265625 0.01171875 0.0140625
8 0.6390625 0.325 0.0171875 0.01796875
8 0.565625 0.33125 0.03828125 0.009375
8 0.58203125 0.31640625 0.03046875 0.01796875