8 0.153125 0.4515625 0.01796875 0.0109375
8 0.09296875 0.44609375 0.02265625 0.03359375
8 0.578125 0.2109375 0.0328125 0.05
8 0.5796875 0.25234375 0.015625 0.028125
8 0.6 0.31796875 0.01171875 0.02890625
8 0.60859375 0.359375 0.01328125 0.04296875
8 0.59375 0.3546875 0.009375 0.0265625
2 0.41328125 0.484375 0.0140625 0.01796875
2 0.425 0.48515625 0.00859375 0.01796875
2 0.43125 0.48515625 0.0078125 0.01796875
2 0.440625 0.4859375 0.01015625 0.01953125
2 0.453125 0.48515625 0.01171875 0.02109375
2 0.4671875 0.49140625 0.0140625 0.03046875
2 0.4890625 0.48671875 0.02734375 0.0515625
2 0.30625 0.50703125 0.03984375 0.040625
2 0.2734375 0.5140625 0.0359375 0.046875
2 0.2296875 0.51953125 0.04765625 0.05546875
2 0.51953125 0.50703125 0.06796875 0.08359375