8 0.77578125 0.36328125 0.025 0.0265625
7 0.15390625 0.090625 0.01953125 0.090625
7 0.128125 0.09140625 0.0265625 0.09296875
7 0.81640625 0.3875 0.02265625 0.03359375
7 0.790625 0.39140625 0.0203125 0.028125
2 0.9265625 0.559375 0.146875 0.1265625
2 0.5328125 0.5140625 0.06953125 0.0890625
2 0.26953125 0.5234375 0.09609375 0.09296875
2 0.4953125 0.51328125 0.02734375 0.0625
2 0.4765625 0.51015625 0.0109375 0.040625
2 0.4625 0.5046875 0.01484375 0.021875
7 0.7546875 0.015625 0.03125 0.03046875
7 0.7890625 0.01484375 0.02890625 0.0265625
2 0.36015625 0.496875 0.0265625 0.04296875