2 0.0859375 0.52109375 0.171875 0.4609375
2 0.96484375 0.39609375 0.06796875 0.1
2 0.409375 0.3796875 0.0859375 0.14609375
2 0.70546875 0.4203125 0.3140625 0.19140625
8 0.309375 0.27578125 0.02734375 0.0484375
8 0.59375 0.271875 0.02578125 0.05546875
8 0.6375 0.17109375 0.02734375 0.03359375
8 0.66796875 0.140625 0.05859375 0.03203125
7 0.66171875 0.26328125 0.01640625 0.03359375
7 0.6453125 0.26640625 0.0109375 0.0359375
8 0.0875 0.18203125 0.034375 0.021875
7 0.25546875 0.26640625 0.01484375 0.04140625
8 0.496875 0.32421875 0.0125 0.01953125
7 0.5375 0.02890625 0.01484375 0.05546875
7 0.52265625 0.03828125 0.01328125 0.0390625
2 0.3453125 0.38671875 0.0421875 0.078125
2 0.521875 0.3765625 0.03984375 0.0515625
2 0.4984375 0.3734375 0.021875 0.04140625
2 0.4875 0.36640625 0.021875 0.0359375
2 0.475 0.34453125 0.0234375 0.0359375