2 0.38515625 0.596875 0.0140625 0.02890625
2 0.371875 0.603125 0.021875 0.0390625
2 0.353125 0.61015625 0.025 0.05703125
2 0.3421875 0.62265625 0.021875 0.065625
2 0.315625 0.6265625 0.03984375 0.0765625
2 0.425 0.59765625 0.0140625 0.03203125
2 0.4359375 0.60078125 0.021875 0.04296875
2 0.4578125 0.60703125 0.02734375 0.071875
2 0.4921875 0.62265625 0.0515625 0.1125
2 0.2328125 0.65390625 0.14140625 0.1609375
2 0.5328125 0.64453125 0.11171875 0.1375
2 0.0578125 0.703125 0.115625 0.3765625
2 0.82265625 0.77890625 0.353125 0.4375