10 0.95703125 0.61015625 0.08203125 0.178125
2 0.875 0.640625 0.0765625 0.05390625
7 0.8703125 0.55546875 0.021875 0.028125
2 0.78046875 0.6265625 0.0234375 0.028125
2 0.7359375 0.61953125 0.0328125 0.04296875
2 0.7078125 0.6140625 0.02421875 0.0234375
2 0.6109375 0.6125 0.0375 0.03046875
7 0.696875 0.49609375 0.01328125 0.040625
7 0.60390625 0.51328125 0.01171875 0.040625
7 0.49140625 0.4890625 0.01328125 0.03359375
7 0.39765625 0.5078125 0.01171875 0.025
2 0.5609375 0.6125 0.03984375 0.07109375
10 0.525 0.596875 0.04296875 0.0765625
2 0.4875 0.60859375 0.0375 0.05546875
8 0.77109375 0.53984375 0.01875 0.015625
2 0.446875 0.603125 0.02734375 0.040625
2 0.41875 0.60703125 0.02265625 0.028125
2 0.334375 0.603125 0.04765625 0.0515625
8 0.25 0.553125 0.02265625 0.04296875
2 0.2765625 0.60078125 0.04765625 0.04609375
2 0.20625 0.61328125 0.0484375 0.040625
2 0.1203125 0.603125 0.1203125 0.09609375