5 0.83671875 0.5359375 0.03046875 0.13359375
5 0.89921875 0.534375 0.03203125 0.15390625
5 0.934375 0.5015625 0.040625 0.109375
5 0.734375 0.53203125 0.02265625 0.1140625
5 0.7578125 0.5171875 0.01484375 0.06796875
5 0.7703125 0.51796875 0.00859375 0.05859375
5 0.70390625 0.5203125 0.015625 0.0765625
5 0.6890625 0.5140625 0.0078125 0.05390625
2 0.534375 0.5890625 0.16484375 0.30859375
2 0.384375 0.51484375 0.04765625 0.0625
2 0.61875 0.53515625 0.06953125 0.10703125
2 0.4734375 0.521875 0.02421875 0.046875
2 0.4171875 0.51875 0.01640625 0.0265625
5 0.275 0.51640625 0.009375 0.05