7 0.65 0.45078125 0.0078125 0.028125
7 0.584375 0.4546875 0.00625 0.0234375
7 0.6421875 0.45625 0.0078125 0.0265625
7 0.6953125 0.4546875 0.0109375 0.0234375
8 0.9140625 0.340625 0.09921875 0.07109375
2 0.6375 0.56328125 0.0609375 0.121875
2 0.665625 0.571875 0.05234375 0.121875
2 0.7890625 0.6046875 0.22421875 0.225
2 0.33984375 0.5328125 0.07265625 0.0375
2 0.278125 0.5703125 0.15 0.11640625
2 0.15 0.55703125 0.209375 0.16640625
2 0.159375 0.65546875 0.12890625 0.14296875
2 0.89921875 0.6640625 0.2 0.2390625
2 0.0578125 0.6390625 0.115625 0.259375
2 0.9578125 0.7359375 0.0828125 0.28203125
2 0.3984375 0.60625 0.1296875 0.15703125
2 0.54921875 0.63359375 0.14140625 0.19140625
8 0.8421875 0.4375 0.02265625 0.02109375