8 0.40546875 0.35703125 0.01484375 0.03046875
8 0.38046875 0.359375 0.02109375 0.021875
8 0.36640625 0.39453125 0.01015625 0.0125
8 0.3234375 0.390625 0.0109375 0.015625
8 0.340625 0.378125 0.0125 0.0109375
8 0.3578125 0.38203125 0.01015625 0.01953125
2 0.3515625 0.409375 0.015625 0.01796875
2 0.315625 0.4140625 0.0171875 0.01796875
2 0.29453125 0.41640625 0.01875 0.015625
2 0.271875 0.42421875 0.01875 0.0125
2 0.253125 0.43125 0.01875 0.01796875
2 0.234375 0.43515625 0.02421875 0.01796875
2 0.0453125 0.4640625 0.07421875 0.0609375
2 0.0515625 0.64921875 0.10234375 0.2015625
2 0.38203125 0.42265625 0.03671875 0.053125
2 0.4078125 0.4046875 0.01484375 0.01796875
2 0.4203125 0.403125 0.0125 0.0125
2 0.4375 0.40625 0.015625 0.0234375
2 0.4640625 0.40703125 0.021875 0.03046875
2 0.48125 0.43125 0.05390625 0.07109375
2 0.69375 0.4328125 0.12890625 0.125