2 0.071875 0.55546875 0.02265625 0.02890625
7 0.5171875 0.425 0.01328125 0.0390625
7 0.45625 0.42109375 0.01796875 0.0390625
8 0.8375 0.41640625 0.01328125 0.03359375
8 0.75625 0.44453125 0.015625 0.025
8 0.55 0.48984375 0.01640625 0.02890625
8 0.9375 0.37890625 0.11953125 0.0765625
8 0.9765625 0.43515625 0.04296875 0.028125
8 0.5984375 0.47578125 0.01171875 0.015625
2 0.5921875 0.53359375 0.03984375 0.028125
2 0.625 0.53046875 0.03828125 0.028125
2 0.6765625 0.51875 0.03359375 0.025
2 0.784375 0.5265625 0.015625 0.0234375
2 0.7125 0.52265625 0.03359375 0.025
2 0.48125 0.53125 0.0265625 0.025
2 0.42265625 0.54296875 0.046875 0.07109375
2 0.3 0.5703125 0.08984375 0.090625