2 0.00625 0.5078125 0.01171875 0.034375
2 0.8390625 0.575 0.32109375 0.371875
2 0.04296875 0.4984375 0.0578125 0.0515625
2 0.090625 0.490625 0.03515625 0.0390625
2 0.1265625 0.4890625 0.0359375 0.034375
2 0.23125 0.47578125 0.02734375 0.021875
2 0.5046875 0.4625 0.0171875 0.04296875
2 0.521875 0.471875 0.025 0.07109375
2 0.54765625 0.4796875 0.04765625 0.1234375
2 0.58125 0.5078125 0.084375 0.19453125
2 0.69375 0.53046875 0.21796875 0.3125
2 0.4953125 0.44375 0.02421875 0.04296875
2 0.3984375 0.45859375 0.028125 0.0390625
8 0.17265625 0.353125 0.02890625 0.053125
8 0.1625 0.39453125 0.02734375 0.01953125
8 0.3796875 0.4046875 0.0109375 0.00859375
8 0.49453125 0.38515625 0.021875 0.01796875
8 0.60078125 0.27890625 0.0265625 0.0609375
7 0.378125 0.3875 0.0109375 0.0234375
7 0.46796875 0.37421875 0.0078125 0.021875
7 0.47109375 0.4140625 0.00546875 0.0125
8 0.4796875 0.41640625 0.01015625 0.009375
8 0.4796875 0.440625 0.00703125 0.0125
2 0.4625 0.45078125 0.0109375 0.01640625
2 0.453125 0.45546875 0.00859375 0.01796875