2 0.38125 0.534375 0.05234375 0.05546875
2 0.4578125 0.54296875 0.06328125 0.09609375
2 0.4984375 0.540625 0.02734375 0.07109375
2 0.534375 0.54609375 0.065625 0.09140625
2 0.325 0.54921875 0.07109375 0.078125
2 0.2546875 0.56640625 0.0515625 0.0734375
2 0.2203125 0.58046875 0.0671875 0.08046875
2 0.1546875 0.58984375 0.08046875 0.11640625
2 0.08359375 0.5859375 0.1203125 0.1359375
2 0.0578125 0.6265625 0.1140625 0.2015625
7 0.384375 0.44296875 0.009375 0.03359375
7 0.45078125 0.453125 0.01171875 0.02890625
8 0.4703125 0.45234375 0.0296875 0.0140625
8 0.5078125 0.4734375 0.0109375 0.01953125