7 0.44921875 0.48046875 0.009375 0.015625
7 0.503125 0.41953125 0.00859375 0.0140625
7 0.59765625 0.421875 0.01015625 0.025
7 0.521875 0.48515625 0.01015625 0.02109375
7 0.3875 0.490625 0.01171875 0.01796875
8 0.378125 0.434375 0.02265625 0.01953125
8 0.378125 0.46640625 0.01640625 0.03203125
8 0.44921875 0.46640625 0.0140625 0.015625
8 0.634375 0.43828125 0.01171875 0.028125
2 0.5765625 0.55703125 0.0390625 0.0765625
2 0.759375 0.553125 0.09375 0.109375
2 0.51171875 0.55703125 0.03359375 0.0640625
2 0.42578125 0.54921875 0.02265625 0.0234375
2 0.0390625 0.58828125 0.078125 0.07890625
7 0.26875 0.5171875 0.0109375 0.015625
8 0.27109375 0.4765625 0.01484375 0.009375
8 0.2453125 0.38046875 0.040625 0.075
2 0.4015625 0.54375 0.02890625 0.03359375
2 0.475 0.55859375 0.04921875 0.0875
2 0.64375 0.5640625 0.12890625 0.196875
2 0.8734375 0.59375 0.21875 0.21953125
7 0.1515625 0.50703125 0.00859375 0.01640625
2 0.096875 0.58046875 0.05 0.07890625