2 0.178125 0.47890625 0.11640625 0.1109375
2 0.34375 0.45859375 0.08359375 0.12109375
2 0.45703125 0.4734375 0.078125 0.1109375
2 0.521875 0.44609375 0.05078125 0.0765625
2 0.396875 0.440625 0.02734375 0.04140625
2 0.2953125 0.465625 0.0171875 0.0484375
7 0.46015625 0.40234375 0.00859375 0.028125
8 0.5875 0.33203125 0.015625 0.02109375
8 0.66875 0.228125 0.03125 0.025
2 0.4171875 0.440625 0.015625 0.028125
2 0.490625 0.440625 0.015625 0.028125
8 0.91875 0.28203125 0.02890625 0.065625
8 0.49453125 0.415625 0.0078125 0.0234375