8 0.49921875 0.4234375 0.01171875 0.03359375
7 0.3828125 0.434375 0.0046875 0.01953125
7 0.4328125 0.43828125 0.0046875 0.01640625
2 0.0890625 0.51328125 0.178125 0.1734375
2 0.2203125 0.484375 0.07734375 0.10390625
2 0.2703125 0.48671875 0.03125 0.071875
2 0.303125 0.47578125 0.03046875 0.05703125
2 0.325 0.471875 0.0171875 0.0640625
2 0.33828125 0.47265625 0.01328125 0.03046875
2 0.35234375 0.46796875 0.01484375 0.028125
2 0.36640625 0.465625 0.01171875 0.03046875
2 0.378125 0.46484375 0.00859375 0.02109375
2 0.7109375 0.5078125 0.18671875 0.175
2 0.9359375 0.61328125 0.12734375 0.2359375
2 0.59375 0.496875 0.05859375 0.109375
2 0.55 0.49609375 0.02265625 0.06953125
2 0.5359375 0.47890625 0.0484375 0.084375
2 0.50390625 0.48515625 0.025 0.0515625
2 0.4859375 0.47578125 0.025 0.04296875
2 0.46875 0.47421875 0.0125 0.03359375
2 0.459375 0.46953125 0.0109375 0.0234375
2 0.45234375 0.46796875 0.009375 0.0234375