2 0.4734375 0.5859375 0.01875 0.028125
2 0.4625 0.59375 0.0265625 0.03359375
2 0.45 0.609375 0.025 0.046875
2 0.4015625 0.61953125 0.0890625 0.121875
2 0.51171875 0.59453125 0.0265625 0.034375
2 0.53125 0.6078125 0.03046875 0.0515625
2 0.571875 0.628125 0.05859375 0.1
2 0.62265625 0.64453125 0.09609375 0.184375
2 0.8046875 0.67890625 0.3484375 0.3859375
2 0.134375 0.6046875 0.065625 0.05546875
2 0.2703125 0.646875 0.2109375 0.2484375
2 0.053125 0.8234375 0.10625 0.34375
2 0.91953125 0.8171875 0.1609375 0.365625