7 0.5078125 0.534375 0.0078125 0.01953125
7 0.471875 0.53046875 0.0078125 0.0265625
8 0.6125 0.54140625 0.0171875 0.0390625
8 0.71640625 0.48671875 0.0140625 0.02109375
8 0.7296875 0.42578125 0.03203125 0.0265625
2 0.3921875 0.61015625 0.04375 0.07109375
2 0.378125 0.63828125 0.034375 0.07109375
2 0.346875 0.64140625 0.06796875 0.0859375
2 0.278125 0.66796875 0.09609375 0.13046875
2 0.1375 0.6828125 0.234375 0.24140625
2 0.0484375 0.76171875 0.09609375 0.20546875
2 0.53125 0.5984375 0.01171875 0.0234375
2 0.5484375 0.60703125 0.02734375 0.04609375
2 0.57265625 0.6203125 0.04140625 0.0640625
2 0.6765625 0.66171875 0.08125 0.1359375
2 0.81015625 0.678125 0.25390625 0.259375
2 0.953125 0.825 0.09375 0.35
2 0.4625 0.653125 0.1171875 0.18046875
8 0.3421875 0.496875 0.0203125 0.01640625