8 0.9 0.403125 0.0515625 0.15
8 0.6078125 0.4671875 0.040625 0.03046875
8 0.62265625 0.42890625 0.02578125 0.02109375
8 0.61953125 0.49765625 0.02109375 0.025
7 0.628125 0.55078125 0.0203125 0.034375
7 0.6015625 0.55390625 0.01875 0.03359375
7 0.0453125 0.265625 0.01640625 0.075
7 0.4578125 0.421875 0.0125 0.04609375
7 0.6015625 0.31015625 0.0078125 0.05546875
7 0.6 0.371875 0.01171875 0.05390625
7 0.35546875 0.575 0.009375 0.01640625
7 0.38046875 0.571875 0.00625 0.01953125
7 0.42109375 0.5953125 0.009375 0.0125
7 0.375 0.5984375 0.00625 0.0109375
7 0.3609375 0.59765625 0.00625 0.0125
5 0.984375 0.7515625 0.028125 0.20859375
5 0.8671875 0.7296875 0.04609375 0.19609375
5 0.9140625 0.73203125 0.0390625 0.1859375
5 0.578125 0.65703125 0.0140625 0.06953125
5 0.55 0.64140625 0.00625 0.04140625
5 0.54375 0.6421875 0.0046875 0.040625
5 0.0109375 0.615625 0.01640625 0.0515625
2 0.490625 0.67578125 0.11953125 0.128125
2 0.33125 0.678125 0.11484375 0.1875
2 0.225 0.646875 0.10546875 0.14609375
2 0.1 0.6265625 0.0765625 0.08359375
5 0.40234375 0.625 0.009375 0.025
2 0.2984375 0.6265625 0.03046875 0.04453125
5 0.640625 0.6625 0.0234375 0.046875
2 0.0625 0.6265625 0.03203125 0.04140625
5 0.3921875 0.6328125 0.0046875 0.015625
8 0.46015625 0.59375 0.009375 0.015625