7 0.38515625 0.396875 0.0109375 0.01640625
7 0.453125 0.3984375 0.0078125 0.01953125
7 0.5171875 0.396875 0.01015625 0.01953125
7 0.421875 0.4390625 0.0078125 0.0140625
5 0.253125 0.5 0.0140625 0.040625
5 0.2421875 0.503125 0.01171875 0.0359375
2 0.396875 0.465625 0.01875 0.0359375
2 0.38125 0.48515625 0.01796875 0.0234375
2 0.4640625 0.4625 0.01484375 0.01953125
2 0.61484375 0.490625 0.06875 0.13203125
2 0.2828125 0.50625 0.04140625 0.04296875
2 0.7078125 0.509375 0.19609375 0.196875
2 0.11484375 0.55625 0.18359375 0.1734375
1 0.328125 0.48125 0.03984375 0.06796875
2 0.01640625 0.58046875 0.0328125 0.125
2 0.49453125 0.465625 0.02265625 0.0265625