2 0.41875 0.35625 0.025 0.040625
2 0.396875 0.359375 0.01953125 0.0375
2 0.3796875 0.3609375 0.01640625 0.034375
2 0.365625 0.3625 0.01796875 0.04140625
2 0.346875 0.3625 0.0265625 0.04140625
2 0.32578125 0.365625 0.01796875 0.046875
2 0.28828125 0.3625 0.05390625 0.0640625
2 0.478125 0.37109375 0.0296875 0.053125
2 0.5078125 0.38125 0.0390625 0.053125
2 0.8640625 0.5546875 0.27109375 0.415625
2 0.2234375 0.390625 0.0375 0.15546875
2 0.2375 0.38671875 0.025 0.16953125
8 0.375 0.29921875 0.01484375 0.0375
8 0.25703125 0.28828125 0.02109375 0.046875
8 0.3921875 0.27890625 0.01171875 0.040625