2 0.7421875 0.3375 0.165625 0.2015625
2 0.6265625 0.35234375 0.08359375 0.11953125
2 0.46875 0.33984375 0.02421875 0.0265625
2 0.021875 0.3765625 0.04375 0.06875
8 0.07578125 0.353125 0.06015625 0.09140625
8 0.2609375 0.21796875 0.04765625 0.07109375
7 0.240625 0.140625 0.01484375 0.04609375
7 0.2734375 0.10390625 0.01875 0.04609375
7 0.475 0.31328125 0.0125 0.021875
2 0.2625 0.32265625 0.0859375 0.06796875
2 0.4203125 0.353125 0.03671875 0.0515625
2 0.4484375 0.3375 0.0140625 0.0359375
2 0.52109375 0.33984375 0.02578125 0.03359375