2 0.54375 0.58125 0.01484375 0.0234375
2 0.53515625 0.584375 0.01171875 0.0265625
2 0.5265625 0.584375 0.0171875 0.034375
2 0.5125 0.5875 0.01875 0.04609375
2 0.49765625 0.584375 0.0265625 0.06953125
2 0.465625 0.596875 0.0671875 0.1015625
2 0.4484375 0.61015625 0.0515625 0.0984375
2 0.42265625 0.621875 0.05234375 0.1015625
2 0.6296875 0.5953125 0.01640625 0.03046875
2 0.61328125 0.5921875 0.015625 0.02890625
2 0.5796875 0.58046875 0.0203125 0.028125
2 0.5625 0.578125 0.0203125 0.03359375
2 0.60390625 0.5890625 0.01171875 0.0265625
2 0.66328125 0.5953125 0.05546875 0.075
2 0.890625 0.653125 0.2125 0.228125
2 0.375 0.64375 0.0953125 0.0984375
8 0.265625 0.3875 0.02578125 0.1125