7 0.43125 0.4109375 0.00546875 0.0265625
7 0.3984375 0.4265625 0.0078125 0.01953125
7 0.1171875 0.378125 0.01328125 0.02109375
7 0.453125 0.37734375 0.00546875 0.03359375
7 0.4953125 0.41484375 0.00390625 0.0234375
7 0.44921875 0.43125 0.00390625 0.0234375
2 0.5140625 0.4484375 0.02109375 0.0265625
2 0.48984375 0.45859375 0.025 0.0484375
2 0.45625 0.45703125 0.01484375 0.028125
2 0.434375 0.459375 0.034375 0.046875
2 0.4 0.459375 0.02734375 0.046875
2 0.3796875 0.45234375 0.01875 0.04140625
2 0.128125 0.534375 0.23984375 0.215625