7 0.6109375 0.23984375 0.02265625 0.0515625
2 0.434375 0.63828125 0.034375 0.0390625
2 0.5046875 0.640625 0.034375 0.0484375
2 0.5421875 0.640625 0.04296875 0.05390625
2 0.5953125 0.64609375 0.05703125 0.084375
2 0.6765625 0.64921875 0.11875 0.128125
2 0.2984375 0.678125 0.09140625 0.096875
2 0.2265625 0.684375 0.03125 0.05859375
2 0.1984375 0.6953125 0.0375 0.0765625
2 0.15625 0.70078125 0.06484375 0.08203125
2 0.0984375 0.7171875 0.071875 0.115625
2 0.03515625 0.7296875 0.0703125 0.140625
2 0.3546875 0.65234375 0.02890625 0.03046875
2 0.37578125 0.64609375 0.0203125 0.0234375
2 0.4 0.63515625 0.034375 0.03359375
7 0.8109375 0.48828125 0.01875 0.04453125
7 0.775 0.49921875 0.01328125 0.028125
7 0.5796875 0.228125 0.02734375 0.0875
7 0.2609375 0.409375 0.0203125 0.0765625
7 0.46796875 0.565625 0.00546875 0.01640625
7 0.3640625 0.571875 0.0078125 0.01796875
2 0.571875 0.646875 0.03828125 0.075