8 0.24375 0.3265625 0.01328125 0.01953125
8 0.2453125 0.346875 0.01171875 0.0234375
8 0.22890625 0.3609375 0.02734375 0.0375
8 0.46015625 0.31796875 0.0234375 0.0265625
8 0.4453125 0.396875 0.01953125 0.0140625
8 0.42265625 0.40234375 0.040625 0.01640625
2 0.0921875 0.390625 0.02265625 0.01640625
2 0.1109375 0.3953125 0.015625 0.0234375
2 0.175 0.35234375 0.01484375 0.01953125
2 0.159375 0.35390625 0.01328125 0.0140625
2 0.1265625 0.35390625 0.01484375 0.01953125
2 0.1109375 0.3609375 0.015625 0.01953125
2 0.08984375 0.36328125 0.015625 0.021875