7 0.1 0.00625 0.015625 0.0109375
7 0.125 0.0078125 0.0171875 0.0140625
7 0.61328125 0.05390625 0.015625 0.07109375
7 0.8125 0.28515625 0.01171875 0.0265625
7 0.8 0.2890625 0.009375 0.0234375
7 0.596875 0.05390625 0.01953125 0.07109375
7 0.0703125 0.33125 0.01171875 0.0234375
7 0.0484375 0.33359375 0.01328125 0.0234375
8 0.04453125 0.11875 0.01953125 0.02109375
8 0.06484375 0.3109375 0.03203125 0.0265625
8 0.78671875 0.25625 0.0328125 0.0234375
8 0.8015625 0.21953125 0.0171875 0.02109375
8 0.6328125 0.321875 0.01484375 0.03359375
7 0.525 0.3078125 0.0109375 0.028125
8 0.5671875 0.33671875 0.01484375 0.0109375
8 0.578125 0.33359375 0.01328125 0.0140625
8 0.58125 0.3234375 0.01171875 0.01953125
2 0.5625 0.37890625 0.01484375 0.034375
2 0.571875 0.38359375 0.0171875 0.034375
2 0.58671875 0.38984375 0.015625 0.04140625
2 0.5984375 0.38828125 0.01953125 0.05390625
2 0.625 0.39140625 0.040625 0.07109375
2 0.6390625 0.3984375 0.0359375 0.05703125
1 0.390625 0.38984375 0.08203125 0.14609375
2 0.190625 0.42734375 0.05703125 0.09453125
2 0.31875 0.4046875 0.0421875 0.06796875
2 0.2515625 0.43203125 0.1171875 0.1265625
2 0.6859375 0.39765625 0.078125 0.1015625
2 0.475 0.459375 0.18046875 0.28046875
5 0.89609375 0.33828125 0.01953125 0.0609375
5 0.14765625 0.42109375 0.02109375 0.09609375
2 0.9265625 0.45625 0.1453125 0.228125