7 0.490625 0.41484375 0.01484375 0.03359375
7 0.6625 0.021875 0.0296875 0.0390625
7 0.56875 0.409375 0.01484375 0.0265625
8 0.65625 0.35703125 0.0171875 0.0390625
8 0.75 0.078125 0.0296875 0.07890625
2 0.709375 0.4875 0.103125 0.12890625
2 0.64921875 0.484375 0.04296875 0.06953125
2 0.621875 0.47890625 0.03203125 0.04140625
2 0.59765625 0.46796875 0.01796875 0.03359375
2 0.55 0.47734375 0.021875 0.0265625
2 0.3421875 0.5109375 0.078125 0.08203125
2 0.4078125 0.50078125 0.04765625 0.065625
2 0.5046875 0.48125 0.04140625 0.04453125
7 0.884375 0.31875 0.0171875 0.04296875
7 0.85390625 0.31953125 0.01171875 0.0390625
2 0.540625 0.440625 0.02421875 0.03046875
0 0.27265625 0.54921875 0.05234375 0.0609375