8 0.7125 0.275 0.0671875 0.1515625
8 0.5375 0.184375 0.04453125 0.0140625
8 0.509375 0.23984375 0.10546875 0.096875
8 0.55625 0.390625 0.01953125 0.028125
8 0.4796875 0.34765625 0.0421875 0.0359375
8 0.44921875 0.34609375 0.01328125 0.0265625
8 0.4203125 0.3484375 0.04375 0.0375
8 0.159375 0.33671875 0.02734375 0.04140625
8 0.53125 0.38671875 0.0328125 0.034375
2 0.290625 0.42578125 0.0234375 0.0265625
2 0.2359375 0.43125 0.03203125 0.040625
2 0.203125 0.434375 0.03828125 0.04296875
2 0.171875 0.43671875 0.03515625 0.0484375
2 0.4359375 0.42421875 0.01640625 0.015625
2 0.42109375 0.42890625 0.015625 0.021875
2 0.403125 0.428125 0.02421875 0.0375
2 0.56484375 0.4265625 0.0359375 0.04140625
2 0.5203125 0.4453125 0.053125 0.07890625
2 0.35 0.47421875 0.12734375 0.13359375
2 0.1359375 0.45 0.071875 0.06953125