7 0.2578125 0.409375 0.009375 0.015625
7 0.21796875 0.41171875 0.009375 0.0125
7 0.265625 0.471875 0.00703125 0.01640625
8 0.1484375 0.29609375 0.01875 0.046875
8 0.5078125 0.3359375 0.05234375 0.059375
8 0.3265625 0.30078125 0.0171875 0.053125
8 0.3296875 0.390625 0.0125 0.0375
8 0.3 0.415625 0.01171875 0.03203125
8 0.29375 0.44140625 0.009375 0.03203125
8 0.378125 0.409375 0.0328125 0.046875
2 0.115625 0.50546875 0.03515625 0.065625
2 0.2734375 0.5125 0.0203125 0.0484375
2 0.1953125 0.559375 0.1625 0.2609375
2 0.303125 0.5140625 0.0484375 0.06796875
2 0.05390625 0.54453125 0.1078125 0.225
8 0.0421875 0.40390625 0.0109375 0.025