2 0.05703125 0.70625 0.11171875 0.18359375
2 0.97890625 0.78046875 0.04140625 0.20703125
2 0.140625 0.66953125 0.11953125 0.18046875
2 0.2203125 0.66953125 0.05078125 0.0875
2 0.2609375 0.65859375 0.04375 0.075
2 0.30234375 0.64921875 0.03984375 0.04296875
2 0.3375 0.65234375 0.0265625 0.053125
2 0.571875 0.6703125 0.04765625 0.075
2 0.6703125 0.684375 0.1140625 0.1265625
2 0.44921875 0.68125 0.20859375 0.3390625
2 0.7984375 0.71015625 0.215625 0.1875
7 0.2296875 0.57109375 0.00625 0.0140625
8 0.8625 0.51796875 0.0203125 0.03046875