10 0.33359375 0.46484375 0.1421875 0.16640625
2 0.6484375 0.47734375 0.0984375 0.11953125
2 0.4578125 0.4453125 0.05 0.06640625
2 0.490625 0.4375 0.02421875 0.040625
2 0.50625 0.428125 0.0140625 0.03046875
2 0.603125 0.45 0.02890625 0.06640625
2 0.790625 0.4515625 0.1109375 0.08203125
2 0.5765625 0.43515625 0.02578125 0.059375
2 0.5546875 0.434375 0.01484375 0.01796875
2 0.5375 0.434375 0.015625 0.01796875
2 0.521875 0.434375 0.01484375 0.021875
8 0.4828125 0.403125 0.009375 0.01796875
8 0.415625 0.371875 0.00703125 0.01953125
8 0.8328125 0.23984375 0.034375 0.0765625