7 0.50390625 0.41328125 0.01484375 0.021875
7 0.525 0.42421875 0.01484375 0.03046875
7 0.5390625 0.45 0.0140625 0.025
2 0.653125 0.496875 0.0203125 0.04453125
2 0.7828125 0.496875 0.034375 0.0484375
2 0.8140625 0.48515625 0.034375 0.0375
2 0.9875 0.50859375 0.02421875 0.0765625
2 0.696875 0.51328125 0.0671875 0.04453125
2 0.715625 0.48671875 0.02421875 0.01796875
2 0.81875 0.515625 0.04453125 0.0390625
2 0.8734375 0.47734375 0.0359375 0.028125
2 0.925 0.478125 0.05078125 0.025
2 0.86875 0.50546875 0.05703125 0.0484375
2 0.9359375 0.509375 0.0765625 0.05546875
2 0.7515625 0.46953125 0.0203125 0.02109375
2 0.46484375 0.478125 0.02421875 0.02109375
2 0.5234375 0.478125 0.0140625 0.01640625
2 0.51015625 0.4796875 0.01171875 0.01796875
2 0.49609375 0.48046875 0.00859375 0.02109375
2 0.4859375 0.478125 0.0125 0.02109375
8 0.6203125 0.415625 0.015625 0.0390625
2 0.9484375 0.55546875 0.10234375 0.09140625
2 0.90546875 0.5703125 0.07421875 0.078125