2 0.4 0.50546875 0.03359375 0.0375
2 0.35234375 0.50859375 0.01875 0.0390625
2 0.33671875 0.509375 0.01875 0.059375
2 0.4859375 0.49375 0.0140625 0.021875
2 0.5 0.49765625 0.0296875 0.04140625
2 0.5375 0.5234375 0.05859375 0.09296875
2 0.665625 0.5328125 0.03046875 0.09609375
2 0.73359375 0.4984375 0.028125 0.03203125
2 0.7703125 0.490625 0.0125 0.01640625
2 0.790625 0.49609375 0.025 0.03046875
2 0.2265625 0.53359375 0.05234375 0.08203125
2 0.3671875 0.515625 0.034375 0.046875
2 0.28359375 0.5234375 0.09765625 0.128125
2 0.44453125 0.565625 0.10234375 0.14609375
2 0.4578125 0.484375 0.04140625 0.015625
2 0.609375 0.55390625 0.11875 0.171875
2 0.09375 0.5921875 0.1875 0.19296875
2 0.878125 0.59921875 0.24296875 0.2265625
2 0.87734375 0.48203125 0.03359375 0.01640625
7 0.84765625 0.4 0.0171875 0.03359375
7 0.81875 0.403125 0.00703125 0.03203125
7 0.471875 0.47265625 0.00625 0.015625
7 0.46484375 0.46875 0.00625 0.01796875
8 0.81875 0.296875 0.01015625 0.0265625
8 0.84921875 0.3125 0.0390625 0.01640625
8 0.828125 0.346875 0.04296875 0.046875
8 0.8046875 0.48203125 0.01484375 0.03046875