8 0.2875 0.5453125 0.0265625 0.0140625
8 0.8859375 0.2984375 0.07421875 0.125
8 0.9015625 0.41640625 0.0421875 0.12109375
8 0.5640625 0.49921875 0.02109375 0.04296875
2 0.51171875 0.62109375 0.02578125 0.0375
2 0.5390625 0.63046875 0.0328125 0.065625
8 0.534375 0.55078125 0.0140625 0.009375
2 0.4734375 0.625 0.0265625 0.03203125
2 0.5859375 0.63671875 0.06875 0.103125
2 0.75390625 0.678125 0.21328125 0.209375
2 0.2765625 0.64609375 0.05703125 0.06953125
7 0.3203125 0.54296875 0.009375 0.028125
7 0.45625 0.5375 0.0078125 0.021875
7 0.47578125 0.5796875 0.0078125 0.01640625
2 0.934375 0.64609375 0.12890625 0.20390625