7 0.17109375 0.121875 0.01796875 0.0640625
7 0.5921875 0.12109375 0.0125 0.053125
7 0.371875 0.303125 0.0140625 0.021875
8 0.04921875 0.296875 0.03125 0.059375
8 0.05 0.38515625 0.03203125 0.021875
8 0.23984375 0.2984375 0.0296875 0.1
8 0.228125 0.36796875 0.01953125 0.03359375
8 0.353125 0.2765625 0.01328125 0.025
8 0.3546875 0.3 0.0125 0.0140625
8 0.4046875 0.27578125 0.01328125 0.0265625
8 0.615625 0.3515625 0.0203125 0.03359375
8 0.72890625 0.184375 0.0390625 0.04453125
8 0.73125 0.2484375 0.0453125 0.05
8 0.73125 0.28984375 0.034375 0.015625
8 0.73359375 0.34296875 0.025 0.05859375
2 0.0421875 0.496875 0.08125 0.12109375
2 0.221875 0.5109375 0.20234375 0.25
2 0.48984375 0.578125 0.353125 0.48203125
2 0.84140625 0.56328125 0.31484375 0.315625
5 0.7140625 0.45390625 0.0234375 0.090625
7 0.1484375 0.12109375 0.01796875 0.06953125