7 0.1421875 0.29296875 0.0140625 0.0390625
2 0.034375 0.440625 0.06875 0.071875
2 0.18671875 0.4296875 0.07890625 0.059375
2 0.2609375 0.4203125 0.0359375 0.04453125
10 0.53984375 0.38828125 0.02265625 0.04453125
2 0.59609375 0.42890625 0.03984375 0.0484375
2 0.5578125 0.4359375 0.0296875 0.05546875
2 0.6328125 0.43828125 0.06484375 0.08046875
2 0.734375 0.465625 0.11953125 0.1109375
8 0.6375 0.3 0.01484375 0.02109375
8 0.640625 0.33984375 0.01640625 0.015625
8 0.6453125 0.35390625 0.0140625 0.0109375
7 0.64765625 0.37890625 0.00859375 0.01640625
7 0.5484375 0.3234375 0.01171875 0.02109375
7 0.446875 0.29140625 0.01328125 0.025
7 0.3734375 0.32109375 0.01171875 0.015625
5 0.971875 0.4421875 0.025 0.09140625
5 0.9453125 0.428125 0.01796875 0.09296875
2 0.44296875 0.5046875 0.23671875 0.353125
8 0.66953125 0.31484375 0.003125 0.00390625