2 0.3609375 0.56328125 0.021875 0.0234375
2 0.33203125 0.5640625 0.01796875 0.02109375
2 0.25 0.571875 0.103125 0.1109375
2 0.1421875 0.58046875 0.03125 0.03203125
2 0.509375 0.553125 0.01640625 0.01953125
2 0.55546875 0.5578125 0.01640625 0.0234375
8 0.53203125 0.4671875 0.015625 0.028125
8 0.65625 0.340625 0.06171875 0.12109375
2 0.4796875 0.55234375 0.0515625 0.0640625
10 0.809375 0.515625 0.05390625 0.065625
8 0.8734375 0.36015625 0.02421875 0.01953125
2 0.9453125 0.54453125 0.10546875 0.178125
7 0.4109375 0.5203125 0.01328125 0.015625