8 0.5953125 0.434375 0.0203125 0.01640625
8 0.446875 0.47109375 0.01328125 0.0234375
7 0.6 0.4546875 0.009375 0.01796875
7 0.58046875 0.446875 0.01015625 0.01640625
2 0.4421875 0.503125 0.025 0.034375
2 0.41875 0.509375 0.0359375 0.034375
2 0.39765625 0.515625 0.028125 0.040625
2 0.2859375 0.540625 0.0484375 0.0765625
2 0.2296875 0.54140625 0.0890625 0.09609375
2 0.3640625 0.52578125 0.04375 0.04609375
2 0.62890625 0.4828125 0.0265625 0.0359375
2 0.684375 0.47890625 0.06484375 0.0734375
2 0.58046875 0.49453125 0.0578125 0.075
2 0.4921875 0.4984375 0.0390625 0.04609375
2 0.53046875 0.4984375 0.034375 0.04609375
2 0.871875 0.509375 0.0578125 0.05703125
2 0.928125 0.509375 0.06015625 0.08046875
2 0.971875 0.52578125 0.05390625 0.2734375
2 0.4671875 0.4984375 0.0203125 0.0359375