8 0.565625 0.2734375 0.06796875 0.025
8 0.7796875 0.353125 0.03671875 0.0765625
8 0.83046875 0.3578125 0.0390625 0.06640625
7 0.65625 0.3390625 0.0203125 0.0390625
2 0.4015625 0.47890625 0.03984375 0.0390625
2 0.33125 0.4859375 0.021875 0.03203125
2 0.8296875 0.446875 0.0703125 0.04453125
2 0.6375 0.4671875 0.0171875 0.040625
2 0.0921875 0.47578125 0.07890625 0.1015625
2 0.3015625 0.496875 0.05625 0.0484375
2 0.4625 0.4765625 0.0546875 0.06953125
2 0.5375 0.48125 0.05390625 0.075
2 0.61640625 0.47421875 0.03984375 0.0609375
2 0.7265625 0.46640625 0.0421875 0.0515625
2 0.17421875 0.47421875 0.0546875 0.059375
2 0.2359375 0.490625 0.03984375 0.046875
7 0.45 0.228125 0.015625 0.05390625