7 0.54921875 0.34375 0.01484375 0.05859375
7 0.53203125 0.346875 0.0171875 0.0609375
7 0.68359375 0.5140625 0.0171875 0.03359375
8 0.6796875 0.46796875 0.01875 0.05390625
8 0.6890625 0.4359375 0.02265625 0.01953125
8 0.49375 0.584375 0.00859375 0.0234375
5 0.109375 0.6984375 0.01875 0.05546875
5 0.14375 0.68125 0.009375 0.034375
5 0.1375 0.6875 0.0109375 0.04140625
2 0.303125 0.6609375 0.03515625 0.0515625
2 0.284375 0.67421875 0.03671875 0.06796875
2 0.2203125 0.665625 0.03984375 0.046875
2 0.434375 0.62734375 0.0078125 0.02109375
2 0.4421875 0.6265625 0.0078125 0.01953125
2 0.45 0.6265625 0.01328125 0.0234375
2 0.459375 0.62734375 0.015625 0.0265625
2 0.471875 0.62734375 0.0109375 0.03046875
2 0.4796875 0.628125 0.015625 0.028125
5 0.38984375 0.6453125 0.01484375 0.0515625
2 0.496875 0.6296875 0.025 0.0265625
5 0.5140625 0.63515625 0.01171875 0.046875
5 0.65625 0.59921875 0.0171875 0.05859375
5 0.615625 0.62734375 0.01484375 0.06796875
2 0.1734375 0.69765625 0.0484375 0.05390625
2 0.240625 0.69765625 0.075 0.0859375
0 0.93125 0.66875 0.0671875 0.121875
2 0.028125 0.75078125 0.05546875 0.103125
2 0.33125 0.646875 0.01484375 0.0234375
2 0.41796875 0.628125 0.01875 0.0234375
2 0.4 0.62734375 0.01484375 0.03046875
5 0.5953125 0.62734375 0.01171875 0.04140625