2 0.46328125 0.4109375 0.05859375 0.0640625
2 0.4421875 0.446875 0.0140625 0.00859375
2 0.5765625 0.403125 0.02421875 0.040625
2 0.3484375 0.43046875 0.02734375 0.040625
2 0.665625 0.459375 0.09765625 0.134375
2 0.59375 0.4125 0.0390625 0.0609375
2 0.50859375 0.46875 0.11328125 0.1625
2 0.825 0.503125 0.29765625 0.3140625
2 0.9734375 0.509375 0.04921875 0.19296875
2 0.70390625 0.38046875 0.046875 0.046875
2 0.5546875 0.4109375 0.01328125 0.04453125
7 0.528125 0.22578125 0.01640625 0.01640625
7 0.6859375 0.228125 0.01640625 0.02109375
7 0.8859375 0.33203125 0.03203125 0.02109375
8 0.4359375 0.27421875 0.03828125 0.01796875