2 0.509375 0.540625 0.0109375 0.0140625
2 0.49140625 0.54375 0.01171875 0.01640625
2 0.496875 0.54296875 0.00859375 0.015625
2 0.4609375 0.5390625 0.01171875 0.01796875
2 0.4265625 0.53671875 0.01484375 0.01796875
2 0.403125 0.54140625 0.02890625 0.03046875
2 0.47734375 0.575 0.0203125 0.028125
2 0.509375 0.590625 0.03515625 0.0609375
2 0.5046875 0.55546875 0.02265625 0.015625
8 0.5609375 0.553125 0.01015625 0.02109375
8 0.55390625 0.5484375 0.00703125 0.01796875
8 0.5265625 0.490625 0.01328125 0.015625