7 0.315625 0.115625 0.01953125 0.0875
7 0.1875 0.2109375 0.02578125 0.03359375
7 0.33359375 0.11640625 0.0140625 0.08046875
8 0.20078125 0.315625 0.03359375 0.021875
8 0.3640625 0.303125 0.021875 0.04296875
8 0.365625 0.3421875 0.01875 0.03359375
10 0.484375 0.3625 0.03125 0.05390625
2 0.5015625 0.3671875 0.021875 0.034375
2 0.571875 0.38515625 0.03515625 0.05859375
2 0.53828125 0.4 0.04453125 0.0625
2 0.4109375 0.390625 0.046875 0.05546875
2 0.415625 0.40859375 0.05234375 0.07109375
2 0.4875 0.434375 0.1171875 0.1140625
2 0.1171875 0.53828125 0.234375 0.41796875
5 0.98828125 0.39921875 0.0234375 0.1640625