7 0.5 0.46640625 0.00703125 0.01640625
7 0.4828125 0.46171875 0.0046875 0.01796875
7 0.4484375 0.48203125 0.00625 0.01796875
7 0.4578125 0.4859375 0.00390625 0.01953125
7 0.375 0.46171875 0.01015625 0.0140625
7 0.55390625 0.4 0.0078125 0.03046875
7 0.66640625 0.41171875 0.01015625 0.02890625
8 0.459375 0.46015625 0.009375 0.0109375
8 0.375 0.3984375 0.0140625 0.0125
8 0.375 0.421875 0.0078125 0.01953125
8 0.428125 0.478125 0.0078125 0.01796875
8 0.6515625 0.44375 0.0109375 0.025
8 0.7921875 0.440625 0.01875 0.0140625
8 0.8015625 0.4171875 0.01484375 0.0140625
2 0.4796875 0.52265625 0.040625 0.04296875
2 0.4859375 0.50078125 0.0234375 0.0234375
2 0.4203125 0.5390625 0.0765625 0.10703125
2 0.309375 0.55703125 0.171875 0.225
2 0.15 0.6640625 0.29921875 0.3765625
2 0.578125 0.51640625 0.0265625 0.06640625
2 0.53671875 0.53203125 0.06484375 0.096875
7 0.53203125 0.4609375 0.00703125 0.0234375
7 0.56875 0.46484375 0.0078125 0.0234375
2 0.621875 0.5234375 0.025 0.03359375
2 0.653125 0.52578125 0.02734375 0.06953125
2 0.67265625 0.5296875 0.04453125 0.0859375
2 0.72890625 0.5296875 0.10078125 0.096875
2 0.77890625 0.57109375 0.15234375 0.1359375
2 0.9203125 0.5890625 0.1578125 0.28359375