2 0.0390625 0.54140625 0.078125 0.2015625
2 0.1 0.48515625 0.2 0.2390625
2 0.7078125 0.52890625 0.32890625 0.18046875
2 0.49921875 0.46796875 0.06328125 0.10390625
2 0.4265625 0.446875 0.04921875 0.075
2 0.45625 0.446875 0.0171875 0.0625
2 0.5421875 0.45 0.0359375 0.05546875
2 0.5984375 0.4625 0.05703125 0.059375
2 0.4734375 0.4421875 0.0125 0.021875
2 0.16796875 0.4640625 0.08671875 0.09609375
2 0.259375 0.46875 0.06875 0.08046875
2 0.3125 0.4484375 0.04296875 0.0390625
7 0.4875 0.38046875 0.00703125 0.02109375
7 0.54375 0.39453125 0.00546875 0.021875
7 0.734375 0.17265625 0.0171875 0.05390625
7 0.7546875 0.35703125 0.01171875 0.0265625
7 0.42265625 0.0375 0.01484375 0.075
7 0.446875 0.03828125 0.01796875 0.0765625
8 0.2546875 0.19375 0.0421875 0.02109375
8 0.2578125 0.2390625 0.028125 0.04609375
8 0.7453125 0.2484375 0.021875 0.0140625
8 0.73125 0.271875 0.03125 0.02109375
5 0.7953125 0.4453125 0.028125 0.04140625
5 0.8375 0.4578125 0.0234375 0.07890625
5 0.8578125 0.46171875 0.021875 0.08359375
2 0.35234375 0.44453125 0.02890625 0.0359375