2 0.2109375 0.3265625 0.02734375 0.04296875
2 0.2296875 0.334375 0.0109375 0.025
2 0.25625 0.3234375 0.025 0.0375
2 0.33203125 0.31796875 0.0171875 0.03203125
2 0.353125 0.32109375 0.01171875 0.03203125
2 0.3671875 0.3109375 0.01015625 0.02109375
2 0.38828125 0.31015625 0.015625 0.025
2 0.4 0.340625 0.02109375 0.025
2 0.4328125 0.3265625 0.01171875 0.01796875
2 0.446875 0.328125 0.01171875 0.01953125
2 0.40234375 0.3046875 0.0109375 0.01640625
2 0.4125 0.309375 0.00703125 0.01640625
8 0.4484375 0.290625 0.02265625 0.01953125
2 0.48515625 0.3328125 0.0328125 0.025
2 0.584375 0.34609375 0.01953125 0.02890625
2 0.55234375 0.33203125 0.01640625 0.0234375