8 0.2296875 0.33046875 0.040625 0.06640625
8 0.60625 0.45625 0.009375 0.03359375
8 0.5640625 0.4828125 0.00703125 0.0125
2 0.56953125 0.503125 0.01171875 0.015625
2 0.5515625 0.50625 0.01015625 0.0125
7 0.540625 0.484375 0.00625 0.01640625
8 0.478125 0.46796875 0.01171875 0.01640625
8 0.5015625 0.4859375 0.00625 0.0125
8 0.909375 0.3671875 0.021875 0.021875
2 0.9546875 0.490625 0.0734375 0.05703125
2 0.9578125 0.5203125 0.0484375 0.05703125
2 0.6265625 0.48984375 0.03125 0.03359375
2 0.9609375 0.609375 0.078125 0.221875