7 0.12421875 0.1078125 0.03046875 0.134375
7 0.046875 0.20703125 0.03671875 0.06953125
7 0.2546875 0.3546875 0.0125 0.03359375
7 0.415625 0.103125 0.03203125 0.1125
7 0.6125 0.26640625 0.0296875 0.0625
7 0.6828125 0.2078125 0.01484375 0.034375
7 0.8203125 0.2921875 0.01328125 0.028125
5 0.825 0.50546875 0.021875 0.090625
5 0.80390625 0.49453125 0.01640625 0.121875
2 0.896875 0.61796875 0.1984375 0.440625
2 0.646875 0.4921875 0.0265625 0.046875
2 0.1828125 0.44765625 0.02578125 0.0375
0 0.06796875 0.5703125 0.1328125 0.15703125
2 0.1015625 0.41796875 0.0171875 0.0375
2 0.13359375 0.440625 0.06484375 0.0625
2 0.22421875 0.440625 0.0328125 0.046875
2 0.684375 0.49609375 0.0578125 0.06796875
2 0.52109375 0.5 0.2421875 0.44140625
5 0.375 0.4640625 0.009375 0.05546875
5 0.365625 0.45546875 0.01328125 0.059375
7 0.228125 0.30859375 0.01328125 0.053125