7 0.52734375 0.146875 0.015625 0.04453125
7 0.6140625 0.28515625 0.01328125 0.034375
7 0.46875 0.35078125 0.0125 0.021875
7 0.4390625 0.359375 0.00625 0.02109375
8 0.534375 0.36953125 0.01171875 0.0265625
8 0.3640625 0.35390625 0.015625 0.0109375
8 0.3609375 0.371875 0.0125 0.028125
8 0.36328125 0.40625 0.00859375 0.0109375
8 0.36328125 0.421875 0.00625 0.01796875
2 0.34375 0.40703125 0.0234375 0.0234375
2 0.32109375 0.4078125 0.0203125 0.040625
2 0.29609375 0.415625 0.02265625 0.02890625
2 0.27109375 0.42421875 0.028125 0.03359375
2 0.2484375 0.42890625 0.028125 0.04609375
2 0.2140625 0.4296875 0.0328125 0.05546875
2 0.134375 0.434375 0.1125 0.090625
2 0.484375 0.40390625 0.009375 0.021875
2 0.4984375 0.40703125 0.01640625 0.03046875
2 0.61484375 0.43359375 0.05703125 0.1140625
2 0.628125 0.4421875 0.07109375 0.12109375
2 0.7078125 0.45625 0.13203125 0.1484375
2 0.871875 0.465625 0.25390625 0.290625
2 0.0640625 0.44609375 0.12578125 0.165625
7 0.51171875 0.14296875 0.01875 0.05390625
2 0.51875 0.4125 0.03671875 0.04140625
2 0.4046875 0.409375 0.025 0.01640625
2 0.3828125 0.41171875 0.01953125 0.02109375