8 0.8703125 0.4359375 0.03984375 0.028125
7 0.6734375 0.434375 0.0140625 0.0125
7 0.76796875 0.4390625 0.0140625 0.0125
7 0.94765625 0.440625 0.01640625 0.0125
7 0.625 0.48046875 0.015625 0.015625
7 0.8203125 0.4734375 0.0140625 0.00859375
7 0.846875 0.4703125 0.0125 0.009375
2 0.43359375 0.54609375 0.12265625 0.1109375
2 0.928125 0.51875 0.1421875 0.125
2 0.646875 0.57578125 0.1203125 0.134375
2 0.78359375 0.58359375 0.15703125 0.22109375
8 0.68125 0.41953125 0.01171875 0.021875
8 0.9671875 0.4171875 0.01171875 0.021875