2 0.54375 0.5359375 0.03984375 0.05546875
2 0.5359375 0.5828125 0.0921875 0.13359375
2 0.6453125 0.5765625 0.12265625 0.10546875
2 0.1515625 0.590625 0.2109375 0.134375
2 0.390625 0.703125 0.325 0.365625
2 0.8796875 0.64921875 0.2375 0.48203125
7 0.4453125 0.475 0.01015625 0.01796875
7 0.58125 0.48984375 0.0140625 0.02109375
7 0.48359375 0.50078125 0.01640625 0.015625
7 0.14453125 0.14765625 0.025 0.09140625
8 0.11796875 0.21015625 0.0671875 0.03359375
8 0.78125 0.41640625 0.02578125 0.01640625
7 0.75859375 0.22109375 0.0171875 0.06796875
7 0.7875 0.3625 0.015625 0.05390625
7 0.74375 0.22734375 0.02109375 0.0734375
7 0.2 0.43671875 0.0140625 0.03046875
7 0.77421875 0.4875 0.01015625 0.025
7 0.075 0.39140625 0.04921875 0.06796875