8 0.7234375 0.23125 0.01328125 0.01796875
2 0.77421875 0.25390625 0.015625 0.03203125
1 0.7109375 0.25078125 0.03515625 0.05703125
2 0.6703125 0.26328125 0.02734375 0.034375
2 0.63125 0.26015625 0.03125 0.040625
2 0.5828125 0.26328125 0.04296875 0.04296875
2 0.553125 0.2515625 0.02578125 0.03046875
2 0.51875 0.271875 0.04375 0.053125
2 0.478125 0.26953125 0.04765625 0.05390625
2 0.3984375 0.27734375 0.05546875 0.053125
2 0.36796875 0.27734375 0.0328125 0.04609375
2 0.32421875 0.27578125 0.0671875 0.0734375
2 0.24921875 0.27421875 0.08671875 0.0875
2 0.0625 0.29140625 0.125 0.121875
2 0.184375 0.27265625 0.04296875 0.05859375