7 0.4984375 0.14296875 0.009375 0.03046875
7 0.5390625 0.184375 0.0125 0.021875
7 0.834375 0.1515625 0.00859375 0.0234375
7 0.56171875 0.2453125 0.0078125 0.0265625
7 0.5234375 0.23828125 0.01015625 0.01796875
7 0.2578125 0.196875 0.01484375 0.04296875
7 0.4875 0.14140625 0.0125 0.0359375
8 0.56796875 0.11640625 0.01875 0.053125
2 0.49921875 0.28515625 0.01484375 0.021875
2 0.48046875 0.2890625 0.02421875 0.0265625
2 0.45625 0.29375 0.03515625 0.04609375
2 0.40078125 0.29453125 0.0328125 0.04453125
2 0.3578125 0.3015625 0.05 0.0640625
2 0.29765625 0.29296875 0.05703125 0.05859375
2 0.2 0.31796875 0.13828125 0.14453125
2 0.55 0.315625 0.06484375 0.08359375
2 0.0578125 0.43515625 0.11484375 0.3890625
2 0.97109375 0.52890625 0.05546875 0.3140625
7 0.1671875 0.196875 0.0171875 0.0359375