7 0.434375 0.4375 0.00859375 0.02890625
7 0.509375 0.45 0.00546875 0.021875
7 0.5 0.4484375 0.00546875 0.02109375
7 0.5015625 0.528125 0.0078125 0.015625
7 0.45625 0.525 0.00703125 0.0140625
8 0.4703125 0.55859375 0.00859375 0.0140625
8 0.44375 0.52734375 0.009375 0.009375
8 0.38984375 0.43828125 0.0234375 0.01640625
8 0.3734375 0.49609375 0.0125 0.00703125
8 0.3640625 0.51015625 0.0078125 0.00859375
8 0.5953125 0.4921875 0.01328125 0.0140625
8 0.6046875 0.47109375 0.01171875 0.00859375
7 0.5765625 0.525 0.01171875 0.01640625
7 0.365625 0.528125 0.0125 0.01640625
2 0.4546875 0.57734375 0.02421875 0.0234375
2 0.4328125 0.5765625 0.01875 0.021875
2 0.4046875 0.57421875 0.02890625 0.03359375
2 0.3484375 0.584375 0.046875 0.06796875
2 0.29453125 0.59375 0.071875 0.08046875
2 0.1453125 0.61328125 0.12109375 0.153125
2 0.046875 0.621875 0.09296875 0.19609375
2 0.49609375 0.57578125 0.009375 0.0140625
2 0.51796875 0.57265625 0.0109375 0.02890625
2 0.53671875 0.5703125 0.02265625 0.04140625
2 0.55625 0.57109375 0.02265625 0.05
2 0.5734375 0.578125 0.03125 0.06953125
2 0.58828125 0.58359375 0.0359375 0.09609375
2 0.615625 0.58828125 0.06640625 0.1234375
2 0.7046875 0.59765625 0.1546875 0.18359375
8 0.56875 0.50234375 0.0109375 0.028125
8 0.971875 0.28046875 0.0421875 0.096875