7 0.71953125 0.11171875 0.0140625 0.07109375
7 0.70546875 0.128125 0.015625 0.0765625
7 0.78125 0.3546875 0.015625 0.0234375
7 0.85078125 0.28828125 0.01328125 0.0640625
8 0.2703125 0.2921875 0.01796875 0.0515625
7 0.2875 0.2171875 0.0140625 0.0515625
7 0.2265625 0.26640625 0.0109375 0.03046875
8 0.76796875 0.1234375 0.08046875 0.034375
8 0.790625 0.16171875 0.02890625 0.034375
8 0.8625 0.23515625 0.01171875 0.040625
8 0.8625 0.33828125 0.01171875 0.0359375
8 0.87578125 0.18359375 0.01796875 0.025
2 0.11953125 0.44609375 0.1203125 0.084375
2 0.028125 0.45078125 0.05625 0.0703125
2 0.903125 0.48359375 0.19296875 0.5984375
2 0.50390625 0.5234375 0.41328125 0.47890625