7 0.5765625 0.44921875 0.009375 0.034375
7 0.471875 0.440625 0.0109375 0.028125
7 0.4171875 0.46796875 0.0078125 0.02109375
7 0.5125 0.4890625 0.0078125 0.0265625
7 0.5640625 0.4890625 0.0078125 0.02109375
7 0.553125 0.51484375 0.00625 0.02109375
7 0.61328125 0.428125 0.0078125 0.02109375
8 0.6671875 0.44921875 0.01328125 0.0109375
8 0.65859375 0.46640625 0.01953125 0.0140625
8 0.625 0.48515625 0.01328125 0.0140625
8 0.4046875 0.43359375 0.015625 0.02109375
8 0.33671875 0.434375 0.0171875 0.01953125
8 0.4 0.46015625 0.01328125 0.0140625
5 0.7421875 0.534375 0.01171875 0.0625
5 0.72265625 0.52578125 0.0109375 0.05
2 0.5234375 0.53671875 0.0171875 0.03046875
2 0.5046875 0.53046875 0.01171875 0.0234375
2 0.4875 0.528125 0.02265625 0.028125
2 0.671875 0.5390625 0.03203125 0.0375
2 0.19921875 0.49296875 0.0234375 0.0234375
2 0.25078125 0.51875 0.084375 0.09453125
2 0.3375 0.52109375 0.0828125 0.0984375
2 0.43125 0.54140625 0.0953125 0.1359375
2 0.5953125 0.5296875 0.03671875 0.05546875
2 0.8890625 0.628125 0.22109375 0.46796875
2 0.54375 0.534375 0.02890625 0.04140625