7 0.35 0.43984375 0.01640625 0.0265625
7 0.46875 0.3671875 0.0109375 0.02109375
7 0.8625 0.18203125 0.01796875 0.11796875
7 0.76796875 0.4640625 0.009375 0.015625
7 0.4671875 0.446875 0.00859375 0.0140625
7 0.3921875 0.4921875 0.0078125 0.0140625
8 0.57578125 0.446875 0.01640625 0.040625
8 0.6296875 0.43984375 0.0078125 0.02890625
8 0.37578125 0.48125 0.00703125 0.015625
8 0.41953125 0.45859375 0.00703125 0.01953125
8 0.44375 0.475 0.0203125 0.028125
8 0.64140625 0.46875 0.01328125 0.015625
8 0.703125 0.47265625 0.0125 0.009375
7 0.68125 0.46875 0.00859375 0.01953125
2 0.25859375 0.515625 0.05 0.05390625
2 0.28984375 0.5171875 0.0265625 0.04296875
2 0.3203125 0.515625 0.03515625 0.05
1 0.37734375 0.48671875 0.0796875 0.1
2 0.66875 0.56015625 0.10703125 0.11640625
1 0.8046875 0.5078125 0.1796875 0.09296875
2 0.9421875 0.534375 0.05 0.0484375
2 0.9234375 0.50078125 0.05078125 0.04453125
2 0.43359375 0.51171875 0.0171875 0.0265625
2 0.45078125 0.51015625 0.0109375 0.0265625
2 0.46171875 0.52109375 0.01875 0.04296875
1 0.525 0.4625 0.05390625 0.0375
2 0.5296875 0.60625 0.17578125 0.25703125
8 0.35234375 0.37109375 0.0125 0.0234375
7 0.025 0.39296875 0.0078125 0.04140625
8 0.0234375 0.3578125 0.00703125 0.015625
7 0.2671875 0.25859375 0.01484375 0.0625