8 0.0890625 0.29453125 0.1015625 0.225
7 0.17578125 0.4828125 0.01171875 0.01953125
7 0.253125 0.50859375 0.009375 0.0234375
7 0.26484375 0.3234375 0.01796875 0.06796875
8 0.434375 0.4015625 0.015625 0.028125
7 0.434375 0.446875 0.01328125 0.0515625
8 0.43359375 0.51484375 0.0109375 0.0234375
8 0.596875 0.25546875 0.0140625 0.028125
7 0.596875 0.30625 0.015625 0.0609375
8 0.46015625 0.46796875 0.0109375 0.01953125
7 0.4609375 0.4984375 0.01328125 0.025
8 0.49375 0.50625 0.0140625 0.03359375
2 0.6171875 0.54921875 0.034375 0.03203125
2 0.4078125 0.55859375 0.01328125 0.03203125
2 0.4265625 0.553125 0.01875 0.03359375
2 0.3859375 0.55703125 0.0359375 0.0390625
2 0.5625 0.540625 0.01171875 0.015625
7 0.54609375 0.50390625 0.0109375 0.01640625
2 0.546875 0.54296875 0.01796875 0.0125
2 0.5015625 0.57421875 0.071875 0.1125
8 0.690625 0.4828125 0.01328125 0.028125
7 0.3453125 0.4609375 0.01171875 0.040625
6 0.82109375 0.6015625 0.1171875 0.32890625
3 0.83359375 0.7015625 0.18515625 0.346875