2 0.91171875 0.40078125 0.17421875 0.23046875
2 0.20625 0.4484375 0.32890625 0.36640625
2 0.79609375 0.47578125 0.23671875 0.25546875
2 0.67421875 0.425 0.10546875 0.14609375
2 0.375 0.3828125 0.03125 0.0375
2 0.40625 0.37734375 0.0234375 0.03203125
2 0.4453125 0.38359375 0.05234375 0.075
2 0.52734375 0.3796875 0.0453125 0.065625
2 0.55390625 0.3703125 0.0109375 0.0265625
2 0.56953125 0.3734375 0.0296875 0.03359375
1 0.6390625 0.35 0.1171875 0.2109375
10 0.49375 0.3484375 0.0375 0.08359375
8 0.44140625 0.33828125 0.01015625 0.02109375