2 0.08515625 0.4875 0.15078125 0.140625
8 0.1921875 0.36484375 0.0171875 0.0359375
7 0.509375 0.359375 0.00546875 0.01640625
7 0.52578125 0.36953125 0.0046875 0.02109375
2 0.1953125 0.453125 0.0875 0.1125
2 0.309375 0.4578125 0.06640625 0.071875
2 0.37890625 0.4546875 0.06171875 0.084375
2 0.265625 0.45390625 0.046875 0.05546875
2 0.5265625 0.428125 0.05 0.0625
2 0.4203125 0.4359375 0.03203125 0.046875
2 0.446875 0.4171875 0.01953125 0.0375
2 0.465625 0.4125 0.0203125 0.03046875
2 0.578125 0.434375 0.03515625 0.04296875