7 0.425 0.30078125 0.01171875 0.02890625
7 0.4671875 0.30703125 0.00859375 0.0234375
2 0.43359375 0.35546875 0.0234375 0.0375
2 0.4671875 0.35625 0.02421875 0.040625
2 0.49140625 0.3546875 0.01953125 0.02890625
2 0.50625 0.36328125 0.015625 0.0359375
2 0.5234375 0.371875 0.01875 0.04140625
2 0.54296875 0.3734375 0.025 0.05
2 0.56484375 0.38046875 0.0359375 0.0609375
2 0.5875 0.38671875 0.04296875 0.071875
2 0.6375 0.3984375 0.09453125 0.1140625
2 0.759375 0.44609375 0.1390625 0.14140625
2 0.4125 0.35546875 0.01328125 0.02109375
10 0.390625 0.334375 0.034375 0.06796875
2 0.390625 0.3578125 0.01875 0.0375
2 0.375 0.36328125 0.0265625 0.05
2 0.36328125 0.371875 0.028125 0.05859375
2 0.3328125 0.375 0.04296875 0.09296875
2 0.2890625 0.38515625 0.078125 0.11796875
2 0.1671875 0.3984375 0.20703125 0.20859375
2 0.075 0.49296875 0.15 0.34609375
8 0.88671875 0.19140625 0.03203125 0.05
2 0.890625 0.484375 0.2171875 0.24453125
8 0.0984375 0.10703125 0.02734375 0.04453125