7 0.1765625 0.65 0.00703125 0.025
7 0.290625 0.684375 0.009375 0.02109375
7 0.38359375 0.59921875 0.0078125 0.03046875
7 0.56875 0.5953125 0.01015625 0.03203125
5 0.1953125 0.76796875 0.01171875 0.0765625
5 0.2109375 0.75859375 0.01484375 0.08203125
5 0.746875 0.709375 0.021875 0.09453125
8 0.62890625 0.596875 0.0171875 0.02109375
8 0.6703125 0.6078125 0.015625 0.015625
8 0.6734375 0.64921875 0.02109375 0.0265625
8 0.765625 0.59921875 0.02265625 0.015625
8 0.7734375 0.5515625 0.01796875 0.01640625
8 0.33046875 0.62109375 0.0359375 0.0234375
8 0.35859375 0.71015625 0.01171875 0.02109375
8 0.18125 0.7078125 0.0203125 0.03359375
7 0.2265625 0.57109375 0.01328125 0.0265625
7 0.39375 0.58359375 0.01328125 0.01953125
2 0.096875 0.77578125 0.01328125 0.0640625
2 0.140625 0.77578125 0.07109375 0.05546875
2 0.55234375 0.7296875 0.04375 0.06796875
1 0.5328125 0.709375 0.03828125 0.0875
2 0.29765625 0.7625 0.0609375 0.08046875
2 0.45078125 0.759375 0.1546875 0.275
2 0.615625 0.73515625 0.09375 0.11640625
2 0.875 0.734375 0.25 0.53046875
8 0.18046875 0.60625 0.025 0.0140625
7 0.16328125 0.6828125 0.0125 0.02109375