7 0.33515625 0.47578125 0.009375 0.0390625
7 0.34140625 0.47421875 0.0078125 0.04296875
7 0.5421875 0.50234375 0.0125 0.02890625
8 0.28203125 0.47265625 0.03203125 0.01640625
8 0.63515625 0.5234375 0.02109375 0.01796875
8 0.57421875 0.5046875 0.0265625 0.01640625
8 0.6078125 0.53046875 0.0125 0.0125
8 0.6046875 0.53671875 0.0125 0.0125
8 0.4046875 0.553125 0.0109375 0.009375
5 0.9515625 0.6046875 0.0328125 0.14453125
2 0.396875 0.59296875 0.02890625 0.04140625
2 0.5796875 0.6 0.0390625 0.08359375
2 0.6046875 0.59140625 0.01640625 0.04140625
2 0.8078125 0.6203125 0.15 0.1859375
2 0.1390625 0.6375 0.278125 0.33046875
2 0.4859375 0.61328125 0.171875 0.296875
2 0.6796875 0.621875 0.17421875 0.2515625
8 0.215625 0.5046875 0.02421875 0.01796875