7 0.4953125 0.409375 0.00859375 0.0125
7 0.55703125 0.40703125 0.00625 0.01953125
7 0.36875 0.459375 0.00703125 0.015625
7 0.5828125 0.453125 0.009375 0.015625
8 0.43984375 0.38359375 0.02109375 0.03203125
8 0.4953125 0.434375 0.00859375 0.02109375
2 0.575 0.484375 0.0125 0.03203125
2 0.590625 0.48984375 0.01875 0.0375
2 0.609375 0.49140625 0.03671875 0.05390625
2 0.625 0.50234375 0.02578125 0.05
2 0.653125 0.51875 0.04296875 0.084375
2 0.69140625 0.528125 0.07265625 0.09609375
2 0.75078125 0.553125 0.1484375 0.1390625
2 0.478125 0.48359375 0.0328125 0.034375
2 0.4421875 0.48984375 0.04140625 0.04140625
2 0.40625 0.4921875 0.03125 0.02890625
2 0.5234375 0.49296875 0.01328125 0.0140625
2 0.5578125 0.490625 0.02890625 0.05
2 0.2328125 0.509375 0.04140625 0.06953125
2 0.17265625 0.50859375 0.08984375 0.0859375
2 0.065625 0.52109375 0.13125 0.1078125
2 0.90546875 0.6046875 0.1890625 0.353125
2 0.609375 0.4984375 0.015625 0.04609375