7 0.41953125 0.42890625 0.00859375 0.0125
7 0.4453125 0.4265625 0.0046875 0.0140625
8 0.4796875 0.43359375 0.00859375 0.01640625
2 0.4484375 0.46484375 0.0109375 0.0140625
2 0.45625 0.46796875 0.0109375 0.0234375
2 0.4671875 0.46796875 0.01328125 0.028125
2 0.47578125 0.47109375 0.01953125 0.02890625
2 0.4890625 0.47265625 0.02109375 0.04453125
2 0.50546875 0.478125 0.02421875 0.065625
2 0.53359375 0.4890625 0.0515625 0.08359375
2 0.5890625 0.503125 0.0890625 0.14453125
2 0.6515625 0.540625 0.1328125 0.15703125
2 0.4125 0.4625 0.0109375 0.02109375
2 0.403125 0.46484375 0.0125 0.0234375
2 0.39375 0.465625 0.0125 0.02890625
2 0.3828125 0.46484375 0.0171875 0.034375
2 0.3765625 0.47421875 0.015625 0.040625
2 0.353125 0.46796875 0.04609375 0.08359375
2 0.3328125 0.48515625 0.04453125 0.06953125
2 0.29765625 0.496875 0.07109375 0.0890625
2 0.209375 0.51484375 0.13125 0.16640625
2 0.09453125 0.5234375 0.1890625 0.33046875
2 0.8375 0.603125 0.325 0.30859375
8 0.4625 0.440625 0.009375 0.01796875