8 0.640625 0.36796875 0.05625 0.021875
8 0.7078125 0.45 0.0171875 0.01953125
7 0.575 0.321875 0.015625 0.05546875
7 0.56328125 0.32578125 0.01328125 0.0515625
7 0.584375 0.321875 0.01328125 0.05546875
2 0.45234375 0.59609375 0.015625 0.02109375
2 0.4703125 0.59609375 0.01328125 0.02109375
2 0.4875 0.59609375 0.01640625 0.02109375
2 0.49375 0.59609375 0.01171875 0.02109375
2 0.54765625 0.59609375 0.02109375 0.0484375
2 0.56484375 0.60546875 0.03046875 0.05390625
2 0.6 0.60234375 0.06328125 0.0890625
2 0.4328125 0.5890625 0.01875 0.028125
2 0.4140625 0.59375 0.015625 0.015625
2 0.3875 0.59375 0.02890625 0.03359375
2 0.35078125 0.5953125 0.04296875 0.0640625
2 0.29375 0.60234375 0.07109375 0.0890625
2 0.23125 0.61796875 0.06171875 0.0640625
2 0.1046875 0.625 0.0875 0.09140625
2 0.1671875 0.62578125 0.09765625 0.090625
2 0.51953125 0.59921875 0.040625 0.05546875
2 0.9671875 0.6125 0.06328125 0.0984375
7 0.69375 0.5109375 0.00859375 0.01640625
7 0.66875 0.4640625 0.01796875 0.0390625