8 0.6609375 0.434375 0.04375 0.01953125
8 0.89453125 0.48515625 0.01796875 0.03359375
8 0.5953125 0.55 0.0109375 0.0234375
8 0.49765625 0.5375 0.01484375 0.009375
8 0.36953125 0.52734375 0.015625 0.009375
8 0.34375 0.53203125 0.00859375 0.00546875
8 0.309375 0.52578125 0.01171875 0.025
7 0.1125 0.16875 0.01328125 0.06953125
7 0.13125 0.1609375 0.01953125 0.084375
7 0.1515625 0.16640625 0.01796875 0.090625
7 0.21640625 0.39375 0.0140625 0.05
7 0.61953125 0.42578125 0.01015625 0.0390625
7 0.47734375 0.5328125 0.00703125 0.01640625
7 0.384375 0.52265625 0.00546875 0.01796875
7 0.81796875 0.384375 0.01875 0.05
7 0.8734375 0.41796875 0.01015625 0.0234375
7 0.8796875 0.54453125 0.01875 0.02109375
7 0.84296875 0.38359375 0.0140625 0.059375
6 0.08125 0.61171875 0.0671875 0.19296875
7 0.065625 0.4734375 0.015625 0.0234375
6 0.290625 0.5734375 0.01171875 0.034375
6 0.2734375 0.58515625 0.0140625 0.06640625
0 0.078125 0.659375 0.090625 0.16796875
0 0.29375 0.59375 0.02890625 0.04296875
0 0.26875 0.596875 0.05390625 0.059375
2 0.35703125 0.58046875 0.01796875 0.03359375
2 0.40234375 0.5796875 0.0234375 0.02890625
1 0.446875 0.56640625 0.03203125 0.05859375
2 0.54453125 0.60234375 0.0171875 0.028125
1 0.5109375 0.57890625 0.04921875 0.0609375
2 0.8890625 0.634375 0.10703125 0.075
2 0.9515625 0.64375 0.0734375 0.0765625
5 0.9796875 0.671875 0.0375 0.196875
0 0.978125 0.7 0.04140625 0.14140625
5 0.42265625 0.58125 0.015625 0.090625