2 0.4203125 0.45703125 0.01171875 0.01953125
2 0.40859375 0.465625 0.015625 0.02109375
2 0.39375 0.471875 0.01875 0.0265625
2 0.3765625 0.47109375 0.01953125 0.028125
2 0.365625 0.48046875 0.01875 0.028125
2 0.346875 0.47734375 0.03046875 0.034375
2 0.32421875 0.4828125 0.02890625 0.03359375
2 0.3078125 0.4890625 0.01953125 0.0265625
2 0.28671875 0.496875 0.02734375 0.03359375
2 0.2609375 0.503125 0.0328125 0.034375
2 0.471875 0.4546875 0.02265625 0.0515625
2 0.484375 0.465625 0.0328125 0.08203125
2 0.11015625 0.4890625 0.2203125 0.221875
2 0.65 0.640625 0.41640625 0.478125