8 0.44609375 0.41875 0.03359375 0.02890625
2 0.4375 0.46328125 0.01015625 0.02109375
2 0.425 0.465625 0.01484375 0.0265625
2 0.41875 0.478125 0.0125 0.021875
2 0.509375 0.4859375 0.03046875 0.05
2 0.415625 0.453125 0.0171875 0.01953125
2 0.36875 0.46484375 0.025 0.0234375
2 0.3390625 0.459375 0.02578125 0.02890625
2 0.29765625 0.46171875 0.03515625 0.0265625
2 0.02265625 0.465625 0.02578125 0.040625
2 0.08515625 0.46328125 0.11328125 0.0765625
2 0.4671875 0.49765625 0.06640625 0.0984375
2 0.596875 0.525 0.0859375 0.10703125
2 0.7515625 0.47734375 0.04140625 0.040625
2 0.39375 0.48515625 0.03671875 0.0515625