2 0.54375 0.39140625 0.05546875 0.0859375
2 0.68359375 0.4203125 0.025 0.053125
2 0.78125 0.41953125 0.08203125 0.13203125
2 0.2046875 0.37265625 0.06875 0.08203125
2 0.0859375 0.3765625 0.171875 0.19453125
2 0.45078125 0.440625 0.1671875 0.2359375
2 0.8796875 0.47265625 0.2375 0.63203125
2 0.61328125 0.40859375 0.11796875 0.14140625
8 0.2796875 0.196875 0.06015625 0.0265625
8 0.565625 0.27265625 0.04375 0.0125
8 0.675 0.29375 0.025 0.01640625
8 0.159375 0.22265625 0.02734375 0.009375
8 0.15625 0.2796875 0.01875 0.021875
8 0.175 0.25 0.02421875 0.015625
7 0.33671875 0.228125 0.0125 0.03359375
7 0.5265625 0.26796875 0.01015625 0.028125
7 0.3453125 0.2203125 0.00625 0.03046875
8 0.73046875 0.28046875 0.0125 0.025
7 0.3109375 0.36171875 0.0125 0.015625
7 0.68203125 0.32109375 0.00859375 0.025
8 0.33359375 0.359375 0.00859375 0.015625
2 0.4515625 0.3125 0.06640625 0.01640625