7 0.4375 0.53515625 0.00703125 0.01796875
7 0.49375 0.54453125 0.00625 0.01796875
7 0.521875 0.57265625 0.00625 0.009375
7 0.4609375 0.571875 0.0046875 0.009375
8 0.6703125 0.409375 0.02421875 0.03203125
2 0.1375 0.61171875 0.0921875 0.1015625
2 0.51875 0.5984375 0.00859375 0.0234375
2 0.5296875 0.5984375 0.025 0.025
2 0.4109375 0.5890625 0.0140625 0.015625
2 0.67265625 0.62734375 0.04921875 0.04140625
2 0.5328125 0.61328125 0.0296875 0.03359375
2 0.4625 0.590625 0.01640625 0.0234375
2 0.765625 0.6546875 0.18046875 0.16953125
2 0.05859375 0.62578125 0.1171875 0.1109375
2 0.940625 0.70390625 0.115625 0.3234375
5 0.8703125 0.6171875 0.03359375 0.146875