8 0.446875 0.540625 0.02890625 0.0234375
2 0.42578125 0.56328125 0.0203125 0.03203125
2 0.31875 0.56015625 0.01328125 0.01640625
2 0.2890625 0.55859375 0.03046875 0.025
2 0.2203125 0.56875 0.01875 0.02109375
2 0.175 0.5625 0.07109375 0.0390625
2 0.11796875 0.571875 0.03359375 0.0234375
2 0.07890625 0.57421875 0.0375 0.01953125
1 0.3453125 0.55546875 0.01953125 0.0234375
2 0.390625 0.56875 0.03046875 0.046875
2 0.40546875 0.5625 0.01484375 0.025
2 0.4515625 0.5734375 0.03515625 0.05
2 0.0265625 0.571875 0.03828125 0.025