7 0.503125 0.40625 0.01328125 0.0390625
7 0.41640625 0.446875 0.009375 0.028125
7 0.4078125 0.42890625 0.009375 0.0140625
8 0.55078125 0.41015625 0.01953125 0.0515625
8 0.3765625 0.44765625 0.01484375 0.04453125
1 0.4703125 0.56484375 0.03984375 0.0734375
5 0.6578125 0.54921875 0.01796875 0.04296875
5 0.5796875 0.575 0.01484375 0.059375
5 0.5703125 0.571875 0.0109375 0.0640625
2 0.278125 0.58828125 0.10703125 0.15859375
2 0.22109375 0.6265625 0.1640625 0.1859375
2 0.0859375 0.60234375 0.1703125 0.34609375
2 0.6234375 0.6296875 0.10078125 0.146875
2 0.7890625 0.671875 0.3 0.27890625
2 0.3734375 0.578125 0.0265625 0.0515625
2 0.40625 0.5734375 0.03359375 0.05390625
5 0.4390625 0.57734375 0.009375 0.046875
2 0.92890625 0.72265625 0.13828125 0.2375