7 0.5390625 0.41640625 0.0109375 0.040625
7 0.6015625 0.49609375 0.0109375 0.02109375
7 0.73203125 0.490625 0.01328125 0.0234375
7 0.3296875 0.465625 0.0109375 0.01640625
8 0.3390625 0.440625 0.015625 0.01953125
8 0.6 0.41640625 0.01875 0.01640625
8 0.6609375 0.4390625 0.034375 0.04140625
5 0.690625 0.584375 0.01875 0.13203125
5 0.60625 0.55703125 0.01953125 0.09609375
5 0.6203125 0.5484375 0.01328125 0.05546875
5 0.646875 0.5359375 0.01484375 0.0484375
5 0.59375 0.53984375 0.01171875 0.046875
5 0.58125 0.5484375 0.01328125 0.065625
5 0.575 0.540625 0.0109375 0.05390625
5 0.5640625 0.5546875 0.015625 0.0859375
2 0.7015625 0.5484375 0.07890625 0.075
2 0.3359375 0.4953125 0.05546875 0.0515625
2 0.2828125 0.5640625 0.11640625 0.15703125
2 0.440625 0.56875 0.2359375 0.43359375
2 0.02890625 0.68828125 0.0578125 0.31640625
8 0.253125 0.28046875 0.03046875 0.0265625