8 0.4859375 0.328125 0.0390625 0.01640625
8 0.45703125 0.30859375 0.01328125 0.0375
7 0.3203125 0.44375 0.009375 0.0140625
7 0.225 0.46484375 0.0109375 0.01640625
7 0.4390625 0.303125 0.00859375 0.028125
10 0.36640625 0.50625 0.08984375 0.09140625
2 0.26484375 0.521875 0.059375 0.053125
2 0.16953125 0.5265625 0.1421875 0.09296875
2 0.05546875 0.57578125 0.1109375 0.19140625
2 0.5359375 0.56640625 0.3140625 0.34296875
5 0.3546875 0.5125 0.03828125 0.13359375
2 0.67578125 0.55859375 0.0671875 0.225