8 0.8625 0.265625 0.04453125 0.1109375
8 0.7171875 0.2984375 0.034375 0.06796875
2 0.5 0.4796875 0.0265625 0.04296875
2 0.475 0.4859375 0.03125 0.04609375
2 0.609375 0.48984375 0.02265625 0.05546875
2 0.62578125 0.49765625 0.034375 0.06796875
2 0.69765625 0.5109375 0.121875 0.1359375
2 0.5375 0.4859375 0.02890625 0.0265625
2 0.434375 0.49765625 0.053125 0.084375
2 0.1359375 0.48828125 0.06875 0.0640625
2 0.1953125 0.496875 0.05078125 0.04296875
2 0.2421875 0.50625 0.0328125 0.0390625
2 0.271875 0.50625 0.03046875 0.03359375
6 0.5765625 0.478125 0.03828125 0.0859375
3 0.575 0.53984375 0.03515625 0.0734375