8 0.25 0.32265625 0.0890625 0.096875
8 0.5453125 0.3671875 0.0171875 0.03203125
8 0.54453125 0.396875 0.01640625 0.01796875
8 0.68125 0.2828125 0.03203125 0.0765625
8 0.6484375 0.234375 0.03359375 0.1140625
7 0.11484375 0.378125 0.01875 0.0359375
7 0.19453125 0.24140625 0.01875 0.0390625
7 0.4796875 0.26328125 0.01953125 0.03359375
7 0.634375 0.2328125 0.015625 0.046875
7 0.58359375 0.36953125 0.0140625 0.03046875
7 0.659375 0.3265625 0.01796875 0.0375
7 0.23359375 0.425 0.01640625 0.0234375
7 0.0953125 0.2625 0.01328125 0.03203125
8 0.578125 0.12421875 0.021875 0.04453125
7 0.7234375 0.228125 0.01796875 0.03046875
2 0.31875 0.46484375 0.046875 0.053125
8 0.36328125 0.40078125 0.0109375 0.01640625