5 0.1171875 0.27265625 0.0234375 0.09140625
5 0.13671875 0.26484375 0.01484375 0.084375
5 0.1546875 0.27890625 0.0234375 0.1140625
5 0.31875 0.2953125 0.02421875 0.10703125
5 0.1328125 0.415625 0.04375 0.25546875
5 0.05 0.38984375 0.0765625 0.2765625
5 0.3515625 0.30078125 0.01328125 0.07109375
5 0.3671875 0.2921875 0.01640625 0.1109375
5 0.38515625 0.309375 0.0234375 0.10703125
5 0.615625 0.3 0.01640625 0.0875
5 0.8578125 0.409375 0.10546875 0.325
5 0.5359375 0.38984375 0.075 0.340625
2 0.9875 0.371875 0.02421875 0.09453125
7 0.38671875 0.19140625 0.01796875 0.03203125
7 0.915625 0.20859375 0.01875 0.0359375
7 0.575 0.30546875 0.06953125 0.084375
7 0.62421875 0.290625 0.0203125 0.04140625
7 0.64375 0.290625 0.0296875 0.0390625
5 0.8234375 0.2875 0.0078125 0.04296875
5 0.83203125 0.2984375 0.009375 0.0359375
2 0.67265625 0.28515625 0.040625 0.0390625
2 0.7203125 0.371875 0.38671875 0.26953125
8 0.9 0.178125 0.02734375 0.053125
7 0.8125 0.28046875 0.0203125 0.03359375