7 0.4703125 0.325 0.01875 0.075
7 0.5421875 0.5828125 0.0125 0.0265625
7 0.5265625 0.584375 0.0109375 0.01640625
7 0.421875 0.5828125 0.009375 0.021875
7 0.3015625 0.540625 0.01328125 0.0359375
8 0.2921875 0.57421875 0.01640625 0.02890625
8 0.57734375 0.584375 0.01875 0.0359375
8 0.5765625 0.49765625 0.01796875 0.03203125
8 0.7359375 0.5046875 0.01796875 0.03203125
8 0.9828125 0.30078125 0.0328125 0.12890625
7 0.9625 0.45546875 0.04375 0.08203125
7 0.2640625 0.60078125 0.01328125 0.01953125
10 0.4859375 0.628125 0.02890625 0.07109375
2 0.540625 0.6546875 0.0453125 0.05546875
2 0.3828125 0.634375 0.03828125 0.0609375
2 0.3171875 0.66328125 0.1078125 0.1265625
2 0.43203125 0.66953125 0.10078125 0.15
2 0.04375 0.653125 0.0875 0.19609375
5 0.928125 0.68515625 0.02734375 0.1359375
5 0.9 0.68828125 0.02421875 0.096875
5 0.875 0.71484375 0.03515625 0.1890625
5 0.8203125 0.6734375 0.01328125 0.096875
5 0.8359375 0.7015625 0.03125 0.16796875
5 0.76640625 0.675 0.0234375 0.1140625
5 0.74296875 0.671875 0.0234375 0.1390625
5 0.634375 0.640625 0.0109375 0.0515625
5 0.62421875 0.659375 0.0125 0.071875
5 0.6125 0.653125 0.0109375 0.0515625
2 0.2328125 0.6421875 0.03984375 0.04296875
2 0.51015625 0.6421875 0.021875 0.03359375