2 0.209375 0.540625 0.25859375 0.29140625
2 0.384375 0.51171875 0.06171875 0.07890625
2 0.521875 0.51015625 0.0375 0.0640625
2 0.5546875 0.48984375 0.01015625 0.0140625
8 0.4625 0.4359375 0.01015625 0.0265625
8 0.62109375 0.44296875 0.00703125 0.02109375
8 0.6203125 0.49375 0.009375 0.01796875
2 0.596875 0.47734375 0.0140625 0.01640625
2 0.434375 0.4859375 0.01875 0.01796875
2 0.5015625 0.48515625 0.01953125 0.01640625
2 0.471875 0.490625 0.02109375 0.021875
2 0.5859375 0.478125 0.01015625 0.01796875
2 0.56875 0.478125 0.01484375 0.01796875
2 0.61015625 0.47265625 0.01171875 0.02109375
2 0.34375 0.50390625 0.03046875 0.03359375