7 0.11015625 0.303125 0.0140625 0.06796875
7 0.45859375 0.3734375 0.00625 0.0390625
7 0.1296875 0.32109375 0.01640625 0.05859375
7 0.4703125 0.37734375 0.009375 0.04453125
7 0.378125 0.50390625 0.00625 0.01640625
7 0.4703125 0.484375 0.0046875 0.02109375
2 0.4109375 0.5390625 0.03515625 0.04453125
2 0.46796875 0.53671875 0.03203125 0.0484375
7 0.64140625 0.45078125 0.01640625 0.02890625
8 0.646875 0.39453125 0.02421875 0.0234375
8 0.63515625 0.3609375 0.028125 0.021875
8 0.578125 0.403125 0.02421875 0.01953125