2 0.4546875 0.6140625 0.03125 0.0515625
2 0.4671875 0.62265625 0.021875 0.0515625
2 0.4921875 0.6265625 0.0546875 0.090625
2 0.390625 0.621875 0.02109375 0.02109375
2 0.35703125 0.62421875 0.0390625 0.03046875
2 0.30625 0.62421875 0.0421875 0.04453125
2 0.26640625 0.62734375 0.04375 0.053125
2 0.19453125 0.6296875 0.1 0.1125
2 0.5328125 0.64296875 0.08515625 0.109375
2 0.584375 0.65 0.0484375 0.09296875
2 0.73984375 0.68671875 0.32109375 0.37109375
2 0.94140625 0.659375 0.11484375 0.12109375
2 0.059375 0.609375 0.1171875 0.1
2 0.0140625 0.684375 0.028125 0.11953125
8 0.15 0.52890625 0.0171875 0.03203125
2 0.4125 0.61953125 0.0203125 0.02890625
8 0.54921875 0.51640625 0.0140625 0.025