2 0.071875 0.378125 0.14140625 0.20546875
2 0.52265625 0.49375 0.06328125 0.1015625
2 0.8890625 0.63984375 0.1734375 0.146875
2 0.3453125 0.428125 0.03125 0.04296875
2 0.37109375 0.42890625 0.01953125 0.03359375
2 0.38671875 0.43046875 0.01875 0.03046875
2 0.40390625 0.428125 0.0125 0.03046875
2 0.48359375 0.4515625 0.0140625 0.02109375
2 0.4734375 0.4453125 0.01015625 0.02109375
2 0.4515625 0.4390625 0.01640625 0.02109375
8 0.1171875 0.11953125 0.03828125 0.09140625
8 0.61328125 0.41640625 0.0171875 0.02890625
8 0.603125 0.3953125 0.0125 0.0140625
7 0.48671875 0.39765625 0.01015625 0.02109375
7 0.5125 0.43125 0.009375 0.01640625
2 0.57265625 0.4875 0.0234375 0.03359375
2 0.5953125 0.4953125 0.0140625 0.03046875
2 0.6234375 0.50859375 0.03828125 0.0375
2 0.24921875 0.41171875 0.090625 0.084375