2 0.134375 0.74609375 0.26796875 0.39296875
2 0.940625 0.81484375 0.11484375 0.36640625
2 0.734375 0.66640625 0.215625 0.246875
2 0.4890625 0.615625 0.01875 0.0265625
2 0.44453125 0.61328125 0.02578125 0.03203125
2 0.2703125 0.67265625 0.15859375 0.23046875
2 0.3484375 0.646875 0.0671875 0.1484375
2 0.384375 0.63515625 0.0515625 0.1265625
2 0.4125 0.628125 0.0421875 0.1125
2 0.6078125 0.646875 0.0640625 0.109375
2 0.575 0.634375 0.0484375 0.0859375
2 0.540625 0.6125 0.0203125 0.03046875
5 0.515625 0.6015625 0.01484375 0.05859375
10 0.5265625 0.61171875 0.01796875 0.025
10 0.4625 0.61015625 0.01328125 0.0234375
7 0.42109375 0.496875 0.00625 0.02890625
7 0.5578125 0.4703125 0.0078125 0.0359375
7 0.47421875 0.565625 0.0046875 0.01796875
7 0.50703125 0.56328125 0.003125 0.0140625
7 0.428125 0.496875 0.0078125 0.03203125
7 0.565625 0.4703125 0.0078125 0.03203125
8 0.68828125 0.48203125 0.01875 0.0234375
8 0.35 0.5265625 0.01171875 0.0125