2 0.3890625 0.44375 0.0515625 0.07890625
1 0.484375 0.421875 0.07265625 0.115625
2 0.5890625 0.45 0.028125 0.05546875
2 0.62265625 0.45546875 0.02734375 0.059375
2 0.6453125 0.453125 0.025 0.084375
2 0.540625 0.49296875 0.115625 0.171875
8 0.36484375 0.35390625 0.01875 0.0109375
8 0.4171875 0.32109375 0.034375 0.01796875
2 0.721875 0.490625 0.16015625 0.25390625
2 0.23828125 0.5109375 0.2765625 0.2984375
2 0.125 0.44296875 0.1 0.0984375
2 0.0453125 0.490625 0.090625 0.16796875
7 0.4296875 0.38984375 0.01015625 0.02109375
7 0.4671875 0.32421875 0.00546875 0.03203125
7 0.475 0.321875 0.009375 0.025
7 0.5484375 0.40078125 0.00625 0.01640625
7 0.63125 0.40703125 0.00546875 0.021875
7 0.6859375 0.3546875 0.009375 0.021875
8 0.7140625 0.3578125 0.02109375 0.01640625