2 0.3828125 0.6609375 0.02421875 0.028125
2 0.40234375 0.6609375 0.0203125 0.04296875
2 0.4109375 0.6671875 0.02265625 0.04609375
2 0.43125 0.671875 0.02734375 0.07109375
2 0.46953125 0.6828125 0.0859375 0.1125
2 0.503125 0.70234375 0.07890625 0.11953125
2 0.54609375 0.7171875 0.121875 0.17109375
2 0.6609375 0.76328125 0.25390625 0.2984375
2 0.3046875 0.659375 0.0484375 0.04609375
2 0.2078125 0.6796875 0.02578125 0.06640625
2 0.196875 0.6796875 0.0375 0.0765625
2 0.1546875 0.6796875 0.0734375 0.096875
2 0.1078125 0.696875 0.05625 0.1
2 0.0453125 0.703125 0.090625 0.15
2 0.8703125 0.853125 0.2546875 0.290625
2 0.3421875 0.68828125 0.06640625 0.09296875
2 0.25 0.67109375 0.06171875 0.084375
8 0.409375 0.621875 0.01171875 0.02109375
8 0.42265625 0.60234375 0.009375 0.02890625
8 0.47109375 0.5703125 0.01015625 0.028125
8 0.2578125 0.57734375 0.021875 0.0234375
8 0.2515625 0.59453125 0.01875 0.0234375
8 0.1859375 0.48359375 0.0203125 0.078125
7 0.94609375 0.571875 0.0359375 0.0734375
7 0.00859375 0.5375 0.0171875 0.04609375