7 0.4921875 0.39609375 0.0046875 0.01796875
7 0.546875 0.38359375 0.00390625 0.0140625
7 0.5625 0.396875 0.00703125 0.0140625
8 0.5390625 0.37109375 0.0171875 0.0109375
2 0.5453125 0.41640625 0.0109375 0.025
2 0.48203125 0.421875 0.0171875 0.02109375
2 0.21015625 0.46875 0.11484375 0.096875
2 0.040625 0.52578125 0.08125 0.1859375
2 0.634375 0.44921875 0.025 0.07109375
2 0.6671875 0.44609375 0.05625 0.096875
10 0.8421875 0.40625 0.30859375 0.38359375
8 0.43828125 0.353125 0.01171875 0.02109375
2 0.9609375 0.37265625 0.0640625 0.0375