7 0.4765625 0.52265625 0.00625 0.02109375
7 0.490625 0.52421875 0.00859375 0.02109375
7 0.44375 0.5125 0.00859375 0.01796875
7 0.2359375 0.29140625 0.01875 0.06640625
7 0.4703125 0.234375 0.01796875 0.06953125
7 0.5890625 0.24296875 0.0171875 0.059375
2 0.5109375 0.5625 0.02265625 0.025
2 0.428125 0.55703125 0.015625 0.021875
2 0.371875 0.553125 0.01796875 0.0359375
2 0.334375 0.56171875 0.02109375 0.03203125
2 0.321875 0.5625 0.015625 0.04140625
2 0.23828125 0.534375 0.034375 0.03046875
2 0.0828125 0.56953125 0.06953125 0.09140625
2 0.1671875 0.56875 0.11875 0.1125
2 0.53359375 0.5671875 0.0265625 0.0359375
2 0.47265625 0.55546875 0.01796875 0.0265625
2 0.4484375 0.56171875 0.01796875 0.028125
2 0.3984375 0.5625 0.034375 0.04140625
2 0.2734375 0.57578125 0.09765625 0.10390625
7 0.79921875 0.40390625 0.02109375 0.053125
8 0.7125 0.4609375 0.01015625 0.03203125
5 0.76640625 0.62890625 0.05703125 0.21640625