2 0.565625 0.4359375 0.01953125 0.0375
2 0.5984375 0.43359375 0.0390625 0.046875
2 0.628125 0.44609375 0.059375 0.0640625
2 0.6953125 0.453125 0.09140625 0.10546875
2 0.49140625 0.43125 0.0125 0.01640625
2 0.4828125 0.43203125 0.0078125 0.015625
2 0.5015625 0.4296875 0.009375 0.0125
2 0.4234375 0.4390625 0.0125 0.0265625
2 0.40546875 0.44296875 0.0171875 0.03046875
2 0.37734375 0.44140625 0.046875 0.0515625
2 0.2125 0.475 0.0796875 0.084375
2 0.11640625 0.49296875 0.11015625 0.1140625
2 0.03203125 0.50625 0.0640625 0.140625
8 0.64375 0.3640625 0.02109375 0.0375
8 0.528125 0.3859375 0.01171875 0.028125
8 0.3328125 0.37109375 0.01484375 0.009375
7 0.4828125 0.39921875 0.00859375 0.0140625
7 0.5015625 0.396875 0.00859375 0.015625
7 0.5453125 0.403125 0.0109375 0.0140625