2 0.21640625 0.478125 0.12265625 0.121875
2 0.54375 0.459375 0.02421875 0.0359375
2 0.49140625 0.446875 0.02265625 0.025
2 0.41171875 0.45625 0.025 0.03359375
2 0.2984375 0.465625 0.0640625 0.084375
2 0.340625 0.465625 0.034375 0.05703125
2 0.3578125 0.4625 0.025 0.040625
2 0.5421875 0.4421875 0.0328125 0.05546875
2 0.51875 0.440625 0.015625 0.0390625
2 0.4359375 0.45078125 0.02265625 0.028125
2 0.453125 0.44375 0.0125 0.034375
7 0.06328125 0.35703125 0.01796875 0.028125
7 0.4390625 0.3859375 0.00625 0.0234375
7 0.5 0.38828125 0.00703125 0.01640625
7 0.625 0.0328125 0.0234375 0.065625
7 0.59609375 0.0328125 0.02109375 0.0625
7 0.0765625 0.35546875 0.0140625 0.028125
7 0.76875 0.3203125 0.02265625 0.0375
8 0.703125 0.2953125 0.03671875 0.03046875
8 0.64375 0.34609375 0.028125 0.05390625
8 0.6484375 0.38046875 0.02578125 0.015625
8 0.084375 0.30234375 0.03515625 0.0234375