7 0.35234375 0.2453125 0.00859375 0.046875
7 0.56328125 0.15703125 0.00859375 0.05859375
7 0.3625 0.2421875 0.009375 0.0515625
7 0.571875 0.159375 0.01171875 0.05546875
7 0.5515625 0.15625 0.01328125 0.05703125
7 0.4359375 0.39296875 0.009375 0.0234375
7 0.4515625 0.39453125 0.00859375 0.0265625
2 0.1171875 0.4453125 0.07421875 0.0765625
2 0.6125 0.446875 0.05859375 0.0625
2 0.178125 0.434375 0.05625 0.0625
2 0.215625 0.4453125 0.0265625 0.05390625
2 0.5765625 0.4453125 0.03046875 0.05859375
2 0.5578125 0.43671875 0.01953125 0.04609375
2 0.5484375 0.43359375 0.01953125 0.04296875
2 0.3171875 0.440625 0.0375 0.05
8 0.690625 0.321875 0.0171875 0.04140625
2 0.53515625 0.43515625 0.015625 0.0390625
8 0.8171875 0.26015625 0.0265625 0.015625