2 0.0328125 0.63359375 0.06484375 0.203125
2 0.9015625 0.57265625 0.1953125 0.275
2 0.775 0.521875 0.175 0.15546875
2 0.4046875 0.434375 0.0875 0.1640625
7 0.1765625 0.3234375 0.0140625 0.04609375
7 0.42421875 0.2671875 0.0125 0.034375
8 0.4796875 0.2640625 0.009375 0.03046875
8 0.41875 0.35390625 0.00859375 0.015625
8 0.21875 0.29609375 0.03671875 0.025
8 0.184375 0.25703125 0.01953125 0.028125
8 0.3265625 0.3046875 0.01796875 0.0140625
8 0.32578125 0.3265625 0.01640625 0.028125
8 0.63125 0.228125 0.028125 0.028125
8 0.6296875 0.309375 0.02265625 0.0140625
8 0.6296875 0.3703125 0.01171875 0.01796875
8 0.65390625 0.3328125 0.0125 0.01953125
8 0.65234375 0.35625 0.00859375 0.025
7 0.540625 0.37421875 0.0078125 0.01640625
7 0.53046875 0.37265625 0.00859375 0.01796875
7 0.31875 0.35546875 0.00859375 0.02109375
7 0.33359375 0.359375 0.009375 0.021875
8 0.325 0.3953125 0.00859375 0.04296875
2 0.35625 0.40625 0.01875 0.04140625
2 0.3359375 0.41484375 0.03671875 0.05390625