1 0.68203125 0.36640625 0.22109375 0.365625
2 0.45625 0.45390625 0.0828125 0.1109375
2 0.2859375 0.42890625 0.06953125 0.078125
2 0.50078125 0.44140625 0.034375 0.0609375
2 0.94140625 0.434375 0.06015625 0.0515625
2 0.8546875 0.42265625 0.12734375 0.078125
2 0.33359375 0.41953125 0.02265625 0.01953125
2 0.221875 0.41640625 0.05625 0.04453125
7 0.15625 0.34609375 0.0109375 0.02109375
7 0.359375 0.24921875 0.0109375 0.0265625
7 0.4890625 0.30859375 0.01328125 0.0265625
7 0.4671875 0.396875 0.00703125 0.015625
7 0.403125 0.409375 0.00703125 0.0140625
8 0.35234375 0.296875 0.0171875 0.01640625
8 0.36484375 0.3390625 0.0171875 0.034375
8 0.86640625 0.13671875 0.025 0.04296875
8 0.884375 0.071875 0.03046875 0.05859375
8 0.9015625 0.14921875 0.04375 0.075