10 0.1015625 0.51640625 0.203125 0.215625
2 0.421875 0.528125 0.01328125 0.07109375
2 0.425 0.51875 0.02421875 0.06796875
2 0.440625 0.52421875 0.01875 0.0609375
2 0.45 0.521875 0.02421875 0.05859375
2 0.46015625 0.5140625 0.0234375 0.046875
2 0.478125 0.5171875 0.01484375 0.02890625
2 0.4875 0.50625 0.01171875 0.02109375
2 0.3875 0.528125 0.05859375 0.109375
7 0.4640625 0.209375 0.01953125 0.07109375
7 0.65625 0.32890625 0.0125 0.05546875
7 0.5015625 0.4515625 0.00703125 0.01953125
7 0.4640625 0.46171875 0.009375 0.0125
7 0.48515625 0.2234375 0.028125 0.090625
7 0.1796875 0.11328125 0.034375 0.09609375
7 0.29375 0.42265625 0.02421875 0.034375
8 0.3140625 0.365625 0.03125 0.01640625
8 0.31796875 0.38828125 0.03125 0.034375
7 0.328125 0.28203125 0.0125 0.05390625