2 0.4515625 0.3546875 0.01796875 0.0375
2 0.41328125 0.3609375 0.01953125 0.02890625
2 0.0671875 0.34453125 0.134375 0.1109375
2 0.246875 0.3609375 0.1328125 0.19296875
2 0.36875 0.3609375 0.05234375 0.0609375
2 0.546875 0.41796875 0.196875 0.26953125
2 0.81640625 0.4078125 0.17265625 0.10546875
5 0.1203125 0.34140625 0.02109375 0.1265625
5 0.1484375 0.33359375 0.025 0.15390625
8 0.35078125 0.24375 0.01640625 0.0265625
8 0.7140625 0.11796875 0.03125 0.04453125
8 0.628125 0.0875 0.0375 0.0375
8 0.728125 0.18671875 0.0265625 0.01796875
7 0.5921875 0.06875 0.01484375 0.0640625
7 0.575 0.07578125 0.01171875 0.07109375
7 0.6078125 0.0703125 0.01171875 0.07109375
7 0.6984375 0.1578125 0.01484375 0.06640625
7 0.728125 0.28359375 0.02109375 0.0375