7 0.2953125 0.25546875 0.0109375 0.02109375
7 0.3875 0.26953125 0.0125 0.01796875
7 0.440625 0.2984375 0.0125 0.0234375
8 0.09296875 0.14765625 0.03984375 0.0484375
8 0.2296875 0.225 0.01796875 0.02109375
8 0.23125 0.2484375 0.01640625 0.01953125
8 0.271875 0.246875 0.0171875 0.02109375
8 0.45703125 0.20625 0.02734375 0.05859375
8 0.40625 0.26328125 0.0203125 0.0109375
2 0.38203125 0.328125 0.034375 0.05
2 0.346875 0.334375 0.0390625 0.07890625
2 0.30859375 0.36328125 0.078125 0.128125
2 0.2734375 0.309375 0.04609375 0.06953125
2 0.1546875 0.490625 0.30859375 0.5