2 0.075 0.54765625 0.15 0.1796875
1 0.25859375 0.50078125 0.1 0.153125
2 0.31328125 0.53671875 0.01171875 0.046875
7 0.3265625 0.484375 0.009375 0.02109375
7 0.4046875 0.428125 0.01171875 0.02109375
7 0.4375 0.42578125 0.01171875 0.03046875
2 0.4953125 0.5484375 0.05546875 0.075
2 0.4125 0.5640625 0.08984375 0.14296875
2 0.3609375 0.525 0.034375 0.0609375
2 0.3375 0.51796875 0.01875 0.0609375
2 0.4578125 0.534375 0.0171875 0.046875
2 0.471875 0.521875 0.009375 0.034375
7 0.5140625 0.48515625 0.009375 0.01953125
5 0.69375 0.53203125 0.01171875 0.0515625
5 0.5453125 0.525 0.0171875 0.0609375
8 0.303125 0.41484375 0.02109375 0.0234375
8 0.6140625 0.3609375 0.01484375 0.065625
8 0.75 0.284375 0.02890625 0.1125