2 0.30390625 0.45625 0.021875 0.015625
2 0.2890625 0.45859375 0.0171875 0.03046875
2 0.3359375 0.50703125 0.02734375 0.04140625
2 0.359375 0.5109375 0.025 0.0375
2 0.4234375 0.509375 0.02890625 0.040625
2 0.453125 0.540625 0.06171875 0.1015625
2 0.5671875 0.54765625 0.075 0.08203125
8 0.415625 0.45859375 0.0171875 0.03046875
8 0.346875 0.459375 0.01328125 0.028125
8 0.328125 0.43359375 0.034375 0.040625
8 0.26875 0.36015625 0.0828125 0.0640625
7 0.690625 0.2 0.0203125 0.05859375
7 0.1515625 0.37734375 0.0140625 0.03046875