7 0.459375 0.3625 0.01015625 0.025
7 0.4 0.35859375 0.0078125 0.02109375
7 0.44609375 0.39140625 0.00703125 0.01640625
7 0.43125 0.38984375 0.0046875 0.02109375
8 0.4734375 0.365625 0.01640625 0.009375
8 0.52265625 0.36875 0.01171875 0.02109375
2 0.47265625 0.42578125 0.01953125 0.03359375
2 0.4875 0.4265625 0.01875 0.0390625
2 0.44375 0.4296875 0.0265625 0.03359375
2 0.45625 0.4140625 0.0125 0.0265625
2 0.4046875 0.4265625 0.03359375 0.05546875
2 0.37578125 0.44609375 0.0328125 0.08203125
2 0.2859375 0.43515625 0.0625 0.078125
2 0.540625 0.46953125 0.07109375 0.11796875
10 0.515625 0.41796875 0.04375 0.0765625
5 0.61640625 0.42578125 0.0140625 0.0515625
2 0.32421875 0.478125 0.08828125 0.1359375
2 0.4375 0.55546875 0.1453125 0.225
2 0.1265625 0.5296875 0.2515625 0.26796875