2 0.5421875 0.5140625 0.01015625 0.0140625
2 0.5515625 0.51328125 0.01015625 0.01796875
2 0.5578125 0.515625 0.01171875 0.0234375
2 0.56484375 0.515625 0.0140625 0.03046875
2 0.57578125 0.51875 0.0140625 0.040625
2 0.5859375 0.5265625 0.01640625 0.04453125
2 0.6046875 0.53125 0.034375 0.0515625
2 0.50859375 0.5125 0.01171875 0.01953125
2 0.4828125 0.521875 0.0265625 0.0375
2 0.4359375 0.50859375 0.025 0.01640625
2 0.4140625 0.51953125 0.0265625 0.04140625
2 0.371875 0.5328125 0.0609375 0.0984375
2 0.44375 0.5546875 0.07578125 0.09453125
2 0.2890625 0.5703125 0.103125 0.1125
7 0.1828125 0.12265625 0.02265625 0.09296875
7 0.165625 0.128125 0.01953125 0.09453125
7 0.2078125 0.12890625 0.02578125 0.10859375
7 0.5046875 0.48125 0.00703125 0.0140625
7 0.54140625 0.48125 0.00703125 0.0140625
7 0.534375 0.5 0.00390625 0.0125
8 0.58125 0.471875 0.009375 0.01640625
7 0.9828125 0.4296875 0.01953125 0.04296875