2 0.51484375 0.53984375 0.0078125 0.0125
2 0.509375 0.5421875 0.00703125 0.015625
2 0.5046875 0.546875 0.0078125 0.01640625
2 0.496875 0.54921875 0.00859375 0.015625
2 0.4890625 0.55 0.01015625 0.0234375
2 0.478125 0.55 0.015625 0.0234375
2 0.4640625 0.553125 0.0140625 0.02890625
2 0.45234375 0.553125 0.01875 0.0359375
2 0.4390625 0.55625 0.02421875 0.04296875
2 0.553125 0.5453125 0.0078125 0.015625
2 0.55859375 0.546875 0.00703125 0.02109375
2 0.5671875 0.546875 0.01171875 0.0234375
2 0.5796875 0.54921875 0.0203125 0.03359375
2 0.584375 0.5546875 0.0171875 0.03203125
2 0.59453125 0.5546875 0.01875 0.04296875
2 0.603125 0.553125 0.0171875 0.05546875
2 0.6359375 0.55625 0.0484375 0.075
2 0.6765625 0.56796875 0.05859375 0.09140625
2 0.71328125 0.58828125 0.0859375 0.115625
2 0.80546875 0.609375 0.1578125 0.1875
2 0.371875 0.596875 0.115625 0.1375
2 0.078125 0.65390625 0.15625 0.184375
2 0.9046875 0.67265625 0.18515625 0.3234375
7 0.5125 0.51015625 0.0046875 0.015625
7 0.253125 0.53125 0.021875 0.03046875
7 0.2765625 0.53125 0.01328125 0.0234375
8 0.2671875 0.453125 0.02109375 0.046875
8 0.70078125 0.446875 0.015625 0.02890625