8 0.47265625 0.2890625 0.01328125 0.00703125
8 0.5234375 0.28359375 0.00859375 0.00859375
8 0.48125 0.3046875 0.03125 0.028125
8 0.515625 0.303125 0.03359375 0.03359375
8 0.534375 0.32265625 0.00546875 0.0140625
8 0.453125 0.33984375 0.015625 0.0140625
8 0.46875 0.33828125 0.01328125 0.0109375
2 0.353125 0.38046875 0.03046875 0.034375
2 0.49140625 0.37421875 0.021875 0.0375
2 0.46015625 0.39375 0.0515625 0.07109375
2 0.5625 0.396875 0.059375 0.078125
8 0.39296875 0.33515625 0.015625 0.01796875
8 0.240625 0.32890625 0.0203125 0.02109375