2 0.5921875 0.52890625 0.0109375 0.01953125
2 0.6015625 0.53125 0.0171875 0.0265625
2 0.5859375 0.53203125 0.01171875 0.0234375
2 0.578125 0.53046875 0.0109375 0.02109375
2 0.56875 0.53046875 0.01328125 0.02109375
2 0.55859375 0.528125 0.009375 0.015625
2 0.553125 0.53046875 0.01171875 0.02109375
2 0.540625 0.53203125 0.0171875 0.0234375
2 0.53359375 0.5375 0.02421875 0.028125
2 0.49765625 0.54140625 0.03203125 0.04296875
2 0.6234375 0.53125 0.034375 0.046875
2 0.64140625 0.53828125 0.0390625 0.046875
2 0.8203125 0.52578125 0.10859375 0.078125
2 0.040625 0.5578125 0.08125 0.11875
8 0.475 0.19296875 0.046875 0.0640625
8 0.834375 0.32734375 0.05546875 0.08359375
8 0.97265625 0.26328125 0.0546875 0.1484375
8 0.98515625 0.365625 0.0296875 0.0609375
8 0.4234375 0.44140625 0.0234375 0.04453125
8 0.778125 0.40703125 0.01171875 0.0140625
8 0.69296875 0.35703125 0.01328125 0.028125
7 0.5515625 0.225 0.015625 0.028125
7 0.684375 0.4046875 0.0109375 0.021875
7 0.6109375 0.484375 0.009375 0.015625
7 0.571875 0.48203125 0.00703125 0.01640625
7 0.4359375 0.384375 0.01328125 0.046875
7 0.41015625 0.45859375 0.01328125 0.0265625
7 0.84296875 0.403125 0.025 0.0515625
7 0.778125 0.47109375 0.0078125 0.01953125
7 0.76328125 0.47265625 0.00859375 0.02109375
2 0.9734375 0.5328125 0.046875 0.078125
7 0.534375 0.5109375 0.0078125 0.0140625