7 0.90859375 0.2828125 0.040625 0.06953125
7 0.4890625 0.16015625 0.01875 0.078125
7 0.2109375 0.1703125 0.0125 0.071875
7 0.1046875 0.40859375 0.0203125 0.0359375
7 0.2265625 0.1734375 0.0125 0.065625
7 0.51171875 0.1609375 0.0171875 0.0765625
8 0.8921875 0.0640625 0.05859375 0.03046875
8 0.8671875 0.175 0.06640625 0.028125
8 0.8796875 0.121875 0.0109375 0.0359375
8 0.87578125 0.22421875 0.03203125 0.046875
8 0.553125 0.36953125 0.02109375 0.02109375
8 0.5546875 0.39453125 0.0109375 0.0265625
8 0.6578125 0.31953125 0.03203125 0.01953125
7 0.671875 0.37734375 0.01328125 0.03359375
7 0.65625 0.26796875 0.015625 0.02890625
7 0.4703125 0.403125 0.0078125 0.01640625
8 0.3734375 0.41328125 0.00859375 0.0125
8 0.37109375 0.43671875 0.0109375 0.02109375
5 0.6359375 0.46875 0.01171875 0.05703125
5 0.62421875 0.4625 0.0125 0.04453125
5 0.6765625 0.48203125 0.0109375 0.08359375
5 0.6921875 0.4859375 0.01328125 0.10546875
5 0.80625 0.4828125 0.01953125 0.0984375
5 0.78671875 0.490625 0.0171875 0.0984375
5 0.77109375 0.53046875 0.06015625 0.18046875
2 0.4453125 0.4578125 0.02890625 0.02109375
2 0.41640625 0.475 0.0359375 0.046875
2 0.365625 0.4875 0.04765625 0.06796875
2 0.39140625 0.47890625 0.02265625 0.046875
2 0.33125 0.4859375 0.02734375 0.046875
2 0.28671875 0.478125 0.03125 0.02109375
2 0.0484375 0.49765625 0.09296875 0.0890625
2 0.1671875 0.60078125 0.33046875 0.453125
5 0.8375 0.51015625 0.028125 0.1375
2 0.5203125 0.70078125 0.4046875 0.48359375