10 0.3921875 0.52265625 0.0234375 0.0625
2 0.3796875 0.5375 0.0203125 0.053125
2 0.3671875 0.540625 0.01953125 0.05390625
2 0.328125 0.53828125 0.06875 0.090625
2 0.1375 0.575 0.22109375 0.26640625
2 0.04375 0.6109375 0.0859375 0.321875
2 0.43125 0.55 0.05859375 0.096875
2 0.4703125 0.53984375 0.0109375 0.02890625
2 0.4859375 0.5375 0.01875 0.04453125
2 0.496875 0.546875 0.021875 0.04609375
2 0.51328125 0.54609375 0.02578125 0.05546875
2 0.5453125 0.559375 0.05546875 0.09453125
2 0.57578125 0.5828125 0.06171875 0.115625
2 0.6328125 0.58203125 0.1 0.15
2 0.76015625 0.62734375 0.25625 0.2640625