10 0.284375 0.559375 0.3296875 0.4375
2 0.5625 0.53046875 0.22734375 0.34609375
2 0.046875 0.5015625 0.09296875 0.14609375
2 0.11953125 0.478125 0.059375 0.14609375
2 0.090625 0.4640625 0.02421875 0.0625
8 0.8046875 0.21484375 0.075 0.1375
8 0.8046875 0.3109375 0.046875 0.04296875
8 0.953125 0.2703125 0.09140625 0.06640625
7 0.1734375 0.21015625 0.01171875 0.0625
7 0.328125 0.2359375 0.01171875 0.0640625
7 0.07265625 0.3859375 0.0078125 0.034375
7 0.0203125 0.3796875 0.0046875 0.04296875
7 0.0046875 0.4109375 0.0046875 0.03046875
7 0.70859375 0.2578125 0.009375 0.05859375