8 0.4609375 0.26953125 0.0171875 0.025
8 0.359375 0.35234375 0.00625 0.009375
8 0.4625 0.321875 0.01640625 0.00859375
8 0.453125 0.33359375 0.01484375 0.009375
8 0.4125 0.378125 0.01171875 0.0140625
8 0.46484375 0.34765625 0.02109375 0.0375
7 0.04921875 0.24296875 0.01015625 0.040625
7 0.0609375 0.2421875 0.0109375 0.04140625
7 0.33671875 0.27421875 0.00859375 0.03046875
7 0.353125 0.359375 0.00546875 0.015625
7 0.3796875 0.35625 0.00546875 0.0140625
2 0.2609375 0.4140625 0.0234375 0.02890625
2 0.2484375 0.41953125 0.015625 0.0234375
2 0.2375 0.42109375 0.0140625 0.0265625
2 0.2234375 0.421875 0.021875 0.03203125
2 0.21171875 0.42578125 0.02109375 0.0359375
2 0.1890625 0.4265625 0.0328125 0.05
2 0.359375 0.4046875 0.0078125 0.025
2 0.3484375 0.40625 0.01796875 0.03203125
2 0.40234375 0.403125 0.0109375 0.0265625
2 0.409375 0.40390625 0.0203125 0.03359375
2 0.4296875 0.4171875 0.03671875 0.05546875
2 0.4828125 0.42421875 0.0828125 0.10703125
2 0.5953125 0.4484375 0.16875 0.21953125
2 0.7234375 0.515625 0.3 0.30703125
2 0.153125 0.43359375 0.04921875 0.05390625
2 0.33125 0.41484375 0.03359375 0.05
2 0.38203125 0.409375 0.028125 0.04140625
2 0.88671875 0.58203125 0.225 0.48203125
8 0.09296875 0.36015625 0.02109375 0.0140625
7 0.084375 0.37734375 0.009375 0.01796875