8 0.3265625 0.725 0.0265625 0.015625
8 0.5109375 0.709375 0.0265625 0.01640625
8 0.5578125 0.74140625 0.00859375 0.02109375
8 0.459375 0.765625 0.009375 0.0125
8 0.37890625 0.771875 0.0125 0.0125
8 0.23203125 0.6921875 0.02109375 0.0125
7 0.22890625 0.728125 0.009375 0.034375
7 0.2875 0.7828125 0.00859375 0.02890625
7 0.38125 0.703125 0.0078125 0.028125
7 0.47734375 0.709375 0.00859375 0.0234375
8 0.2859375 0.759375 0.01875 0.0125
2 0.76484375 0.865625 0.19765625 0.171875
2 0.52734375 0.8484375 0.134375 0.19296875
2 0.25625 0.8984375 0.11484375 0.1359375
2 0.92109375 0.85 0.14296875 0.1515625
2 0.6125 0.82734375 0.06015625 0.10546875
2 0.665625 0.821875 0.06171875 0.0859375
2 0.325 0.85 0.06484375 0.096875
2 0.4484375 0.8109375 0.0265625 0.0484375
2 0.35859375 0.83828125 0.02109375 0.0609375
2 0.37578125 0.825 0.02265625 0.034375
2 0.3953125 0.81484375 0.01640625 0.028125
7 0.584375 0.67734375 0.01015625 0.03046875
7 0.5984375 0.67734375 0.0078125 0.0390625
7 0.62734375 0.74609375 0.01015625 0.01796875