2 0.159375 0.4296875 0.0453125 0.05390625
2 0.25390625 0.44296875 0.05546875 0.06953125
2 0.0328125 0.44296875 0.06484375 0.071875
2 0.0703125 0.42421875 0.04140625 0.046875
2 0.1078125 0.41796875 0.0390625 0.046875
2 0.1921875 0.409375 0.03125 0.0375
2 0.2296875 0.415625 0.04296875 0.04140625
2 0.13125 0.41484375 0.02578125 0.04140625
10 0.6625 0.44296875 0.24375 0.175
7 0.3453125 0.26015625 0.01875 0.0515625
7 0.3671875 0.33359375 0.015625 0.04140625
7 0.48046875 0.2359375 0.0296875 0.0890625
8 0.3140625 0.33125 0.015625 0.0234375
7 0.14453125 0.35625 0.00390625 0.02109375
7 0.16875 0.34140625 0.00234375 0.01640625