2 0.25546875 0.53515625 0.2109375 0.19453125
10 0.5859375 0.4265625 0.0734375 0.18203125
2 0.6734375 0.465625 0.07890625 0.0515625
2 0.1203125 0.46953125 0.08203125 0.09296875
2 0.1453125 0.4796875 0.0828125 0.0859375
2 0.19609375 0.478125 0.0390625 0.0625
10 0.3734375 0.46171875 0.06640625 0.05390625
2 0.5171875 0.4609375 0.03515625 0.0484375
8 0.4125 0.390625 0.015625 0.02890625
8 0.4265625 0.43359375 0.009375 0.0140625
8 0.4234375 0.4171875 0.009375 0.01640625
8 0.6796875 0.384375 0.015625 0.01640625
8 0.65859375 0.4015625 0.0125 0.0359375
8 0.678125 0.4140625 0.01171875 0.01640625
8 0.665625 0.4296875 0.01171875 0.02109375