2 0.54609375 0.49453125 0.13125 0.10859375
2 0.3625 0.48203125 0.07734375 0.071875
2 0.01171875 0.4671875 0.0234375 0.06796875
2 0.053125 0.4609375 0.0828125 0.10859375
2 0.1484375 0.5140625 0.1546875 0.24609375
2 0.278125 0.646875 0.34453125 0.39609375
8 0.36875 0.3453125 0.0421875 0.075
8 0.36796875 0.1671875 0.01484375 0.05546875
8 0.359375 0.22109375 0.0171875 0.025
8 0.36484375 0.24765625 0.04296875 0.02109375
8 0.4015625 0.40234375 0.02578125 0.059375
8 0.48125 0.359375 0.01484375 0.0375
8 0.478125 0.403125 0.0109375 0.034375
8 0.221875 0.38828125 0.025 0.015625
7 0.33125 0.3359375 0.01328125 0.040625