7 0.4359375 0.20390625 0.0203125 0.084375
7 0.6421875 0.37265625 0.01171875 0.05859375
7 0.62265625 0.3828125 0.0140625 0.05390625
2 0.746875 0.5359375 0.071875 0.0734375
2 0.7984375 0.534375 0.04453125 0.06640625
2 0.2953125 0.57578125 0.015625 0.01796875
2 0.3453125 0.57109375 0.0203125 0.0234375
2 0.3875 0.56015625 0.05 0.04296875
2 0.46875 0.55390625 0.05703125 0.0609375
2 0.6296875 0.584375 0.225 0.19296875
2 0.31015625 0.57890625 0.0171875 0.025
8 0.6328125 0.44453125 0.01875 0.04296875
7 0.821875 0.40859375 0.01171875 0.05859375
7 0.7921875 0.4265625 0.0140625 0.028125
7 0.76953125 0.3578125 0.01875 0.07890625
8 0.6296875 0.31796875 0.01640625 0.04140625