7 0.22421875 0.31171875 0.0078125 0.01640625
7 0.1890625 0.30703125 0.00859375 0.0140625
7 0.3125 0.24765625 0.0078125 0.01640625
7 0.22265625 0.546875 0.0109375 0.06796875
2 0.39609375 0.57734375 0.02421875 0.028125
2 0.3359375 0.60234375 0.0421875 0.046875
2 0.46953125 0.5484375 0.028125 0.021875
2 0.459375 0.56875 0.01953125 0.034375
2 0.56484375 0.54140625 0.0125 0.01953125
2 0.5625 0.5625 0.01640625 0.0265625
2 0.89921875 0.590625 0.19765625 0.2734375
2 0.6 0.58359375 0.01875 0.0265625
2 0.6046875 0.521875 0.009375 0.01640625
2 0.59140625 0.52421875 0.0125 0.0265625
2 0.578125 0.52734375 0.0125 0.02109375