2 0.3546875 0.7875 0.0171875 0.015625
2 0.328125 0.7828125 0.0171875 0.03203125
2 0.31328125 0.7828125 0.0203125 0.0359375
2 0.29921875 0.78515625 0.01875 0.03359375
2 0.278125 0.7921875 0.0265625 0.04296875
2 0.25078125 0.7953125 0.03203125 0.04453125
2 0.2203125 0.8 0.04140625 0.046875
2 0.175 0.81953125 0.07265625 0.07890625
2 0.0609375 0.825 0.11484375 0.14296875
2 0.428125 0.7828125 0.021875 0.028125
2 0.446875 0.78828125 0.015625 0.028125
2 0.4625 0.78828125 0.02734375 0.0359375
2 0.4890625 0.7875 0.03046875 0.053125
2 0.51171875 0.790625 0.0453125 0.06953125
2 0.5390625 0.803125 0.0546875 0.075
2 0.56875 0.81640625 0.05703125 0.09609375
2 0.6546875 0.846875 0.12421875 0.165625
2 0.85 0.88984375 0.2921875 0.2
2 0.3796875 0.7921875 0.01171875 0.01640625
7 0.39375 0.740625 0.00859375 0.021875
7 0.36953125 0.73359375 0.009375 0.0265625