8 0.103125 0.39453125 0.0703125 0.103125
10 0.153125 0.4546875 0.05390625 0.10546875
2 0.2546875 0.465625 0.02421875 0.01640625
8 0.3234375 0.453125 0.01640625 0.03359375
8 0.396875 0.428125 0.01015625 0.015625
2 0.484375 0.56953125 0.1046875 0.1234375
2 0.44453125 0.4890625 0.02734375 0.028125
2 0.359375 0.47265625 0.0125 0.02109375
2 0.37109375 0.471875 0.00859375 0.02109375
8 0.60234375 0.43828125 0.04296875 0.06953125
8 0.590625 0.384375 0.0234375 0.05390625
8 0.5890625 0.33828125 0.01953125 0.028125
2 0.2921875 0.46484375 0.0125 0.02109375
8 0.18203125 0.25234375 0.02734375 0.0359375
8 0.253125 0.259375 0.0234375 0.046875
8 0.20625 0.309375 0.0265625 0.03359375
8 0.35625 0.42734375 0.01484375 0.0140625