2 0.8375 0.65703125 0.3234375 0.39296875
2 0.65625 0.5984375 0.14140625 0.18046875
2 0.5703125 0.5890625 0.07421875 0.1234375
2 0.5265625 0.58828125 0.021875 0.08203125
2 0.5109375 0.57734375 0.03359375 0.0859375
2 0.490625 0.609375 0.009375 0.028125
8 0.671875 0.390625 0.04140625 0.07109375
2 0.18515625 0.578125 0.14453125 0.153125
2 0.2625 0.5796875 0.0671875 0.121875
2 0.309375 0.58828125 0.0265625 0.078125
2 0.340625 0.58359375 0.02890625 0.065625
2 0.3625 0.590625 0.015625 0.05390625
2 0.3796875 0.59609375 0.0171875 0.04296875
2 0.39609375 0.5984375 0.0171875 0.0375
2 0.4125 0.6 0.015625 0.0234375
2 0.4328125 0.60078125 0.01875 0.025