7 0.18203125 0.3890625 0.0234375 0.028125
7 0.3421875 0.334375 0.0171875 0.0359375
7 0.4953125 0.35234375 0.01171875 0.025
8 0.790625 0.36015625 0.02578125 0.015625
8 0.79140625 0.41953125 0.01796875 0.04140625
8 0.48046875 0.43046875 0.01171875 0.015625
7 0.78125 0.4515625 0.0078125 0.01640625
7 0.80546875 0.45 0.01875 0.0234375
8 0.603125 0.3828125 0.01171875 0.03046875
2 0.4390625 0.49140625 0.03359375 0.05546875
2 0.5 0.503125 0.02265625 0.03359375
2 0.3484375 0.48046875 0.01328125 0.03203125
2 0.325 0.4703125 0.02734375 0.03046875
2 0.5390625 0.5078125 0.04296875 0.059375
2 0.478125 0.490625 0.02734375 0.04453125
2 0.38671875 0.51953125 0.09609375 0.13046875
5 0.60625 0.52421875 0.00859375 0.040625
5 0.11640625 0.459375 0.01171875 0.0609375
5 0.1609375 0.4734375 0.01171875 0.065625