7 0.45625 0.3734375 0.00703125 0.0234375
7 0.48359375 0.38359375 0.0046875 0.025
7 0.4625 0.421875 0.00390625 0.01796875
7 0.4359375 0.41875 0.00625 0.0140625
7 0.434375 0.44375 0.00390625 0.0140625
5 0.36875 0.47421875 0.01328125 0.075
5 0.3546875 0.47734375 0.0140625 0.084375
5 0.33046875 0.4765625 0.01328125 0.06796875
5 0.3171875 0.46953125 0.01484375 0.0859375
2 0.4421875 0.465625 0.0078125 0.0140625
2 0.45625 0.49296875 0.04140625 0.06953125
2 0.5625 0.46796875 0.0453125 0.05546875
8 0.5125 0.41484375 0.01171875 0.0125
2 0.6171875 0.49609375 0.09296875 0.0890625
2 0.72890625 0.4734375 0.12890625 0.0484375
2 0.51640625 0.53046875 0.1125 0.1734375
2 0.7625 0.72734375 0.47421875 0.4765625
2 0.94375 0.57890625 0.11015625 0.1484375
8 0.1734375 0.14609375 0.06953125 0.09453125
8 0.3921875 0.27890625 0.01875 0.03359375