7 0.1296875 0.421875 0.0046875 0.01796875
7 0.1171875 0.42421875 0.00625 0.021875
2 0.09609375 0.446875 0.03046875 0.0265625
2 0.1203125 0.44453125 0.02109375 0.01796875
2 0.1484375 0.446875 0.015625 0.0125
2 0.18125 0.440625 0.01875 0.01953125
2 0.203125 0.45234375 0.0265625 0.028125
2 0.22421875 0.4453125 0.02421875 0.04609375
2 0.24609375 0.45078125 0.034375 0.04296875
2 0.29140625 0.45078125 0.0640625 0.0875
2 0.3390625 0.459375 0.09296875 0.075
2 0.478125 0.51875 0.1328125 0.11640625
2 0.6984375 0.55625 0.35390625 0.29453125
2 0.9109375 0.4921875 0.06875 0.08203125
2 0.96171875 0.5046875 0.07109375 0.084375
2 0.36484375 0.49921875 0.09375 0.0625