2 0.834375 0.39453125 0.2390625 0.246875
2 0.5734375 0.32578125 0.071875 0.090625
2 0.36796875 0.31015625 0.065625 0.0890625
2 0.46640625 0.290625 0.03203125 0.05546875
2 0.5203125 0.29453125 0.0359375 0.05546875
2 0.440625 0.2859375 0.01875 0.03046875
2 0.1296875 0.2875 0.11171875 0.1140625
2 0.21875 0.28671875 0.07109375 0.08203125
2 0.06640625 0.315625 0.04296875 0.0640625
2 0.2578125 0.29140625 0.02734375 0.046875
2 0.3265625 0.28828125 0.03125 0.046875
2 0.49453125 0.28671875 0.02421875 0.03359375
7 0.4546875 0.23828125 0.0078125 0.015625
7 0.4671875 0.2484375 0.00859375 0.015625
7 0.4953125 0.253125 0.00859375 0.0140625
2 0.0265625 0.31953125 0.05234375 0.0609375