7 0.4484375 0.409375 0.0109375 0.034375
7 0.396875 0.45625 0.009375 0.03046875
7 0.3078125 0.553125 0.01171875 0.028125
7 0.525 0.55703125 0.0109375 0.02109375
7 0.40546875 0.459375 0.00625 0.028125
7 0.228125 0.52109375 0.02265625 0.028125
7 0.5828125 0.509375 0.01171875 0.03359375
8 0.22578125 0.42890625 0.02890625 0.0234375
8 0.2421875 0.40703125 0.025 0.02109375
8 0.575 0.41015625 0.0265625 0.0234375
8 0.51875 0.5328125 0.01875 0.0140625
8 0.525 0.5 0.0171875 0.01953125
8 0.4828125 0.56640625 0.0109375 0.02109375
8 0.46953125 0.5703125 0.0078125 0.01953125
8 0.3796875 0.57109375 0.0078125 0.0265625
8 0.3609375 0.57734375 0.01171875 0.01953125
2 0.4125 0.590625 0.01171875 0.028125
2 0.403125 0.59375 0.0109375 0.028125
2 0.3921875 0.6015625 0.0171875 0.03046875
2 0.38203125 0.603125 0.01953125 0.03359375
2 0.446875 0.58984375 0.01171875 0.02109375
2 0.45703125 0.59453125 0.01484375 0.034375
2 0.4640625 0.60078125 0.015625 0.04140625
2 0.484375 0.6125 0.0359375 0.0515625
2 0.521875 0.6234375 0.04765625 0.0890625
2 0.5578125 0.63359375 0.07109375 0.0984375
2 0.6265625 0.653125 0.12109375 0.153125
2 0.2828125 0.6265625 0.06484375 0.1125
2 0.2390625 0.63515625 0.0859375 0.1359375
2 0.359375 0.61328125 0.03828125 0.0484375
2 0.134375 0.65703125 0.2015625 0.2265625
2 0.80703125 0.709375 0.30546875 0.31796875
2 0.93125 0.80703125 0.13671875 0.384375
7 0.4328125 0.5703125 0.00625 0.01953125
7 0.421875 0.5703125 0.00625 0.01953125