7 0.4859375 0.39375 0.01875 0.084375
8 0.70390625 0.49375 0.01875 0.1015625
8 0.3796875 0.4234375 0.0171875 0.034375
8 0.52734375 0.56953125 0.009375 0.046875
5 0.9140625 0.640625 0.02578125 0.121875
5 0.9421875 0.653125 0.021875 0.13359375
2 0.45390625 0.6203125 0.01875 0.025
2 0.471875 0.61796875 0.01875 0.02890625
2 0.496875 0.62578125 0.02109375 0.0390625
2 0.5140625 0.6265625 0.028125 0.04140625
2 0.53203125 0.6296875 0.02421875 0.04296875
2 0.5546875 0.6359375 0.0375 0.059375
2 0.6015625 0.64609375 0.0671875 0.0890625
3 0.3125 0.64609375 0.05390625 0.12109375
5 0.3953125 0.6421875 0.01875 0.10859375
2 0.74765625 0.6625 0.1109375 0.05859375