2 0.7703125 0.6046875 0.14765625 0.15390625
2 0.5609375 0.56796875 0.0328125 0.053125
2 0.50546875 0.56015625 0.01640625 0.0265625
2 0.48125 0.56328125 0.0203125 0.0265625
2 0.4515625 0.565625 0.0140625 0.021875
2 0.11875 0.578125 0.1125 0.071875
2 0.2328125 0.57578125 0.0296875 0.0265625
2 0.2109375 0.5734375 0.0171875 0.021875
2 0.3109375 0.565625 0.02890625 0.02109375
2 0.3375 0.565625 0.0203125 0.021875
2 0.3625 0.5640625 0.01796875 0.01953125
2 0.38046875 0.559375 0.015625 0.02890625
2 0.396875 0.559375 0.01171875 0.0140625
8 0.421875 0.509375 0.03359375 0.025