2 0.04921875 0.51484375 0.096875 0.10859375
2 0.3859375 0.5 0.06640625 0.09140625
2 0.425 0.48359375 0.02421875 0.03359375
2 0.44140625 0.4796875 0.0125 0.02109375
2 0.51328125 0.49765625 0.0625 0.06953125
2 0.5421875 0.55546875 0.115625 0.146875
2 0.7109375 0.625 0.23828125 0.26640625
2 0.465625 0.47734375 0.0171875 0.028125
7 0.19375 0.16171875 0.02421875 0.059375
7 0.4609375 0.24765625 0.015625 0.0484375
7 0.1703125 0.178125 0.0140625 0.065625
7 0.15625 0.403125 0.0171875 0.0265625
8 0.16875 0.378125 0.034375 0.0125
8 0.5140625 0.36484375 0.0125 0.03046875
7 0.409375 0.43515625 0.01015625 0.01796875
7 0.4421875 0.43125 0.00625 0.0140625
2 0.87265625 0.64765625 0.2515625 0.4734375
5 0.1875 0.48515625 0.01171875 0.046875
2 0.58984375 0.53046875 0.0328125 0.08359375