7 0.61875 0.37421875 0.009375 0.02109375
7 0.6234375 0.3984375 0.0109375 0.0234375
7 0.371875 0.34140625 0.0109375 0.034375
7 0.3625 0.371875 0.01328125 0.02109375
8 0.62578125 0.35078125 0.0171875 0.02109375
8 0.67109375 0.36875 0.02109375 0.01953125
2 0.5734375 0.4375 0.03046875 0.040625
2 0.596875 0.49921875 0.05234375 0.075
2 0.76796875 0.54921875 0.31484375 0.3484375
2 0.30625 0.465625 0.109375 0.1234375
2 0.2734375 0.54140625 0.11875 0.2109375
10 0.9515625 0.57734375 0.0953125 0.178125
2 0.140625 0.59921875 0.28125 0.3484375
2 0.46875 0.6203125 0.31640625 0.4234375
2 0.0265625 0.75703125 0.053125 0.4078125
2 0.9609375 0.75859375 0.078125 0.32109375
8 0.3140625 0.3484375 0.03203125 0.04453125