7 0.5078125 0.3671875 0.003125 0.01953125
7 0.44375 0.365625 0.00546875 0.01640625
8 0.5453125 0.371875 0.00859375 0.0140625
8 0.575 0.33203125 0.00859375 0.0234375
2 0.1609375 0.409375 0.06796875 0.05546875
2 0.325 0.4 0.03125 0.04453125
2 0.375 0.40078125 0.03515625 0.0359375
2 0.0078125 0.40390625 0.01484375 0.07109375
2 0.5234375 0.4 0.009375 0.02890625
2 0.534375 0.40390625 0.01015625 0.03046875
2 0.54375 0.4 0.015625 0.034375
2 0.55703125 0.40859375 0.02421875 0.0515625
2 0.58515625 0.41796875 0.05625 0.078125
2 0.42265625 0.403125 0.015625 0.02109375
7 0.73203125 0.36875 0.01015625 0.05
2 0.4828125 0.4078125 0.0234375 0.03203125
2 0.5078125 0.40078125 0.01796875 0.0234375