7 0.4796875 0.234375 0.00703125 0.028125
7 0.384375 0.228125 0.00859375 0.02890625
7 0.4453125 0.27265625 0.00390625 0.01953125
7 0.38671875 0.26640625 0.00546875 0.021875
7 0.2984375 0.259375 0.00546875 0.0375
7 0.26328125 0.26015625 0.00703125 0.034375
8 0.51328125 0.27109375 0.00703125 0.028125
8 0.53984375 0.2578125 0.0125 0.01953125
2 0.38203125 0.328125 0.0125 0.0375
2 0.40859375 0.315625 0.01796875 0.04140625
2 0.45390625 0.315625 0.01953125 0.028125
2 0.45 0.31953125 0.0109375 0.02890625
2 0.35390625 0.32734375 0.0515625 0.1
2 0.4328125 0.32421875 0.03046875 0.04453125
2 0.490625 0.33046875 0.06015625 0.0875
2 0.590625 0.36796875 0.14375 0.19140625
8 0.3171875 0.26171875 0.00703125 0.01953125
10 0.8578125 0.30078125 0.28203125 0.46953125
1 0.6765625 0.33203125 0.103125 0.1890625
8 0.5765625 0.225 0.01171875 0.0140625
8 0.56875 0.246875 0.01328125 0.00859375