5 0.55546875 0.5234375 0.0203125 0.109375
5 0.6484375 0.56328125 0.046875 0.2109375
5 0.3734375 0.50546875 0.0140625 0.046875
8 0.14453125 0.325 0.01875 0.09453125
8 0.48359375 0.42890625 0.01171875 0.015625
8 0.51015625 0.4578125 0.01171875 0.0140625
8 0.66796875 0.41171875 0.028125 0.02109375
8 0.6234375 0.47578125 0.0125 0.00859375
8 0.7296875 0.409375 0.01875 0.0515625
8 0.51015625 0.428125 0.00859375 0.01796875
7 0.2390625 0.459375 0.00625 0.0265625
7 0.284375 0.465625 0.00625 0.02890625
7 0.353125 0.4328125 0.00703125 0.03203125
7 0.45234375 0.4234375 0.0046875 0.0265625
7 0.23125 0.45859375 0.00625 0.03359375
7 0.2765625 0.4640625 0.00625 0.03203125
7 0.3453125 0.4328125 0.0078125 0.03203125
2 0.44296875 0.41796875 0.0078125 0.03359375
2 0.34375 0.5 0.0265625 0.0265625
2 0.303125 0.5109375 0.0140625 0.03203125
2 0.29140625 0.5109375 0.0203125 0.040625
2 0.27109375 0.5125 0.025 0.053125
2 0.2546875 0.515625 0.028125 0.059375
2 0.22421875 0.521875 0.0484375 0.065625
2 0.165625 0.521875 0.08203125 0.1015625
2 0.1125 0.5328125 0.09609375 0.1140625
2 0.4 0.5015625 0.01796875 0.02109375
2 0.42109375 0.51015625 0.02890625 0.04296875
2 0.4609375 0.5 0.01484375 0.021875
2 0.4828125 0.5046875 0.04140625 0.03203125
2 0.534375 0.52265625 0.02890625 0.0609375
2 0.5875 0.51953125 0.02421875 0.04296875
2 0.6078125 0.525 0.040625 0.04453125
2 0.7375 0.5640625 0.146875 0.12890625
2 0.0375 0.540625 0.07421875 0.153125
2 0.9875 0.56328125 0.025 0.08046875
7 0.38203125 0.459375 0.00625 0.01640625
2 0.92734375 0.54609375 0.1234375 0.0984375
2 0.84375 0.5328125 0.08671875 0.0890625
2 0.6609375 0.5484375 0.08984375 0.12109375
2 0.51640625 0.521875 0.025 0.04296875