8 0.53125 0.3828125 0.021875 0.04609375
8 0.3765625 0.36015625 0.0984375 0.03359375
2 0.2546875 0.4359375 0.04140625 0.0640625
2 0.228125 0.4390625 0.0140625 0.0265625
2 0.20859375 0.440625 0.03203125 0.03046875
2 0.178125 0.44375 0.01484375 0.028125
2 0.1375 0.446875 0.0203125 0.028125
2 0.28671875 0.4578125 0.05078125 0.075
2 0.0296875 0.4890625 0.05859375 0.1609375
2 0.553125 0.440625 0.0140625 0.01796875
2 0.50078125 0.43984375 0.015625 0.021875
2 0.384375 0.4953125 0.17578125 0.25546875
2 0.6484375 0.446875 0.0203125 0.0265625
2 0.9125 0.465625 0.0453125 0.0484375
2 0.56953125 0.43203125 0.0171875 0.025
2 0.5875 0.43046875 0.025 0.028125