2 0.1296875 0.6109375 0.25859375 0.2875
2 0.803125 0.825 0.39375 0.35
2 0.62734375 0.6984375 0.246875 0.30703125
2 0.46015625 0.59375 0.1296875 0.1890625
2 0.23125 0.521875 0.03125 0.065625
2 0.259375 0.53046875 0.021875 0.053125
2 0.27109375 0.51953125 0.03515625 0.05546875
2 0.30390625 0.52265625 0.04609375 0.05859375
2 0.33828125 0.51328125 0.02265625 0.02890625
2 0.378125 0.51796875 0.02421875 0.03359375
2 0.40625 0.509375 0.03125 0.0359375
5 0.409375 0.52265625 0.01640625 0.0390625
8 0.728125 0.32265625 0.03125 0.04140625
8 0.7265625 0.3796875 0.034375 0.06796875
8 0.4421875 0.43515625 0.0234375 0.015625
7 0.33671875 0.42578125 0.00546875 0.0390625
7 0.4171875 0.434375 0.00546875 0.0359375