8 0.5328125 0.528125 0.01015625 0.015625
8 0.64375 0.1859375 0.01796875 0.03203125
7 0.5 0.49765625 0.0078125 0.02109375
7 0.646875 0.25078125 0.01484375 0.05546875
7 0.90078125 0.4421875 0.01796875 0.0375
7 0.9125 0.47890625 0.0125 0.03203125
7 0.125 0.446875 0.01875 0.0609375
7 0.490625 0.490625 0.00625 0.03203125
2 0.225 0.60078125 0.0671875 0.11640625
2 0.496875 0.56171875 0.01640625 0.021875
2 0.46875 0.56328125 0.01875 0.02890625
2 0.446875 0.5640625 0.0265625 0.0359375
6 0.16953125 0.65546875 0.09453125 0.29140625
3 0.1578125 0.71640625 0.08359375 0.2109375
2 0.98125 0.60078125 0.03515625 0.0734375
2 0.93359375 0.578125 0.13203125 0.09140625
2 0.78984375 0.5609375 0.0515625 0.07109375