7 0.175 0.35546875 0.0140625 0.040625
7 0.4828125 0.4 0.01015625 0.02109375
8 0.08203125 0.365625 0.05625 0.03359375
8 0.509375 0.39296875 0.0328125 0.01640625
8 0.5171875 0.41171875 0.01171875 0.03046875
8 0.4921875 0.47734375 0.01015625 0.01640625
8 0.52421875 0.45234375 0.01015625 0.0140625
8 0.53984375 0.446875 0.0078125 0.025
8 0.6640625 0.36015625 0.0390625 0.034375
8 0.6671875 0.39375 0.03671875 0.03359375
8 0.725 0.36484375 0.0234375 0.05859375
7 0.2296875 0.484375 0.01171875 0.028125
7 0.61328125 0.4265625 0.01015625 0.0234375
2 0.46015625 0.50859375 0.0140625 0.01796875
2 0.44375 0.51015625 0.01875 0.01796875
2 0.425 0.51875 0.0140625 0.01640625
2 0.4078125 0.5203125 0.0171875 0.01796875
2 0.484375 0.50859375 0.01875 0.0234375
2 0.50234375 0.5203125 0.02265625 0.04140625
2 0.528125 0.52578125 0.046875 0.0625
2 0.5765625 0.52890625 0.06328125 0.0890625
2 0.87421875 0.48125 0.09609375 0.13359375
2 0.36875 0.54609375 0.0671875 0.09296875
2 0.6453125 0.540625 0.11640625 0.13046875
2 0.0359375 0.57734375 0.071875 0.103125
5 0.09765625 0.54765625 0.02265625 0.06953125
2 0.953125 0.46796875 0.09296875 0.165625