7 0.51484375 0.0296875 0.01796875 0.05703125
7 0.19140625 0.1984375 0.01171875 0.0375
7 0.534375 0.03046875 0.015625 0.0609375
7 0.91328125 0.23671875 0.046875 0.05859375
8 0.575 0.29609375 0.0375 0.03203125
2 0.034375 0.484375 0.0671875 0.3140625
2 0.1296875 0.3671875 0.03671875 0.0390625
2 0.0921875 0.365625 0.0421875 0.04140625
2 0.89609375 0.41875 0.04140625 0.0515625
2 0.8546875 0.4171875 0.0375 0.04609375
2 0.8265625 0.4140625 0.04296875 0.046875
2 0.6984375 0.3953125 0.028125 0.04609375
2 0.66875 0.3953125 0.034375 0.04609375
2 0.3171875 0.38125 0.0328125 0.05703125
2 0.5453125 0.396875 0.034375 0.04609375
2 0.50703125 0.38671875 0.04453125 0.078125
2 0.4375 0.37578125 0.028125 0.0390625
2 0.403125 0.3734375 0.03203125 0.0515625
2 0.3546875 0.40078125 0.0734375 0.1015625
2 0.9296875 0.615625 0.1375 0.59140625
8 0.88359375 0.140625 0.0734375 0.046875
8 0.9015625 0.071875 0.03671875 0.034375
7 0.640625 0.103125 0.04453125 0.053125