7 0.41328125 0.734375 0.0046875 0.0125
8 0.45 0.7515625 0.0078125 0.02109375
2 0.3375 0.78515625 0.03203125 0.02890625
2 0.309375 0.79140625 0.0234375 0.0375
2 0.13828125 0.83046875 0.13046875 0.121875
2 0.4296875 0.775 0.009375 0.028125
2 0.4390625 0.78046875 0.00859375 0.03203125
2 0.4515625 0.784375 0.02265625 0.0359375
2 0.4640625 0.78984375 0.02109375 0.040625
2 0.48125 0.796875 0.0265625 0.05
2 0.5078125 0.803125 0.04140625 0.0875
2 0.54375 0.8078125 0.06796875 0.10390625
2 0.5734375 0.8296875 0.06328125 0.11640625
2 0.6609375 0.84140625 0.14765625 0.2
2 0.8421875 0.86953125 0.3140625 0.25703125
2 0.3890625 0.7921875 0.03671875 0.05390625
2 0.275 0.7859375 0.0453125 0.06953125
7 0.36015625 0.7375 0.0046875 0.009375