2 0.8921875 0.35859375 0.09140625 0.071875
2 0.8234375 0.35625 0.0765625 0.05546875
2 0.7625 0.353125 0.0453125 0.0515625
2 0.715625 0.353125 0.04609375 0.040625
2 0.66875 0.353125 0.025 0.025
2 0.615625 0.346875 0.021875 0.021875
2 0.4203125 0.3640625 0.03828125 0.0484375
2 0.5828125 0.353125 0.03515625 0.03203125
2 0.353125 0.36328125 0.05078125 0.065625
2 0.3015625 0.34296875 0.0390625 0.034375
2 0.9609375 0.359375 0.07734375 0.096875
2 0.2609375 0.34375 0.02578125 0.01796875
2 0.178125 0.35859375 0.0359375 0.01640625
2 0.140625 0.36328125 0.02734375 0.025
2 0.0828125 0.36953125 0.03046875 0.0265625
7 0.3296875 0.31484375 0.00546875 0.00859375
7 0.3828125 0.3265625 0.0078125 0.0109375
8 0.8171875 0.303125 0.03515625 0.08046875
8 0.5421875 0.334375 0.00859375 0.021875
8 0.1265625 0.28359375 0.01875 0.03359375
8 0.44375 0.34296875 0.0046875 0.0109375
2 0.51796875 0.34609375 0.025 0.01796875
2 0.4734375 0.3515625 0.0453125 0.0109375
2 0.396875 0.34765625 0.01953125 0.0125
2 0.040625 0.36875 0.04140625 0.034375