7 0.534375 0.271875 0.0078125 0.0125
7 0.56875 0.30546875 0.00546875 0.009375
8 0.490625 0.284375 0.01328125 0.01796875
8 0.5078125 0.28515625 0.01640625 0.02109375
8 0.52578125 0.28828125 0.0140625 0.02109375
8 0.4 0.284375 0.00859375 0.01953125
7 0.609375 0.32421875 0.00546875 0.015625
7 0.565625 0.32890625 0.00625 0.0125
2 0.5265625 0.34609375 0.015625 0.02890625
2 0.5515625 0.34921875 0.0125 0.021875
2 0.584375 0.36015625 0.0109375 0.0234375
2 0.39921875 0.328125 0.015625 0.028125
2 0.3859375 0.3296875 0.02421875 0.0515625
2 0.378125 0.340625 0.01875 0.059375
2 0.36953125 0.340625 0.03515625 0.09140625
2 0.509375 0.35234375 0.0296875 0.090625
2 0.325 0.3515625 0.0765625 0.109375
2 0.453125 0.39609375 0.1328125 0.196875
2 0.5640625 0.359375 0.02890625 0.04140625
8 0.1453125 0.05546875 0.04921875 0.03203125
7 0.1578125 0.17578125 0.00859375 0.02890625
7 0.1328125 0.00546875 0.034375 0.0109375
7 0.128125 0.171875 0.02734375 0.05390625
8 0.3921875 0.28203125 0.0109375 0.00703125
8 0.3875 0.27578125 0.00703125 0.00546875