7 0.4765625 0.3734375 0.0109375 0.01953125
7 0.3390625 0.375 0.01015625 0.01640625
8 0.115625 0.359375 0.02265625 0.034375
8 0.5515625 0.309375 0.07578125 0.04296875
8 0.60234375 0.35625 0.02265625 0.05
8 0.628125 0.30703125 0.02265625 0.028125
8 0.60390625 0.39765625 0.025 0.040625
8 0.4796875 0.44765625 0.0078125 0.0125
7 0.415625 0.43046875 0.00546875 0.015625
7 0.403125 0.434375 0.0078125 0.0140625
2 0.296875 0.4953125 0.09375 0.12109375
2 0.509375 0.478125 0.02890625 0.0359375
2 0.48046875 0.4703125 0.01875 0.0265625
2 0.4296875 0.46328125 0.0203125 0.009375