7 0.39375 0.215625 0.01328125 0.0484375
2 0.16875 0.38046875 0.0265625 0.02890625
2 0.3328125 0.33671875 0.0140625 0.0109375
2 0.29765625 0.34140625 0.0140625 0.02109375
2 0.2796875 0.353125 0.02734375 0.0359375
2 0.2625 0.371875 0.0203125 0.028125
2 0.2953125 0.390625 0.05234375 0.05
2 0.3125 0.3671875 0.0328125 0.04140625
2 0.35625 0.37734375 0.021875 0.02890625
2 0.34609375 0.3609375 0.01796875 0.040625
2 0.5546875 0.49765625 0.2453125 0.2859375
5 0.0078125 0.37109375 0.015625 0.09296875
2 0.034375 0.390625 0.02890625 0.05546875
2 0.08046875 0.44296875 0.07265625 0.140625
2 0.03046875 0.50625 0.0609375 0.16953125
2 0.31875 0.47578125 0.1171875 0.171875
7 0.240625 0.275 0.00625 0.0234375
2 0.803125 0.5921875 0.39296875 0.39609375
2 0.10625 0.41875 0.1140625 0.1234375
7 0.1265625 0.3203125 0.00625 0.0109375
7 0.190625 0.27734375 0.0046875 0.02109375
7 0.2484375 0.26796875 0.00546875 0.01953125
7 0.203125 0.33984375 0.0046875 0.0140625
7 0.2109375 0.33984375 0.00390625 0.0140625
8 0.06484375 0.271875 0.02265625 0.0125
8 0.2875 0.3171875 0.00859375 0.0140625
7 0.47421875 0.32421875 0.0125 0.0140625
2 0.3109375 0.33671875 0.01640625 0.02109375