7 0.79609375 0.22890625 0.01953125 0.05546875
7 0.77734375 0.228125 0.01875 0.0609375
7 0.321875 0.3328125 0.0109375 0.040625
8 0.75703125 0.3078125 0.03125 0.025
8 0.7578125 0.34609375 0.0171875 0.046875
8 0.75703125 0.384375 0.0125 0.0265625
5 0.6578125 0.484375 0.0140625 0.046875
5 0.2984375 0.484375 0.015625 0.084375
5 0.28125 0.4828125 0.021875 0.09453125
5 0.2515625 0.4828125 0.0203125 0.08203125
5 0.228125 0.471875 0.01953125 0.07890625
5 0.9109375 0.471875 0.01171875 0.02109375
5 0.8984375 0.48671875 0.0140625 0.0484375
7 0.9328125 0.415625 0.01171875 0.02109375
2 0.425 0.490625 0.0265625 0.0765625
2 0.59296875 0.48125 0.02265625 0.0390625
1 0.5265625 0.4265625 0.0765625 0.1
2 0.3609375 0.490625 0.11328125 0.14296875
2 0.4984375 0.50859375 0.15 0.221875
2 0.1125 0.621875 0.225 0.49375
2 0.95 0.53984375 0.09765625 0.2484375
2 0.7921875 0.5578125 0.2171875 0.30390625
8 0.9734375 0.3328125 0.03984375 0.021875
8 0.93203125 0.353125 0.01875 0.03046875
7 0.634375 0.434375 0.00390625 0.01796875