7 0.33125 0.38984375 0.01171875 0.02109375
7 0.465625 0.384375 0.01171875 0.02109375
7 0.5140625 0.44765625 0.00703125 0.02109375
7 0.3890625 0.459375 0.00546875 0.01640625
7 0.35390625 0.459375 0.00703125 0.01953125
2 0.4265625 0.52421875 0.025 0.05546875
2 0.5 0.52578125 0.03125 0.0640625
2 0.3859375 0.53671875 0.05703125 0.07890625
2 0.2734375 0.534375 0.07734375 0.09609375
2 0.215625 0.546875 0.0359375 0.06953125
2 0.1546875 0.55234375 0.1046875 0.14296875
2 0.07734375 0.5765625 0.1546875 0.1734375
2 0.02265625 0.6390625 0.0453125 0.125
2 0.8796875 0.60546875 0.2375 0.2109375
2 0.459375 0.528125 0.06015625 0.0859375
2 0.30859375 0.575 0.14921875 0.13046875
8 0.5234375 0.46015625 0.01875 0.00859375