8 0.45390625 0.425 0.06875 0.07109375
8 0.5234375 0.43125 0.0703125 0.06796875
8 0.58671875 0.49765625 0.0171875 0.034375
8 0.496875 0.503125 0.01484375 0.021875
8 0.1703125 0.23671875 0.05078125 0.1125
2 0.43125 0.534375 0.01328125 0.025
2 0.3890625 0.534375 0.01171875 0.01953125
2 0.3453125 0.53046875 0.025 0.03046875
2 0.221875 0.53359375 0.090625 0.04140625
10 0.0484375 0.48359375 0.0953125 0.13203125
2 0.3015625 0.5421875 0.0828125 0.1125
2 0.40234375 0.540625 0.0203125 0.0375
2 0.45 0.540625 0.02734375 0.05
2 0.4703125 0.5375 0.021875 0.03046875
2 0.61875 0.55390625 0.08125 0.10703125
2 0.41875 0.5375 0.0109375 0.01640625