8 0.6765625 0.209375 0.0390625 0.084375
2 0.45625 0.41328125 0.121875 0.18046875
2 0.56640625 0.40078125 0.05078125 0.071875
2 0.3171875 0.403125 0.1015625 0.12109375
2 0.35 0.38828125 0.07109375 0.10546875
2 0.3875 0.38359375 0.03046875 0.053125
8 0.18671875 0.1359375 0.0515625 0.021875
8 0.16875 0.215625 0.01015625 0.040625
7 0.1484375 0.21484375 0.02578125 0.0375
0 0.7 0.43046875 0.03984375 0.096875
7 0.45 0.2671875 0.01015625 0.03359375
7 0.50546875 0.2765625 0.01015625 0.025
7 0.5875 0.34453125 0.0125 0.025