7 0.4765625 0.3546875 0.009375 0.021875
7 0.69375 0.346875 0.01171875 0.02890625
7 0.559375 0.38984375 0.00625 0.015625
7 0.5953125 0.41015625 0.00703125 0.01640625
7 0.61015625 0.403125 0.00703125 0.01640625
2 0.5203125 0.440625 0.0296875 0.0234375
2 0.4828125 0.45703125 0.0421875 0.0515625
2 0.3859375 0.4578125 0.0671875 0.078125
8 0.196875 0.18515625 0.03828125 0.040625
2 0.046875 0.528125 0.09375 0.365625
2 0.6015625 0.43984375 0.02265625 0.0265625
2 0.5921875 0.459375 0.0625 0.04296875
2 0.6484375 0.446875 0.02265625 0.02890625
2 0.76875 0.45859375 0.19921875 0.1640625
8 0.8359375 0.34609375 0.015625 0.00859375
5 0.2734375 0.45390625 0.121875 0.07890625
5 0.109375 0.453125 0.0265625 0.13203125
5 0.084375 0.425 0.015625 0.07109375
5 0.065625 0.4125 0.0109375 0.040625