8 0.3484375 0.4390625 0.0296875 0.05390625
8 0.34375 0.49453125 0.01484375 0.01953125
8 0.553125 0.5484375 0.009375 0.03046875
8 0.6703125 0.49453125 0.0140625 0.05390625
8 0.59375 0.528125 0.01015625 0.0234375
2 0.578125 0.60078125 0.04453125 0.0609375
2 0.2953125 0.59921875 0.11328125 0.125
2 0.8234375 0.646875 0.084375 0.16640625
2 0.196875 0.7015625 0.24765625 0.3
2 0.07421875 0.73515625 0.1484375 0.296875
2 0.69140625 0.64921875 0.22265625 0.271875
2 0.90625 0.67578125 0.1859375 0.3125
2 0.453125 0.7 0.278125 0.35546875