7 0.1859375 0.125 0.021875 0.046875
7 0.7328125 0.321875 0.0265625 0.046875
7 0.4265625 0.03203125 0.0234375 0.0640625
7 0.45 0.03046875 0.0171875 0.0609375
7 0.16875 0.32265625 0.0171875 0.040625
7 0.1953125 0.315625 0.015625 0.034375
8 0.10703125 0.25078125 0.034375 0.08046875
8 0.715625 0.25234375 0.040625 0.03046875
8 0.7328125 0.22109375 0.02890625 0.0234375
8 0.52109375 0.05546875 0.05234375 0.08203125
8 0.571875 0.33671875 0.01640625 0.0265625
8 0.56953125 0.3015625 0.0109375 0.04453125
7 0.4390625 0.3828125 0.00703125 0.0140625
2 0.603125 0.4359375 0.0234375 0.0375
2 0.53046875 0.4390625 0.0203125 0.028125
2 0.50546875 0.4296875 0.021875 0.0140625
2 0.3671875 0.45078125 0.02109375 0.03359375
2 0.3015625 0.4609375 0.01484375 0.03046875
2 0.3234375 0.45625 0.0328125 0.034375
2 0.275 0.46640625 0.0328125 0.046875
2 0.3875 0.4484375 0.03046875 0.03203125
2 0.4265625 0.440625 0.02578125 0.0265625
2 0.51484375 0.446875 0.01875 0.02890625
2 0.55625 0.46171875 0.046875 0.0609375
2 0.0546875 0.5125 0.10859375 0.12890625