7 0.36484375 0.15703125 0.01484375 0.0765625
8 0.75703125 0.06953125 0.0421875 0.028125
7 0.521875 0.22109375 0.00625 0.0125
7 0.49609375 0.23203125 0.0078125 0.0140625
2 0.52265625 0.26171875 0.0109375 0.009375
2 0.49921875 0.26328125 0.02578125 0.040625
2 0.39375 0.28828125 0.01796875 0.02890625
2 0.35546875 0.29765625 0.034375 0.04140625
2 0.321875 0.3078125 0.03359375 0.0515625
2 0.284375 0.3203125 0.05078125 0.06953125
8 0.3359375 0.2625 0.01015625 0.015625
2 0.1109375 0.37734375 0.12890625 0.09609375
2 0.53515625 0.25625 0.01015625 0.015625
2 0.565625 0.27109375 0.03828125 0.053125
2 0.8421875 0.22734375 0.0390625 0.053125
2 0.41875 0.2796875 0.03515625 0.021875
2 0.453125 0.271875 0.01640625 0.01640625
2 0.465625 0.26953125 0.009375 0.009375
2 0.478125 0.26484375 0.009375 0.0109375
2 0.54375 0.265625 0.0109375 0.0234375