2 0.05 0.43515625 0.1 0.2328125
2 0.7625 0.4234375 0.290625 0.31953125
2 0.4640625 0.35234375 0.0734375 0.1
2 0.3484375 0.3671875 0.05 0.0609375
2 0.5421875 0.35 0.02578125 0.05390625
2 0.18046875 0.3609375 0.1109375 0.08203125
7 0.6390625 0.24375 0.01171875 0.02890625
7 0.1875 0.203125 0.0078125 0.02890625
7 0.4859375 0.30703125 0.00859375 0.0125
7 0.503125 0.303125 0.00859375 0.0125
7 0.51875 0.31953125 0.00703125 0.0125
7 0.55625 0.30703125 0.0078125 0.0140625
8 0.63984375 0.19296875 0.015625 0.040625
8 0.58828125 0.309375 0.00546875 0.015625
8 0.24609375 0.21640625 0.01953125 0.01640625
8 0.2453125 0.28046875 0.015625 0.0125
8 0.2375 0.265625 0.01328125 0.0125
2 0.41015625 0.365625 0.0328125 0.040625