2 0.0265625 0.61171875 0.05 0.08203125
2 0.284375 0.5703125 0.01640625 0.0234375
2 0.2453125 0.57578125 0.0203125 0.03203125
2 0.6671875 0.6265625 0.2171875 0.178125
2 0.07421875 0.60546875 0.05234375 0.0640625
2 0.109375 0.596875 0.04140625 0.059375
2 0.13984375 0.590625 0.03359375 0.0625
2 0.1703125 0.590625 0.0375 0.05859375
2 0.55625 0.5921875 0.12109375 0.134375
2 0.4890625 0.57265625 0.08125 0.10703125
2 0.446875 0.575 0.03671875 0.08359375
2 0.41484375 0.584375 0.046875 0.040625
2 0.378125 0.57890625 0.0296875 0.040625
2 0.3515625 0.56640625 0.015625 0.01953125
2 0.2015625 0.58046875 0.02421875 0.03359375