7 0.484375 0.4234375 0.009375 0.015625
7 0.4484375 0.35078125 0.01640625 0.02890625
7 0.33203125 0.37890625 0.01875 0.03359375
7 0.453125 0.4109375 0.009375 0.015625
7 0.45234375 0.4546875 0.00703125 0.01953125
2 0.0265625 0.4828125 0.05 0.09140625
7 0.7328125 0.40625 0.01015625 0.01796875
8 0.7390625 0.346875 0.0203125 0.046875
8 0.8640625 0.34765625 0.02734375 0.0484375
8 0.56796875 0.36640625 0.01796875 0.040625
2 0.28671875 0.49921875 0.03828125 0.03359375
2 0.23984375 0.49296875 0.02890625 0.04140625
2 0.2109375 0.48984375 0.02578125 0.0390625
2 0.17421875 0.4875 0.04765625 0.040625
2 0.7875 0.5140625 0.20859375 0.140625
2 0.5109375 0.48828125 0.02421875 0.0359375
2 0.484375 0.475 0.01484375 0.0140625
10 0.63671875 0.475 0.075 0.05703125
2 0.36015625 0.490625 0.02734375 0.01953125
2 0.4046875 0.48828125 0.015625 0.01953125
2 0.4515625 0.47578125 0.01171875 0.015625
7 0.021875 0.2703125 0.0078125 0.034375
7 0.0453125 0.2765625 0.00703125 0.040625
7 0.0328125 0.271875 0.01171875 0.04296875
8 0.1703125 0.2375 0.01953125 0.0140625
7 0.46328125 0.4515625 0.00546875 0.0109375
7 0.4859375 0.45 0.0046875 0.0109375
7 0.490625 0.446875 0.003125 0.009375
7 0.49765625 0.44921875 0.0046875 0.009375
7 0.50625 0.4515625 0.0046875 0.00859375
7 0.5109375 0.4515625 0.003125 0.00390625