7 0.25625 0.28359375 0.01171875 0.025
7 0.38671875 0.3046875 0.009375 0.01796875
8 0.22421875 0.275 0.03046875 0.0125
8 0.2140625 0.31171875 0.0078125 0.02109375
8 0.2140625 0.26015625 0.01796875 0.01640625
8 0.4078125 0.31015625 0.02265625 0.0109375
8 0.4328125 0.35546875 0.00703125 0.025
8 0.4484375 0.33125 0.00703125 0.0125
2 0.2453125 0.4 0.0234375 0.04609375
2 0.1296875 0.3828125 0.0484375 0.0625
2 0.09453125 0.390625 0.06015625 0.084375
2 0.0390625 0.3921875 0.065625 0.1015625
2 0.00703125 0.39296875 0.0140625 0.10546875
2 0.9515625 0.58671875 0.09296875 0.1859375
2 0.4046875 0.4 0.021875 0.03359375
2 0.4265625 0.4 0.02734375 0.04296875
2 0.384375 0.40078125 0.02578125 0.034375
2 0.4953125 0.4171875 0.01484375 0.05546875
2 0.51640625 0.4171875 0.04453125 0.07890625
2 0.56875 0.4171875 0.09375 0.121875
2 0.6546875 0.453125 0.1375 0.12109375
2 0.803125 0.496875 0.234375 0.196875
2 0.45859375 0.39296875 0.04296875 0.0640625
2 0.3109375 0.434375 0.13671875 0.19453125
2 0.18046875 0.40703125 0.10859375 0.12890625