7 0.45 0.328125 0.01171875 0.0265625
7 0.5109375 0.3421875 0.01171875 0.0140625
7 0.503125 0.378125 0.0078125 0.01796875
7 0.4703125 0.37578125 0.009375 0.01796875
7 0.48046875 0.4078125 0.009375 0.01640625
8 0.4109375 0.36796875 0.01171875 0.0125
2 0.509375 0.41171875 0.0125 0.02109375
2 0.53125 0.40546875 0.028125 0.0375
2 0.5625 0.409375 0.03984375 0.0640625
2 0.584375 0.421875 0.02421875 0.0515625
2 0.59921875 0.421875 0.02421875 0.0625
2 0.625 0.428125 0.0421875 0.09140625
2 0.6875 0.43203125 0.10859375 0.134375
2 0.4515625 0.40546875 0.0171875 0.02109375
2 0.4640625 0.4078125 0.0078125 0.01640625
2 0.4328125 0.41171875 0.01875 0.025
2 0.4140625 0.409375 0.021875 0.0375
2 0.4015625 0.41171875 0.0171875 0.04140625
2 0.38359375 0.4109375 0.028125 0.04296875
2 0.3546875 0.4203125 0.0359375 0.04609375
2 0.33671875 0.42421875 0.0328125 0.05
2 0.32421875 0.4359375 0.01953125 0.0390625
2 0.2875 0.41953125 0.05625 0.1015625
2 0.190625 0.428125 0.1296875 0.15
2 0.075 0.47109375 0.14921875 0.16796875
2 0.77421875 0.471875 0.178125 0.17109375
2 0.4921875 0.4046875 0.02109375 0.0390625
8 0.971875 0.3296875 0.0515625 0.10546875