8 0.3953125 0.259375 0.0546875 0.02890625
8 0.4953125 0.23359375 0.09375 0.084375
2 0.22421875 0.403125 0.125 0.11640625
2 0.3828125 0.403125 0.07421875 0.0984375
2 0.50625 0.4265625 0.1015625 0.1390625
2 0.128125 0.3859375 0.06328125 0.05859375
2 0.3328125 0.3890625 0.03203125 0.0609375
2 0.4234375 0.39140625 0.0390625 0.06953125
2 0.4515625 0.38125 0.02265625 0.0234375
2 0.30703125 0.3765625 0.02109375 0.028125
2 0.55078125 0.38046875 0.02109375 0.03359375
2 0.4625 0.3765625 0.01015625 0.025
2 0.46796875 0.37265625 0.01171875 0.02109375
2 0.4765625 0.35546875 0.01171875 0.0140625
2 0.48125 0.346875 0.01171875 0.01953125
2 0.484375 0.3359375 0.01015625 0.0140625
2 0.4875 0.328125 0.01171875 0.01640625
2 0.45625 0.34296875 0.03671875 0.0375