7 0.634375 0.40078125 0.01328125 0.046875
7 0.53515625 0.378125 0.0140625 0.078125
7 0.1671875 0.48828125 0.015625 0.028125
7 0.12421875 0.31171875 0.04453125 0.059375
7 0.0453125 0.2296875 0.08046875 0.0984375
8 0.1578125 0.446875 0.0265625 0.040625
8 0.61875 0.5875 0.0296875 0.0390625
8 0.72578125 0.5 0.01953125 0.03359375
8 0.73046875 0.45859375 0.02109375 0.04453125
8 0.684375 0.37421875 0.05234375 0.03046875
8 0.56953125 0.33125 0.04765625 0.028125
8 0.421875 0.57734375 0.015625 0.0234375
8 0.4203125 0.6015625 0.0109375 0.02109375
8 0.4421875 0.59453125 0.01328125 0.034375
8 0.86171875 0.50390625 0.01484375 0.04140625
2 0.59453125 0.64296875 0.0765625 0.04296875
2 0.65 0.65703125 0.0234375 0.03359375
2 0.678125 0.6453125 0.0421875 0.0515625
2 0.6890625 0.65 0.04609375 0.07109375
2 0.72265625 0.6421875 0.065625 0.07109375
2 0.7359375 0.64140625 0.06484375 0.06796875
2 0.784375 0.65234375 0.1453125 0.07890625
2 0.90859375 0.65546875 0.103125 0.071875
2 0.9703125 0.65703125 0.059375 0.065625