7 0.8390625 0.25859375 0.04140625 0.065625
7 0.88046875 0.25078125 0.03671875 0.08046875
8 0.8484375 0.140625 0.053125 0.06640625
2 0.43984375 0.5703125 0.04453125 0.0609375
2 0.353125 0.5671875 0.0203125 0.0359375
2 0.265625 0.59296875 0.034375 0.06640625
2 0.3015625 0.58515625 0.034375 0.07109375
2 0.32734375 0.578125 0.02578125 0.0515625
2 0.371875 0.565625 0.02265625 0.0359375
2 0.2203125 0.590625 0.071875 0.1015625
2 0.86484375 0.509375 0.10859375 0.1015625
2 0.775 0.534375 0.0859375 0.0859375