8 0.35625 0.04453125 0.03984375 0.0890625
8 0.3484375 0.2265625 0.00859375 0.03359375
2 0.53828125 0.44375 0.01796875 0.0359375
2 0.55078125 0.44375 0.01640625 0.0359375
2 0.56875 0.4453125 0.0265625 0.04296875
2 0.5984375 0.446875 0.0390625 0.04296875
2 0.45078125 0.44296875 0.05078125 0.078125
2 0.346875 0.446875 0.18125 0.128125
2 0.490625 0.4375 0.02421875 0.028125
2 0.653125 0.4546875 0.05390625 0.05859375
2 0.875 0.49453125 0.06328125 0.059375
2 0.9296875 0.52421875 0.13984375 0.1359375
8 0.2640625 0.240625 0.0421875 0.03046875
8 0.2703125 0.28671875 0.06328125 0.0515625
8 0.9734375 0.334375 0.0265625 0.0234375
8 0.7484375 0.30078125 0.0171875 0.0125
8 0.7375 0.359375 0.01640625 0.00703125
8 0.734375 0.371875 0.009375 0.00859375
7 0.5296875 0.36328125 0.0078125 0.0140625
7 0.475 0.3609375 0.0078125 0.0140625
7 0.44609375 0.39375 0.0078125 0.0140625