7 0.2765625 0.37734375 0.01015625 0.040625
7 0.5203125 0.375 0.0109375 0.028125
7 0.4953125 0.4203125 0.0078125 0.01796875
7 0.43125 0.42265625 0.00703125 0.0140625
7 0.26796875 0.3765625 0.00703125 0.04296875
2 0.19375 0.52109375 0.053125 0.0734375
2 0.13125 0.528125 0.078125 0.09140625
2 0.27265625 0.51015625 0.05859375 0.0859375
2 0.60859375 0.509375 0.046875 0.07109375
2 0.67578125 0.51015625 0.10546875 0.12890625
2 0.7421875 0.53984375 0.146875 0.1625
2 0.04921875 0.546875 0.0984375 0.13203125
2 0.8875 0.603125 0.21953125 0.29296875
8 0.58359375 0.40546875 0.0125 0.0125
8 0.5796875 0.4203125 0.0140625 0.02109375
7 0.58984375 0.4328125 0.01171875 0.02109375
2 0.459375 0.45390625 0.01484375 0.01640625
2 0.5453125 0.47265625 0.03515625 0.05
2 0.4890625 0.46328125 0.01796875 0.02890625
2 0.47734375 0.4546875 0.015625 0.02109375
2 0.4421875 0.4609375 0.01953125 0.02890625
8 0.4125 0.4265625 0.01171875 0.0125
2 0.4 0.46796875 0.021875 0.0265625
2 0.3515625 0.5359375 0.12421875 0.19609375
8 0.15625 0.409375 0.01640625 0.01796875
8 0.1703125 0.4359375 0.01171875 0.02890625
2 0.53125 0.4703125 0.0125 0.03046875
2 0.51953125 0.46484375 0.0125 0.021875
2 0.5125 0.45390625 0.0125 0.01796875