2 0.540625 0.50859375 0.015625 0.02109375
2 0.4421875 0.52265625 0.0375 0.053125
2 0.2171875 0.54375 0.07265625 0.06796875
2 0.5234375 0.51953125 0.0140625 0.0234375
10 0.5171875 0.49296875 0.025 0.03203125
2 0.4875 0.553125 0.08125 0.11953125
2 0.384375 0.525 0.02890625 0.0359375
2 0.334375 0.540625 0.06015625 0.0625
2 0.0953125 0.55625 0.190625 0.16875
8 0.40625 0.45703125 0.01015625 0.021875
8 0.5484375 0.46328125 0.01640625 0.02109375
8 0.496875 0.44921875 0.04375 0.04453125
8 0.5296875 0.4546875 0.015625 0.0234375
8 0.18828125 0.36484375 0.1046875 0.059375