5 0.6625 0.54375 0.034375 0.1625
7 0.3578125 0.2453125 0.009375 0.009375
7 0.16015625 0.38671875 0.01015625 0.0140625
7 0.1453125 0.41640625 0.01015625 0.01796875
7 0.34765625 0.271875 0.01171875 0.0234375
8 0.5140625 0.40703125 0.02109375 0.04140625
8 0.196875 0.45546875 0.01796875 0.0140625
2 0.0328125 0.7125 0.06328125 0.15390625
2 0.378125 0.51953125 0.009375 0.0109375
2 0.32890625 0.52734375 0.01875 0.046875
2 0.034375 0.6109375 0.06875 0.08359375
2 0.678125 0.55078125 0.02421875 0.04296875
8 0.1296875 0.4390625 0.03359375 0.021875
2 0.303125 0.54296875 0.053125 0.07109375
2 0.35078125 0.51640625 0.04140625 0.04140625