8 0.5640625 0.18125 0.01015625 0.015625
8 0.5640625 0.20078125 0.01015625 0.02109375
8 0.5640625 0.228125 0.0140625 0.021875
8 0.496875 0.22578125 0.0046875 0.009375
8 0.521875 0.2453125 0.00625 0.0140625
2 0.4640625 0.2359375 0.0125 0.0109375
2 0.471875 0.25234375 0.01015625 0.01796875
2 0.4890625 0.2640625 0.0125 0.01796875
2 0.40625 0.29453125 0.02421875 0.0359375
2 0.4296875 0.29609375 0.01640625 0.028125
2 0.44375 0.278125 0.0046875 0.0109375
2 0.3859375 0.28046875 0.0203125 0.03046875
2 0.5078125 0.153125 0.00859375 0.00703125
2 0.42265625 0.2671875 0.00703125 0.00859375