8 0.48203125 0.16328125 0.03203125 0.06953125
8 0.515625 0.29140625 0.0234375 0.0359375
5 0.2046875 0.60234375 0.06328125 0.271875
5 0.565625 0.53203125 0.03125 0.14140625
5 0.55 0.5234375 0.01171875 0.125
5 0.3875 0.53125 0.03125 0.1515625
5 0.66328125 0.53046875 0.03046875 0.1390625
2 0.6546875 0.509375 0.090625 0.153125
2 0.8875 0.515625 0.0859375 0.103125
2 0.7 0.4890625 0.0265625 0.06953125
7 0.05703125 0.34140625 0.05390625 0.09296875
8 0.0203125 0.2265625 0.0359375 0.05390625
8 0.02578125 0.128125 0.04609375 0.05546875
2 0.76640625 0.49453125 0.096875 0.06796875