2 0.72421875 0.45625 0.09921875 0.09609375
2 0.59140625 0.415625 0.02734375 0.0390625
2 0.5125 0.4203125 0.0203125 0.03046875
2 0.484375 0.41640625 0.0203125 0.03203125
2 0.453125 0.41953125 0.02109375 0.034375
2 0.55 0.4203125 0.01796875 0.03359375
2 0.534375 0.421875 0.01328125 0.01953125
2 0.5703125 0.42109375 0.01171875 0.01640625
2 0.8046875 0.434375 0.05 0.0640625
2 0.953125 0.465625 0.09296875 0.184375
2 0.3640625 0.434375 0.04375 0.05703125
2 0.3234375 0.425 0.025 0.03046875
2 0.4703125 0.41875 0.01015625 0.01796875
8 0.38046875 0.33828125 0.0203125 0.03046875
8 0.3796875 0.36015625 0.015625 0.009375
8 0.65859375 0.28515625 0.015625 0.03203125
8 0.721875 0.25859375 0.02890625 0.0359375
8 0.665625 0.30703125 0.01484375 0.0140625
8 0.6578125 0.334375 0.01875 0.040625
8 0.61953125 0.2984375 0.0109375 0.028125
7 0.3796875 0.3078125 0.01171875 0.025
7 0.58125 0.29140625 0.0046875 0.0375
7 0.5171875 0.3765625 0.0078125 0.01796875
7 0.44140625 0.38046875 0.00546875 0.015625
7 0.73359375 0.359375 0.015625 0.03046875
5 0.84375 0.43515625 0.015625 0.1
5 0.8640625 0.42890625 0.021875 0.09609375
7 0.58828125 0.2875 0.00625 0.0265625