7 0.16484375 0.1859375 0.0265625 0.05546875
7 0.49453125 0.02890625 0.0171875 0.0578125
7 0.5265625 0.0296875 0.0234375 0.05859375
7 0.7046875 0.346875 0.0171875 0.03359375
7 0.721875 0.3484375 0.0140625 0.03359375
3 0.59375 0.51328125 0.07890625 0.08203125
2 0.5765625 0.5109375 0.071875 0.09296875
8 0.175 0.3328125 0.02890625 0.065625
8 0.32734375 0.38359375 0.01015625 0.01640625
7 0.45078125 0.396875 0.0140625 0.021875
7 0.4015625 0.4109375 0.00703125 0.02109375
7 0.43125 0.44609375 0.009375 0.015625
7 0.4546875 0.4328125 0.00546875 0.01796875
2 0.4515625 0.46953125 0.02421875 0.03046875
2 0.47578125 0.4671875 0.0125 0.02109375
2 0.49296875 0.47265625 0.0203125 0.04296875
2 0.525 0.4828125 0.04453125 0.065625
2 0.31875 0.46796875 0.02109375 0.021875
2 0.33828125 0.46953125 0.0140625 0.01640625
2 0.39453125 0.465625 0.01484375 0.01796875
2 0.409375 0.465625 0.015625 0.02109375
2 0.359375 0.4671875 0.021875 0.02109375
8 0.703125 0.2671875 0.02734375 0.0234375
8 0.965625 0.3140625 0.0484375 0.025
8 0.5984375 0.09140625 0.02109375 0.0875