2 0.25390625 0.48203125 0.0453125 0.071875
2 0.20703125 0.48671875 0.06484375 0.07109375
2 0.15859375 0.49609375 0.03984375 0.075
2 0.046875 0.50859375 0.0921875 0.0890625
2 0.5015625 0.47421875 0.02265625 0.075
2 0.51875 0.4828125 0.02265625 0.1015625
2 0.5640625 0.48125 0.08515625 0.1734375
8 0.534375 0.409375 0.01171875 0.03046875
2 0.6453125 0.51953125 0.1515625 0.225
2 0.8375 0.59140625 0.32265625 0.5609375
2 0.3765625 0.5625 0.246875 0.34609375
2 0.11953125 0.50234375 0.06953125 0.06796875