8 0.453125 0.64296875 0.015625 0.025
8 0.35859375 0.63515625 0.021875 0.00703125
8 0.3984375 0.64140625 0.04296875 0.05703125
8 0.38671875 0.646875 0.09296875 0.065625
2 0.32734375 0.771875 0.04140625 0.0609375
2 0.3765625 0.78671875 0.0390625 0.10546875
2 0.40625 0.70625 0.0921875 0.06640625
2 0.60546875 0.68515625 0.1 0.13359375
2 0.13046875 0.9046875 0.26015625 0.1890625
2 0.496875 0.83125 0.23203125 0.33359375
2 0.709375 0.69609375 0.184375 0.2859375
2 0.271875 0.790625 0.10234375 0.1390625
2 0.7609375 0.67265625 0.28984375 0.33046875
2 0.359375 0.74375 0.02421875 0.028125