2 0.6046875 0.446875 0.01640625 0.02109375
2 0.63125 0.45625 0.0078125 0.02109375
2 0.6640625 0.45234375 0.02890625 0.05859375
2 0.69375 0.4640625 0.05 0.09453125
2 0.73125 0.4828125 0.06640625 0.115625
2 0.80625 0.50703125 0.14609375 0.1484375
6 0.64375 0.46796875 0.0125 0.04140625
3 0.6421875 0.49453125 0.009375 0.08359375
2 0.9328125 0.6296875 0.13125 0.3734375
10 0.5390625 0.434375 0.0328125 0.05390625
2 0.40625 0.46015625 0.04765625 0.05546875
2 0.2640625 0.4828125 0.259375 0.24296875
2 0.5796875 0.4421875 0.04140625 0.06796875
8 0.71484375 0.3859375 0.0125 0.02109375
8 0.990625 0.22109375 0.01640625 0.078125
2 0.4859375 0.4515625 0.0671875 0.09453125