7 0.60234375 0.42421875 0.00703125 0.015625
8 0.046875 0.1796875 0.03984375 0.0640625
8 0.0453125 0.22734375 0.04296875 0.0359375
8 0.62421875 0.45625 0.00859375 0.02109375
8 0.63046875 0.42734375 0.0125 0.0125
2 0.125 0.48046875 0.24765625 0.2984375
2 0.85703125 0.578125 0.2796875 0.44296875
1 0.4375 0.4515625 0.15546875 0.26640625
2 0.51171875 0.528125 0.13359375 0.2234375
2 0.325 0.509375 0.08828125 0.128125
2 0.68125 0.528125 0.1234375 0.171875
2 0.63046875 0.521875 0.05390625 0.09296875
2 0.59375 0.515625 0.0265625 0.04453125
2 0.58046875 0.50234375 0.01171875 0.0265625
8 0.58828125 0.4625 0.00546875 0.00859375
7 0.5734375 0.45234375 0.00390625 0.00703125