7 0.203125 0.39296875 0.01953125 0.03359375
7 0.6875 0.39375 0.0140625 0.028125
7 0.50546875 0.10078125 0.0171875 0.08046875
7 0.490625 0.09140625 0.01875 0.0765625
7 0.46640625 0.10078125 0.0171875 0.08359375
2 0.4515625 0.47265625 0.009375 0.0140625
2 0.4359375 0.478125 0.009375 0.0109375
2 0.425 0.48203125 0.01328125 0.0265625
2 0.4171875 0.4859375 0.01484375 0.0234375
2 0.40625 0.484375 0.01328125 0.03359375
2 0.39296875 0.48828125 0.028125 0.040625
2 0.365625 0.496875 0.03984375 0.05
2 0.4953125 0.49375 0.02578125 0.0359375
7 0.221875 0.39765625 0.01015625 0.02890625