7 0.08125 0.0625 0.0265625 0.096875
7 0.1140625 0.05859375 0.03359375 0.0984375
8 0.01875 0.1546875 0.03671875 0.0390625
7 0.3765625 0.43984375 0.00703125 0.01796875
7 0.4515625 0.43125 0.0046875 0.0109375
7 0.5140625 0.43203125 0.0046875 0.009375
7 0.703125 0.18984375 0.0140625 0.065625
8 0.5359375 0.43359375 0.0078125 0.0109375
8 0.59296875 0.384375 0.05 0.02890625
8 0.49375 0.45234375 0.0078125 0.009375
8 0.4203125 0.4578125 0.00859375 0.00546875
8 0.871875 0.215625 0.04375 0.05546875
8 0.98515625 0.3625 0.028125 0.0484375
8 0.984375 0.271875 0.03046875 0.028125
2 0.4796875 0.48046875 0.00859375 0.0125
2 0.44765625 0.4828125 0.0125 0.015625
2 0.4375 0.48515625 0.01328125 0.01796875
2 0.4234375 0.48984375 0.01796875 0.01953125
2 0.4109375 0.49453125 0.0125 0.03046875
2 0.3984375 0.49765625 0.0234375 0.0359375
2 0.3796875 0.49921875 0.03046875 0.04296875
2 0.3625 0.5078125 0.015625 0.0515625
2 0.340625 0.50703125 0.0375 0.06640625
2 0.28359375 0.5078125 0.06484375 0.08046875
2 0.92265625 0.51796875 0.11171875 0.1125
2 0.828125 0.5203125 0.1 0.1109375
2 0.5640625 0.5046875 0.01640625 0.03203125
2 0.58125 0.49765625 0.021875 0.0484375
2 0.19296875 0.60546875 0.26953125 0.275
2 0.678125 0.54765625 0.209375 0.271875
2 0.46640625 0.5 0.028125 0.04140625
8 0.440625 0.428125 0.0140625 0.00859375
2 0.3234375 0.51484375 0.0390625 0.05546875