7 0.5140625 0.21875 0.0046875 0.0125
7 0.5640625 0.215625 0.00625 0.0140625
8 0.609375 0.21171875 0.01328125 0.0265625
2 0.503125 0.26640625 0.00703125 0.02109375
2 0.51953125 0.2671875 0.01328125 0.01640625
2 0.49921875 0.271875 0.0109375 0.02109375
2 0.490625 0.27578125 0.01328125 0.025
2 0.4796875 0.271875 0.01640625 0.04453125
2 0.471875 0.2796875 0.02421875 0.046875
2 0.4578125 0.28359375 0.02265625 0.05703125
2 0.4328125 0.28671875 0.0515625 0.084375
2 0.3421875 0.30546875 0.134375 0.16640625
2 0.14375 0.34375 0.2875 0.38359375
2 0.5546875 0.271875 0.0109375 0.02109375
2 0.5640625 0.2671875 0.015625 0.0390625
2 0.571875 0.271875 0.01796875 0.0390625
2 0.5859375 0.271875 0.03515625 0.0484375
2 0.61328125 0.2828125 0.0359375 0.05703125
2 0.621875 0.29375 0.040625 0.07890625
10 0.7484375 0.296875 0.22578125 0.278125