7 0.6515625 0.434375 0.00703125 0.0109375
7 0.7234375 0.440625 0.00703125 0.009375
8 0.753125 0.46640625 0.01015625 0.0140625
8 0.678125 0.46171875 0.00546875 0.00859375
2 0.4703125 0.5078125 0.0484375 0.075
2 0.7046875 0.4875 0.009375 0.0109375
2 0.6703125 0.48515625 0.01875 0.0109375
2 0.73046875 0.4890625 0.0140625 0.01953125
2 0.74140625 0.49609375 0.01640625 0.01796875
2 0.7484375 0.5 0.0171875 0.0265625
2 0.76875 0.50625 0.03125 0.040625
2 0.778125 0.51328125 0.02265625 0.0390625
2 0.79375 0.52734375 0.03515625 0.05390625
2 0.259375 0.5421875 0.13125 0.12109375
2 0.40625 0.515625 0.08671875 0.0890625
2 0.534375 0.503125 0.034375 0.04296875
2 0.584375 0.4953125 0.0296875 0.040625
2 0.6140625 0.503125 0.040625 0.04609375
2 0.6875 0.496875 0.025 0.03046875
2 0.1125 0.578125 0.19375 0.1765625
10 0.903125 0.51015625 0.1890625 0.36640625
2 0.5546875 0.503125 0.015625 0.028125
2 0.725 0.48359375 0.00625 0.00703125