7 0.3 0.309375 0.01484375 0.025
7 0.434375 0.4671875 0.00859375 0.01640625
7 0.53125 0.50390625 0.0078125 0.0125
7 0.5015625 0.5 0.0046875 0.009375
7 0.4578125 0.528125 0.00546875 0.0125
8 0.5640625 0.546875 0.00703125 0.01953125
2 0.40625 0.56875 0.0328125 0.03203125
2 0.3578125 0.575 0.04453125 0.0515625
2 0.1421875 0.575 0.10234375 0.11640625
2 0.57734375 0.584375 0.01796875 0.0359375
2 0.5953125 0.58046875 0.02421875 0.05390625
2 0.609375 0.58359375 0.02265625 0.065625
2 0.63125 0.58828125 0.03203125 0.075
2 0.65625 0.59375 0.0546875 0.084375
2 0.696875 0.609375 0.0796875 0.0984375
2 0.771875 0.61953125 0.11171875 0.140625
2 0.046875 0.59921875 0.09140625 0.13203125
2 0.9015625 0.6390625 0.19609375 0.25703125
2 0.265625 0.5796875 0.14765625 0.1859375
2 0.4953125 0.56484375 0.01484375 0.02109375
2 0.51875 0.57734375 0.01328125 0.015625
2 0.459375 0.5671875 0.03671875 0.0234375
8 0.415625 0.465625 0.015625 0.0125
8 0.515625 0.49765625 0.01171875 0.009375
8 0.4484375 0.5265625 0.0078125 0.00859375