8 0.2234375 0.3203125 0.01953125 0.03203125
8 0.7671875 0.146875 0.04453125 0.08203125
8 0.765625 0.23984375 0.0296875 0.0484375
7 0.2875 0.353125 0.00625 0.0140625
7 0.4640625 0.334375 0.00625 0.0125
7 0.4890625 0.37578125 0.00546875 0.00859375
7 0.509375 0.3765625 0.00390625 0.009375
7 0.5328125 0.38984375 0.00546875 0.0140625
2 0.1 0.496875 0.19921875 0.253125
2 0.22421875 0.440625 0.11953125 0.13203125
2 0.29375 0.4234375 0.0234375 0.053125
2 0.490625 0.4265625 0.03359375 0.0625
2 0.5453125 0.453125 0.09765625 0.10546875
2 0.74375 0.478125 0.2921875 0.278125
2 0.384375 0.55390625 0.26171875 0.3734375
2 0.61875 0.42109375 0.040625 0.03203125