2 0.6015625 0.45390625 0.075 0.11640625
2 0.2875 0.528125 0.26796875 0.253125
2 0.3890625 0.4546875 0.06953125 0.08359375
2 0.45390625 0.4484375 0.046875 0.053125
2 0.52734375 0.440625 0.05078125 0.071875
2 0.55703125 0.44453125 0.0109375 0.01953125
2 0.1140625 0.46171875 0.04140625 0.02890625
2 0.1859375 0.44609375 0.05859375 0.05390625
2 0.0390625 0.465625 0.078125 0.0890625
7 0.484375 0.25 0.01015625 0.03046875
7 0.55078125 0.2890625 0.01171875 0.040625
8 0.66796875 0.353125 0.0203125 0.03203125
8 0.79453125 0.21796875 0.03046875 0.053125
8 0.46015625 0.378125 0.009375 0.0265625
8 0.3640625 0.27265625 0.01875 0.034375
8 0.821875 0.296875 0.02734375 0.0390625
2 0.815625 0.446875 0.1109375 0.0640625
2 0.934375 0.409375 0.12578125 0.1765625
7 0.475 0.24140625 0.01015625 0.0375