8 0.409375 0.4859375 0.0296875 0.01953125
8 0.528125 0.503125 0.00703125 0.0140625
2 0.5140625 0.51953125 0.0140625 0.01796875
2 0.48125 0.52421875 0.02109375 0.015625
2 0.44296875 0.52578125 0.00625 0.0109375
2 0.409375 0.52890625 0.01328125 0.0125
2 0.36953125 0.53984375 0.01796875 0.01953125
2 0.25234375 0.55859375 0.04921875 0.05859375
2 0.18046875 0.55 0.0640625 0.0484375
2 0.21640625 0.53203125 0.0296875 0.05
2 0.315625 0.565625 0.0828125 0.09140625
2 0.3890625 0.54140625 0.03125 0.04296875
2 0.4578125 0.5328125 0.02578125 0.04140625
2 0.428125 0.52734375 0.01953125 0.03203125
2 0.50078125 0.52578125 0.015625 0.021875
2 0.05 0.59921875 0.1 0.15
8 0.67578125 0.43359375 0.01875 0.0265625