7 0.6390625 0.46484375 0.00703125 0.00859375
7 0.71875 0.47421875 0.0078125 0.00859375
7 0.42265625 0.37421875 0.02109375 0.03046875
8 0.43359375 0.2671875 0.0421875 0.028125
8 0.74609375 0.4765625 0.015625 0.02109375
8 0.4265625 0.303125 0.02578125 0.0359375
8 0.428125 0.34609375 0.028125 0.025
2 0.6015625 0.515625 0.02109375 0.05703125
2 0.58359375 0.521875 0.0390625 0.075
2 0.5640625 0.53515625 0.04609375 0.09140625
2 0.6703125 0.521875 0.0140625 0.021875
2 0.6859375 0.525 0.01640625 0.0265625
2 0.7015625 0.52421875 0.02734375 0.03203125
2 0.7203125 0.5296875 0.04296875 0.0484375
2 0.76328125 0.5359375 0.07890625 0.078125
2 0.81015625 0.55625 0.08203125 0.0984375
2 0.51796875 0.56015625 0.1046875 0.121875
2 0.03515625 0.45 0.0703125 0.190625
2 0.94921875 0.62421875 0.1015625 0.159375
2 0.60390625 0.49765625 0.01796875 0.034375