8 0.33515625 0.45078125 0.0171875 0.01796875
8 0.2609375 0.515625 0.02578125 0.06953125
8 0.228125 0.553125 0.04453125 0.04296875
8 0.290625 0.4578125 0.0109375 0.01796875
8 0.28125 0.46875 0.00546875 0.01796875
8 0.28125 0.490625 0.009375 0.009375
8 0.30625 0.50078125 0.009375 0.01640625
8 0.2890625 0.5015625 0.00546875 0.01796875
8 0.3 0.5125 0.01015625 0.015625
8 0.3140625 0.453125 0.0140625 0.015625
2 0.3390625 0.50546875 0.03359375 0.04453125
2 0.33125 0.52421875 0.02109375 0.0234375
2 0.2234375 0.59765625 0.0140625 0.02109375
2 0.1640625 0.59921875 0.02734375 0.01953125
2 0.2421875 0.60234375 0.00703125 0.009375