2 0.146875 0.57578125 0.1203125 0.14609375
1 0.2984375 0.5484375 0.0390625 0.05390625
2 0.3421875 0.540625 0.01875 0.01953125
2 0.3984375 0.53984375 0.0171875 0.040625
1 0.44921875 0.51796875 0.0796875 0.16796875
2 0.5 0.53671875 0.02265625 0.0265625
3 0.378125 0.56328125 0.0171875 0.065625
2 0.021875 0.6421875 0.04375 0.16953125
10 0.21875 0.5390625 0.13828125 0.165625
2 0.63203125 0.515625 0.0421875 0.0890625
2 0.7453125 0.59375 0.27265625 0.33359375
2 0.8875 0.646875 0.2171875 0.5359375
7 0.29921875 0.465625 0.00625 0.0109375
8 0.5125 0.446875 0.01328125 0.0390625
7 0.3609375 0.50234375 0.0046875 0.00859375
3 0.35625 0.546875 0.01328125 0.034375
5 0.3234375 0.5625 0.0203125 0.084375