2 0.5046875 0.68203125 0.01015625 0.0140625
2 0.53203125 0.68515625 0.04609375 0.0125
2 0.54140625 0.69609375 0.01015625 0.0125
2 0.559375 0.68671875 0.01015625 0.0109375
2 0.5765625 0.6921875 0.00859375 0.0125
2 0.60078125 0.696875 0.02265625 0.02109375
7 0.4890625 0.66484375 0.0046875 0.0125
7 0.56953125 0.6484375 0.00625 0.0109375
7 0.62265625 0.68046875 0.00390625 0.00703125
8 0.6484375 0.6625 0.02578125 0.02109375
7 0.51328125 0.65703125 0.0046875 0.00859375
8 0.33125 0.57421875 0.03515625 0.053125
8 0.3296875 0.634375 0.03125 0.05546875
8 0.803125 0.63125 0.0296875 0.04140625
8 0.79765625 0.678125 0.02578125 0.0390625
7 0.553125 0.67265625 0.0046875 0.00859375