2 0.4375 0.53046875 0.01875 0.0234375
2 0.4171875 0.5234375 0.009375 0.0140625
2 0.4015625 0.525 0.009375 0.0109375
2 0.38671875 0.5234375 0.0109375 0.0140625
2 0.13046875 0.5421875 0.0390625 0.03203125
8 0.5109375 0.46484375 0.01640625 0.03046875
2 0.315625 0.52421875 0.015625 0.015625
2 0.3359375 0.5203125 0.01015625 0.0125
2 0.3515625 0.515625 0.0140625 0.0140625
1 0.453125 0.5109375 0.04140625 0.028125
2 0.4 0.5015625 0.00859375 0.02109375
2 0.4171875 0.51015625 0.0109375 0.0109375
2 0.39375 0.49453125 0.00703125 0.009375