8 0.365625 0.25 0.046875 0.03046875
8 0.42890625 0.25234375 0.03828125 0.03203125
8 0.48125 0.253125 0.028125 0.03203125
8 0.4875 0.2796875 0.03671875 0.0140625
8 0.4578125 0.3078125 0.00546875 0.009375
2 0.50859375 0.3015625 0.009375 0.0125
2 0.4984375 0.31171875 0.0078125 0.0140625
2 0.4953125 0.3140625 0.01171875 0.0125
2 0.3859375 0.3390625 0.0171875 0.025
2 0.346875 0.325 0.01484375 0.01953125
2 0.36015625 0.321875 0.0140625 0.01953125
2 0.2734375 0.340625 0.0234375 0.0265625
2 0.25234375 0.321875 0.034375 0.025
2 0.1953125 0.346875 0.0578125 0.04296875
2 0.125 0.36171875 0.10625 0.0984375
2 0.490625 0.3296875 0.015625 0.01640625
2 0.478125 0.34140625 0.015625 0.0234375
2 0.4609375 0.33125 0.0109375 0.01640625
2 0.5515625 0.3609375 0.07734375 0.11640625
2 0.425 0.3921875 0.09453125 0.1359375
2 0.29765625 0.346875 0.03828125 0.04609375
2 0.08125 0.434375 0.1625 0.2265625
8 0.503125 0.259375 0.0125 0.01953125
2 0.2828125 0.32734375 0.01015625 0.00703125
2 0.36171875 0.34921875 0.03203125 0.04140625