2 0.5359375 0.5375 0.0125 0.01796875
2 0.4890625 0.540625 0.0109375 0.0125
2 0.5046875 0.54609375 0.0140625 0.01796875
2 0.6453125 0.54453125 0.05078125 0.053125
2 0.575 0.54453125 0.01875 0.02109375
1 0.2171875 0.50234375 0.11171875 0.109375
8 0.3546875 0.47109375 0.01015625 0.01640625
8 0.38515625 0.459375 0.01171875 0.00859375
8 0.38359375 0.4765625 0.00625 0.01640625
8 0.375 0.4828125 0.015625 0.015625
8 0.7671875 0.35234375 0.0265625 0.01640625
8 0.7671875 0.37734375 0.02578125 0.01796875
8 0.715625 0.45859375 0.01953125 0.0125
8 0.7015625 0.484375 0.01328125 0.00703125
8 0.62890625 0.4703125 0.0140625 0.0125
8 0.621875 0.48125 0.01015625 0.01796875
8 0.5890625 0.503125 0.009375 0.01640625
2 0.4828125 0.528125 0.0078125 0.0140625
2 0.4203125 0.58984375 0.12421875 0.18359375
7 0.41875 0.4296875 0.01015625 0.01953125
7 0.5515625 0.44609375 0.00703125 0.015625
7 0.2890625 0.40703125 0.00625 0.03203125
2 0.75 0.5515625 0.0265625 0.03359375
8 0.3734375 0.49765625 0.0109375 0.00859375
2 0.37109375 0.5296875 0.02734375 0.053125
7 0.4875 0.509375 0.0046875 0.009375