2 0.1953125 0.484375 0.13203125 0.159375
2 0.2890625 0.478125 0.06328125 0.09296875
2 0.328125 0.478125 0.03515625 0.07109375
2 0.346875 0.47265625 0.02265625 0.059375
2 0.359375 0.471875 0.01484375 0.04453125
2 0.7 0.56640625 0.153125 0.159375
2 0.48359375 0.5265625 0.0859375 0.14296875
2 0.4140625 0.47265625 0.02421875 0.0390625
5 0.39140625 0.47578125 0.01640625 0.09453125
7 0.88671875 0.46015625 0.01328125 0.02890625
7 0.91015625 0.46640625 0.01953125 0.028125
7 0.8390625 0.0359375 0.034375 0.071875
7 0.79296875 0.01640625 0.021875 0.028125
7 0.41328125 0.4234375 0.0046875 0.009375
7 0.453125 0.434375 0.0046875 0.00703125
7 0.3375 0.0296875 0.02578125 0.0515625
5 0.8359375 0.553125 0.025 0.1015625
5 0.790625 0.565625 0.0234375 0.12109375
8 0.8765625 0.39609375 0.0453125 0.03046875
8 0.86484375 0.3671875 0.01796875 0.0265625
8 0.89765625 0.31484375 0.01953125 0.01796875
8 0.06875 0.22734375 0.053125 0.0375
8 0.0921875 0.3140625 0.028125 0.04140625
7 0.03984375 0.284375 0.0171875 0.0375
7 0.27578125 0.4078125 0.00859375 0.0140625
2 0.36875 0.4671875 0.01953125 0.04296875
2 0.3796875 0.46640625 0.01015625 0.034375
2 0.44296875 0.4765625 0.0203125 0.0234375