2 0.4125 0.43515625 0.0125 0.025
2 0.06796875 0.4796875 0.06640625 0.0765625
2 0.39375 0.44375 0.0125 0.0140625
10 0.3734375 0.43828125 0.02578125 0.0484375
2 0.33046875 0.46328125 0.03828125 0.04453125
2 0.278125 0.4546875 0.04140625 0.040625
2 0.2296875 0.4609375 0.04453125 0.0515625
2 0.19296875 0.4625 0.0375 0.04140625
2 0.1296875 0.4734375 0.08359375 0.08359375
6 0.3234375 0.4546875 0.0546875 0.234375
6 0.5140625 0.459375 0.06328125 0.196875
0 0.3265625 0.51953125 0.04921875 0.1484375
0 0.51328125 0.51875 0.05390625 0.16953125
8 0.4375 0.178125 0.02109375 0.05390625
8 0.2109375 0.3625 0.0203125 0.0375
8 0.2109375 0.403125 0.02109375 0.040625
7 0.4171875 0.1875 0.015625 0.065625
7 0.546875 0.29921875 0.01015625 0.05703125
7 0.39375 0.4015625 0.009375 0.01953125
7 0.53125 0.303125 0.01171875 0.05546875
8 0.65625 0.225 0.0171875 0.06796875
2 0.4015625 0.4390625 0.00703125 0.00703125