8 0.296875 0.359375 0.01171875 0.071875
8 0.4234375 0.40625 0.009375 0.0234375
8 0.4984375 0.4 0.01171875 0.01953125
2 0.4453125 0.45859375 0.0125 0.0140625
2 0.415625 0.4609375 0.01015625 0.02109375
2 0.409375 0.4625 0.0109375 0.0265625
2 0.396875 0.45625 0.01875 0.040625
2 0.375 0.4609375 0.0265625 0.0390625
2 0.2953125 0.475 0.04140625 0.04140625
2 0.07109375 0.49609375 0.11875 0.1109375
2 0.6125 0.45390625 0.02734375 0.028125
2 0.4625 0.4609375 0.01796875 0.03046875
2 0.4765625 0.45703125 0.0125 0.021875
2 0.678125 0.46484375 0.03671875 0.04140625
2 0.7890625 0.47265625 0.06953125 0.0640625
2 0.20390625 0.5515625 0.23359375 0.20859375
2 0.3578125 0.459375 0.0078125 0.0234375
2 0.5640625 0.45703125 0.02109375 0.01640625