7 0.2890625 0.153125 0.01171875 0.05703125
7 0.728125 0.29296875 0.0109375 0.0234375
7 0.221875 0.34921875 0.01875 0.0234375
7 0.71796875 0.3203125 0.01875 0.0234375
7 0.71875 0.26953125 0.0078125 0.0140625
7 0.303125 0.15546875 0.0109375 0.0515625
7 0.2765625 0.1546875 0.0078125 0.05703125
8 0.240625 0.2984375 0.0109375 0.0109375
8 0.740625 0.2125 0.01015625 0.01640625
8 0.74453125 0.1875 0.01640625 0.00859375
8 0.74921875 0.17421875 0.02734375 0.0140625
2 0.490625 0.39765625 0.0203125 0.028125
2 0.4625 0.403125 0.01328125 0.0234375
2 0.4546875 0.40625 0.01953125 0.028125
2 0.434375 0.40390625 0.02734375 0.0375
2 0.41484375 0.4109375 0.02265625 0.04453125
2 0.39453125 0.4078125 0.02890625 0.046875
2 0.378125 0.41796875 0.034375 0.0359375
2 0.3359375 0.42421875 0.0578125 0.05703125
2 0.571875 0.4171875 0.04765625 0.06640625
2 0.87890625 0.40078125 0.1578125 0.0875
7 0.98125 0.065625 0.0359375 0.115625
2 0.984375 0.40078125 0.03125 0.0640625