2 0.0703125 0.60546875 0.140625 0.203125
2 0.1 0.55 0.10703125 0.121875
2 0.18359375 0.55546875 0.08828125 0.146875
2 0.2625 0.54921875 0.034375 0.040625
2 0.5609375 0.57734375 0.0359375 0.05
2 0.584375 0.590625 0.04296875 0.0765625
2 0.7578125 0.6046875 0.078125 0.090625
2 0.8125 0.6125 0.07109375 0.09296875
2 0.87578125 0.64375 0.184375 0.16640625
2 0.9765625 0.6609375 0.04609375 0.146875
2 0.6515625 0.6125 0.1265625 0.153125
2 0.4984375 0.6125 0.109375 0.14453125
5 0.409375 0.5609375 0.00625 0.04140625
5 0.3484375 0.5546875 0.01015625 0.04609375
5 0.3359375 0.5578125 0.01171875 0.0734375
5 0.3625 0.559375 0.01328125 0.07109375
7 0.6640625 0.5234375 0.01015625 0.01640625
7 0.4453125 0.49609375 0.00703125 0.015625