2 0.3609375 0.571875 0.03671875 0.046875
2 0.4078125 0.57109375 0.01953125 0.05703125
2 0.63203125 0.5953125 0.0703125 0.078125
2 0.48984375 0.659375 0.19375 0.29453125
8 0.2421875 0.35703125 0.05390625 0.0265625
7 0.28359375 0.3296875 0.01171875 0.046875
7 0.36171875 0.34296875 0.0125 0.04296875
7 0.75625 0.30546875 0.01640625 0.07109375
7 0.7359375 0.30234375 0.01328125 0.06796875
7 0.771875 0.30546875 0.01171875 0.065625
8 0.8171875 0.35546875 0.0359375 0.046875
8 0.85390625 0.478125 0.01875 0.01640625
7 0.12734375 0.47578125 0.015625 0.0234375
7 0.14296875 0.40078125 0.01015625 0.01640625
7 0.85 0.51328125 0.0078125 0.02109375
7 0.88125 0.5140625 0.00859375 0.01953125
10 0.571875 0.56328125 0.05 0.08046875
5 0.778125 0.60703125 0.0109375 0.078125
5 0.7609375 0.603125 0.01796875 0.0875
2 0.86015625 0.765625 0.2796875 0.440625
5 0.240625 0.5625 0.0109375 0.053125
5 0.275 0.571875 0.009375 0.0390625
8 0.5671875 0.484375 0.0390625 0.021875
10 0.640625 0.546875 0.10625 0.1359375