2 0.046875 0.496875 0.09296875 0.21640625
2 0.12734375 0.359375 0.2546875 0.2609375
2 0.88046875 0.403125 0.2390625 0.4765625
2 0.740625 0.284375 0.1921875 0.2640625
2 0.6265625 0.25546875 0.09453125 0.15390625
2 0.5703125 0.228125 0.06171875 0.10390625
2 0.53046875 0.22578125 0.0265625 0.071875
2 0.296875 0.309375 0.11171875 0.13203125
2 0.38515625 0.253125 0.0640625 0.078125
2 0.41875 0.246875 0.028125 0.04609375
2 0.4296875 0.234375 0.03046875 0.04453125
2 0.4453125 0.23203125 0.01796875 0.034375
2 0.4578125 0.22421875 0.015625 0.02890625
2 0.46875 0.21796875 0.0109375 0.01640625
2 0.49375 0.2140625 0.009375 0.0125
8 0.4421875 0.1984375 0.0078125 0.0109375
2 0.4765625 0.21875 0.00625 0.015625