7 0.428125 0.61328125 0.0046875 0.00859375
7 0.41875 0.61328125 0.00390625 0.009375
7 0.40625 0.6140625 0.0046875 0.009375
2 0.440625 0.6390625 0.02109375 0.01953125
2 0.3484375 0.64765625 0.0203125 0.01953125
2 0.31796875 0.65234375 0.0328125 0.02890625
2 0.2765625 0.653125 0.0515625 0.053125
2 0.20078125 0.675 0.08125 0.07890625
2 0.4125 0.65234375 0.028125 0.0390625
2 0.5421875 0.646875 0.03046875 0.034375
2 0.596875 0.64140625 0.06015625 0.075
2 0.66484375 0.625 0.0703125 0.046875
2 0.6671875 0.6609375 0.06875 0.08046875
2 0.7484375 0.6421875 0.09921875 0.128125
2 0.390625 0.64609375 0.0109375 0.015625
10 0.88828125 0.61015625 0.2234375 0.225