8 0.425 0.365625 0.0078125 0.01640625
2 0.66171875 0.4875 0.14296875 0.13046875
2 0.5546875 0.446875 0.0828125 0.08203125
2 0.5015625 0.43828125 0.0484375 0.05859375
2 0.4625 0.42734375 0.0375 0.04453125
2 0.43984375 0.42578125 0.01015625 0.03203125
2 0.428125 0.421875 0.01484375 0.025
2 0.32890625 0.41875 0.04765625 0.0734375
2 0.39375 0.4140625 0.0265625 0.04296875
2 0.41484375 0.41796875 0.0109375 0.00859375
2 0.084375 0.4265625 0.06796875 0.06953125
2 0.16171875 0.4125 0.04453125 0.05390625
2 0.1953125 0.41328125 0.01875 0.03203125
2 0.2109375 0.41328125 0.01484375 0.0265625
2 0.2328125 0.409375 0.02734375 0.034375
2 0.27109375 0.40390625 0.025 0.02890625
7 0.35703125 0.36796875 0.00546875 0.0109375
7 0.403125 0.37265625 0.00546875 0.009375
2 0.1265625 0.41015625 0.01953125 0.025
7 0.434375 0.36015625 0.00625 0.00859375