8 0.67890625 0.125 0.0109375 0.03203125
7 0.459375 0.17421875 0.00625 0.015625
8 0.66875 0.17578125 0.00859375 0.01953125
8 0.42109375 0.1890625 0.01953125 0.0109375
8 0.6 0.19765625 0.015625 0.00859375
8 0.609375 0.2171875 0.00859375 0.0125
8 0.97109375 0.06015625 0.05078125 0.0265625
7 0.95390625 0.15078125 0.01953125 0.0390625
7 0.9921875 0.146875 0.015625 0.040625
5 0.7921875 0.234375 0.00703125 0.028125
5 0.8 0.23984375 0.0078125 0.025
2 0.82109375 0.315625 0.13203125 0.12109375
2 0.7484375 0.2859375 0.09375 0.1
2 0.69375 0.2828125 0.04921875 0.078125
2 0.6546875 0.2671875 0.040625 0.0609375
2 0.63203125 0.26171875 0.03046875 0.05390625
2 0.6125 0.26015625 0.01484375 0.04296875
2 0.5796875 0.24765625 0.01796875 0.0265625
2 0.11328125 0.33515625 0.22265625 0.19140625
2 0.37578125 0.29140625 0.1 0.11796875
2 0.296875 0.278125 0.08984375 0.11640625
8 0.97421875 0.10703125 0.0234375 0.078125
7 0.4546875 0.171875 0.00546875 0.0140625
2 0.4859375 0.2609375 0.0578125 0.0390625
2 0.521875 0.240625 0.0359375 0.05546875
2 0.66953125 0.27421875 0.0390625 0.05859375
2 0.6015625 0.2625 0.01640625 0.040625