2 0.6625 0.64296875 0.2015625 0.24140625
10 0.15078125 0.49609375 0.3015625 0.99140625
7 0.4296875 0.47734375 0.01015625 0.01640625
7 0.353125 0.515625 0.0046875 0.009375
7 0.29765625 0.49296875 0.0078125 0.01640625
8 0.51015625 0.5046875 0.01328125 0.00859375
8 0.459375 0.47890625 0.0109375 0.0140625
8 0.7015625 0.39375 0.0140625 0.1140625
2 0.33828125 0.603125 0.0734375 0.084375
1 0.371875 0.575 0.0296875 0.05
2 0.34921875 0.5546875 0.015625 0.01640625
2 0.415625 0.58359375 0.03359375 0.053125
2 0.4890625 0.590625 0.04140625 0.0609375
2 0.5609375 0.575 0.0375 0.053125
2 0.4421875 0.56171875 0.0125 0.0234375
2 0.5296875 0.603125 0.07265625 0.08359375
7 0.31328125 0.5375 0.0046875 0.009375
2 0.30546875 0.55625 0.021875 0.03046875
2 0.396875 0.553125 0.01171875 0.01640625
2 0.371875 0.54296875 0.028125 0.0234375
2 0.4109375 0.540625 0.03046875 0.02890625
7 0.46796875 0.52421875 0.00703125 0.0109375