8 0.575 0.3328125 0.0765625 0.09140625
8 0.625 0.33359375 0.02578125 0.04296875
8 0.49453125 0.325 0.0796875 0.0875
8 0.428125 0.31796875 0.03984375 0.0125
8 0.4328125 0.34453125 0.046875 0.03203125
8 0.49453125 0.3765625 0.01015625 0.01640625
8 0.60859375 0.425 0.0078125 0.025
8 0.6421875 0.43203125 0.01015625 0.01796875
8 0.6421875 0.396875 0.00625 0.01953125
8 0.74140625 0.30390625 0.0328125 0.08046875
8 0.2765625 0.32890625 0.0890625 0.065625
8 0.3609375 0.334375 0.04921875 0.05390625
8 0.546875 0.4453125 0.01171875 0.0109375
2 0.5921875 0.4515625 0.01015625 0.0109375
2 0.578125 0.4546875 0.01640625 0.0140625
2 0.565625 0.4625 0.01015625 0.021875
2 0.521875 0.44921875 0.0375 0.025
2 0.49375 0.44921875 0.0140625 0.025
2 0.503125 0.4765625 0.0265625 0.02890625
2 0.5375 0.49453125 0.0484375 0.08046875
2 0.4390625 0.4390625 0.0328125 0.02109375
2 0.3421875 0.47890625 0.03046875 0.040625
2 0.73125 0.5078125 0.10625 0.15
2 0.478125 0.496875 0.0359375 0.04140625
8 0.2328125 0.409375 0.01171875 0.02890625
2 0.1375 0.47109375 0.0546875 0.03046875
2 0.415625 0.51796875 0.11796875 0.15390625
2 0.6359375 0.57109375 0.1859375 0.22890625
8 0.0125 0.05703125 0.025 0.1140625
2 0.2453125 0.42578125 0.01328125 0.01953125
2 0.2609375 0.42734375 0.01484375 0.021875
2 0.471875 0.459375 0.034375 0.040625
8 0.5796875 0.446875 0.0234375 0.01953125
8 0.6015625 0.44765625 0.009375 0.0140625