7 0.0375 0.40546875 0.0140625 0.021875
7 0.0609375 0.40859375 0.0125 0.02109375
7 0.359375 0.42109375 0.0078125 0.015625
7 0.7125 0.1609375 0.01796875 0.03046875
7 0.50625 0.43046875 0.00703125 0.01640625
2 0.440625 0.49921875 0.0359375 0.04296875
2 0.571875 0.5 0.03984375 0.0375
2 0.15703125 0.521875 0.10078125 0.09140625
2 0.54765625 0.4953125 0.01953125 0.03203125
2 0.265625 0.5203125 0.03671875 0.04609375
2 0.221875 0.515625 0.053125 0.0640625
2 0.8390625 0.56328125 0.1546875 0.1390625
2 0.9390625 0.59296875 0.121875 0.19140625
7 0.85546875 0.3984375 0.0125 0.01796875
2 0.390625 0.49375 0.0625 0.04453125
2 0.31796875 0.50703125 0.015625 0.040625
2 0.2875 0.50859375 0.04375 0.05390625
2 0.465625 0.490625 0.01171875 0.01796875
2 0.484375 0.4953125 0.0265625 0.03046875
2 0.52734375 0.49765625 0.0109375 0.01640625
2 0.5109375 0.49375 0.0203125 0.021875
8 0.8625 0.31875 0.03671875 0.053125
8 0.875 0.2703125 0.0296875 0.02109375
7 0.684375 0.1375 0.02578125 0.05390625
8 0.6078125 0.4171875 0.015625 0.01796875
7 0.484375 0.46640625 0.00546875 0.0109375
7 0.475 0.484375 0.003125 0.00703125
7 0.43515625 0.47109375 0.0046875 0.00703125
2 0.3296875 0.5046875 0.01953125 0.04453125
2 0.3421875 0.5046875 0.0125 0.03359375