2 0.471875 0.53359375 0.04921875 0.075
2 0.5546875 0.534375 0.0515625 0.06796875
2 0.5859375 0.525 0.021875 0.03046875
2 0.5234375 0.5140625 0.01328125 0.01640625
2 0.4984375 0.51171875 0.0125 0.0140625
2 0.08046875 0.50546875 0.07734375 0.046875
2 0.2515625 0.51171875 0.10703125 0.053125
2 0.36953125 0.51640625 0.02734375 0.034375
2 0.38125 0.50859375 0.0203125 0.025
2 0.3953125 0.50390625 0.021875 0.025
2 0.940625 0.54765625 0.0828125 0.04296875
2 0.80390625 0.546875 0.0375 0.03203125
10 0.15625 0.49140625 0.09140625 0.05859375
7 0.459375 0.38515625 0.0046875 0.0234375
7 0.46875 0.38671875 0.00546875 0.02109375
8 0.3890625 0.44921875 0.0171875 0.0140625
8 0.41875 0.47421875 0.01015625 0.01796875
7 0.746875 0.45703125 0.0171875 0.021875
8 0.75234375 0.384375 0.0234375 0.0140625
8 0.7375 0.41328125 0.0265625 0.0140625