7 0.084375 0.39453125 0.01015625 0.025
7 0.2546875 0.4359375 0.0109375 0.021875
7 0.5671875 0.4546875 0.01015625 0.01953125
8 0.26875 0.328125 0.0234375 0.0140625
8 0.58125 0.39921875 0.01953125 0.0125
7 0.2625 0.359375 0.009375 0.02890625
7 0.490625 0.32578125 0.0109375 0.0359375
2 0.4625 0.51171875 0.03828125 0.04140625
2 0.34375 0.48359375 0.02578125 0.034375
2 0.421875 0.4953125 0.0296875 0.02890625
2 0.36484375 0.47890625 0.0171875 0.01953125
1 0.378125 0.46484375 0.01875 0.034375
2 0.553125 0.50625 0.0203125 0.05859375
7 0.621875 0.43125 0.00703125 0.0234375