7 0.403125 0.5875 0.00546875 0.0140625
7 0.4453125 0.5921875 0.00546875 0.0109375
7 0.3125 0.596875 0.00625 0.0125
7 0.2609375 0.584375 0.00703125 0.01640625
8 0.3609375 0.59609375 0.00859375 0.015625
8 0.4234375 0.58828125 0.0125 0.00546875
8 0.4921875 0.56953125 0.00859375 0.015625
8 0.1859375 0.578125 0.015625 0.00859375
8 0.16640625 0.5765625 0.00703125 0.0125
8 0.15703125 0.603125 0.00859375 0.0234375
8 0.06796875 0.57890625 0.01484375 0.009375
8 0.125 0.60703125 0.00625 0.009375
8 0.0140625 0.59375 0.009375 0.0109375
8 0.3203125 0.6078125 0.0046875 0.01640625
8 0.1203125 0.63515625 0.00703125 0.015625
8 0.08203125 0.63203125 0.00703125 0.015625
8 0.04375 0.61484375 0.0078125 0.0125
8 0.4109375 0.625 0.00390625 0.009375
8 0.41953125 0.628125 0.00390625 0.00859375
2 0.384375 0.6390625 0.01484375 0.02109375
2 0.05625 0.64609375 0.025 0.0125
2 0.025 0.6390625 0.0296875 0.03046875
7 0.28671875 0.61953125 0.0078125 0.0109375
8 0.54140625 0.6 0.00703125 0.015625
2 0.4203125 0.640625 0.01171875 0.0140625