2 0.3875 0.5484375 0.028125 0.034375
2 0.36015625 0.55703125 0.01953125 0.04296875
2 0.346875 0.559375 0.021875 0.0515625
2 0.3265625 0.56640625 0.04296875 0.06796875
2 0.2171875 0.603125 0.18671875 0.20546875
2 0.41640625 0.54453125 0.01171875 0.01796875
2 0.471875 0.546875 0.01484375 0.04140625
2 0.48828125 0.553125 0.03046875 0.059375
2 0.5203125 0.5640625 0.0546875 0.10703125
2 0.5453125 0.58125 0.053125 0.109375
2 0.6109375 0.60703125 0.13828125 0.15703125
7 0.3875 0.4828125 0.01171875 0.021875
7 0.44375 0.4765625 0.009375 0.021875
7 0.4203125 0.50625 0.0078125 0.01640625
7 0.7859375 0.371875 0.02578125 0.0625
7 0.8171875 0.3765625 0.0265625 0.05
8 0.7640625 0.28359375 0.0546875 0.04140625
8 0.6828125 0.38671875 0.02578125 0.02890625
2 0.7296875 0.56796875 0.053125 0.1234375