7 0.32109375 0.140625 0.01171875 0.07109375
7 0.3078125 0.140625 0.01171875 0.07890625
7 0.34140625 0.1421875 0.01171875 0.06796875
7 0.61640625 0.3015625 0.040625 0.06796875
7 0.53359375 0.36328125 0.0078125 0.0234375
7 0.015625 0.24140625 0.01328125 0.07109375
7 0.0046875 0.24140625 0.009375 0.07890625
8 0.5140625 0.246875 0.025 0.03203125
8 0.81875 0.265625 0.0578125 0.07890625
8 0.6640625 0.371875 0.01796875 0.0359375
8 0.4390625 0.121875 0.109375 0.046875
7 0.57890625 0.20703125 0.0234375 0.121875
2 0.75 0.42734375 0.06953125 0.05703125
2 0.4078125 0.41328125 0.040625 0.046875
2 0.346875 0.4203125 0.034375 0.0375
2 0.296875 0.43984375 0.0765625 0.10546875
2 0.01953125 0.4171875 0.0390625 0.05546875
2 0.0546875 0.428125 0.0359375 0.0375