8 0.5296875 0.453125 0.01484375 0.03046875
8 0.48359375 0.36171875 0.05703125 0.025
8 0.1625 0.3734375 0.02421875 0.00859375
8 0.1390625 0.3859375 0.01875 0.009375
7 0.41953125 0.33671875 0.01328125 0.05546875
7 0.5390625 0.371875 0.01015625 0.04296875
7 0.2015625 0.25390625 0.01015625 0.0515625
7 0.15625 0.459375 0.0125 0.01953125
7 0.5421875 0.4640625 0.01015625 0.028125
7 0.403125 0.33125 0.0125 0.05
7 0.1875 0.253125 0.0109375 0.0640625
7 0.15859375 0.2484375 0.0125 0.0609375
7 0.9921875 0.37734375 0.015625 0.0484375
2 0.446875 0.50390625 0.0453125 0.03359375
2 0.4921875 0.55703125 0.10859375 0.11796875
2 0.934375 0.52734375 0.08203125 0.09453125
2 0.1734375 0.5375 0.10234375 0.0765625
2 0.8484375 0.5375 0.1875 0.103125
2 0.634375 0.57265625 0.1875 0.16953125
2 0.33671875 0.55234375 0.259375 0.334375
2 0.109375 0.6421875 0.21875 0.503125