7 0.55 0.53203125 0.00859375 0.01640625
8 0.5953125 0.52890625 0.01171875 0.021875
2 0.5859375 0.578125 0.0203125 0.034375
2 0.6125 0.58359375 0.03984375 0.06640625
2 0.65625 0.5890625 0.0765625 0.09609375
2 0.43671875 0.58671875 0.05234375 0.059375
2 0.396875 0.5984375 0.04453125 0.06640625
2 0.353125 0.60390625 0.0609375 0.0859375
2 0.2859375 0.62578125 0.09765625 0.10703125
2 0.7453125 0.62265625 0.10625 0.1765625
2 0.1671875 0.64765625 0.17578125 0.18046875
2 0.0421875 0.66484375 0.084375 0.2328125
2 0.4828125 0.571875 0.0546875 0.059375
2 0.5703125 0.571875 0.02734375 0.03359375
2 0.553125 0.56640625 0.021875 0.0234375
2 0.515625 0.56328125 0.02421875 0.0390625
2 0.875 0.63984375 0.246875 0.290625