7 0.4078125 0.31015625 0.00859375 0.0234375
7 0.478125 0.3125 0.009375 0.01953125
8 0.4328125 0.35546875 0.028125 0.0140625
8 0.321875 0.346875 0.05390625 0.046875
8 0.5390625 0.359375 0.0109375 0.0234375
8 0.45078125 0.35703125 0.00859375 0.0140625
8 0.44140625 0.31875 0.0234375 0.009375
2 0.45078125 0.37734375 0.0125 0.00859375
2 0.45078125 0.3921875 0.0109375 0.01953125
2 0.465625 0.38203125 0.015625 0.021875
2 0.4625 0.3953125 0.0171875 0.02109375
2 0.415625 0.3890625 0.0078125 0.01953125
2 0.4078125 0.3921875 0.00703125 0.015625
2 0.4046875 0.37734375 0.0109375 0.015625
2 0.16171875 0.409375 0.05625 0.0640625
2 0.08984375 0.41953125 0.0859375 0.071875
2 0.021875 0.4265625 0.04375 0.084375
2 0.3875 0.37734375 0.009375 0.0125
2 0.3921875 0.396875 0.02734375 0.0375
2 0.43359375 0.403125 0.0328125 0.046875
2 0.24375 0.43984375 0.13359375 0.15859375
10 0.503125 0.37421875 0.0625 0.125
1 0.653125 0.3875 0.14765625 0.18203125
7 0.6796875 0.24453125 0.01640625 0.03046875
5 0.875 0.4328125 0.0234375 0.11640625
8 0.553125 0.3421875 0.01171875 0.0125
8 0.5546875 0.31015625 0.009375 0.01796875
8 0.409375 0.31875 0.01953125 0.01640625
7 0.1875 0.290625 0.01171875 0.02890625
7 0.5609375 0.36328125 0.00859375 0.015625
2 0.54921875 0.39921875 0.02890625 0.02890625
2 0.3265625 0.384375 0.10078125 0.03046875