8 0.171875 0.30078125 0.05390625 0.04296875
8 0.13125 0.39296875 0.0625 0.0515625
2 0.60859375 0.69296875 0.14140625 0.196875
2 0.74296875 0.6859375 0.15390625 0.11796875
2 0.971875 0.678125 0.05 0.18046875
2 0.9375 0.665625 0.0734375 0.10390625
2 0.86015625 0.66171875 0.0515625 0.071875
2 0.8296875 0.6515625 0.02421875 0.0484375
2 0.80390625 0.646875 0.0265625 0.0390625
1 0.7359375 0.60546875 0.05 0.04296875
10 0.109375 0.6375 0.12421875 0.090625
2 0.01640625 0.68203125 0.0328125 0.04296875
7 0.678125 0.58125 0.00546875 0.01953125
7 0.73515625 0.571875 0.0078125 0.0140625