8 0.54609375 0.503125 0.0109375 0.0265625
8 0.50703125 0.4984375 0.03359375 0.02890625
8 0.48046875 0.50390625 0.01015625 0.0109375
8 0.46640625 0.5046875 0.015625 0.0125
8 0.4546875 0.5390625 0.01328125 0.0359375
8 0.696875 0.40390625 0.01640625 0.0609375
2 0.415625 0.559375 0.01015625 0.0234375
2 0.43125 0.553125 0.0125 0.01796875
2 0.44296875 0.565625 0.01875 0.021875
2 0.3765625 0.5703125 0.0171875 0.04140625
2 0.35625 0.5765625 0.03828125 0.05859375
2 0.315625 0.5859375 0.06796875 0.084375
2 0.5484375 0.5671875 0.02578125 0.0375
2 0.5796875 0.565625 0.01015625 0.015625
2 0.5984375 0.565625 0.0171875 0.01796875
2 0.61796875 0.565625 0.01171875 0.021875
2 0.63125 0.565625 0.015625 0.021875
2 0.64453125 0.56640625 0.01640625 0.0234375
2 0.671875 0.56484375 0.0375 0.0390625
2 0.8453125 0.61640625 0.20625 0.1859375
2 0.3984375 0.57421875 0.02890625 0.05
2 0.46875 0.53984375 0.01640625 0.02109375
2 0.51875 0.559375 0.0125 0.015625
8 0.021875 0.53515625 0.0203125 0.03046875
2 0.08671875 0.578125 0.0875 0.071875
2 0.146875 0.7296875 0.29140625 0.38359375
2 0.50859375 0.55078125 0.0109375 0.0125