7 0.3734375 0.36328125 0.00859375 0.028125
7 0.4296875 0.36171875 0.00703125 0.025
7 0.3171875 0.45390625 0.009375 0.021875
7 0.68515625 0.22734375 0.01640625 0.065625
7 0.7375 0.29609375 0.01953125 0.071875
8 0.271875 0.2125 0.03203125 0.05859375
8 0.40546875 0.371875 0.0140625 0.0265625
8 0.4734375 0.184375 0.03046875 0.0515625
8 0.6109375 0.328125 0.01640625 0.028125
8 0.7375 0.37890625 0.02578125 0.034375
8 0.784375 0.240625 0.03046875 0.0140625
8 0.790625 0.2640625 0.0484375 0.0234375
7 0.146875 0.384375 0.0046875 0.0265625
8 0.17109375 0.29765625 0.01796875 0.04296875
5 0.290625 0.55078125 0.0453125 0.2125
5 0.31796875 0.53125 0.0203125 0.09140625
5 0.25 0.5625 0.05390625 0.2359375
5 0.353125 0.5078125 0.02734375 0.10859375
5 0.8140625 0.546875 0.0359375 0.2140625
5 0.9109375 0.54765625 0.0484375 0.3
5 0.8828125 0.5546875 0.03046875 0.21640625
2 0.79765625 0.52578125 0.12421875 0.0875
2 0.053125 0.53125 0.096875 0.10546875
2 0.121875 0.59609375 0.23203125 0.2375
2 0.50390625 0.58671875 0.3921875 0.55