2 0.4953125 0.36953125 0.0078125 0.01796875
2 0.4796875 0.36796875 0.01953125 0.04140625
2 0.54140625 0.390625 0.01796875 0.0359375
2 0.56484375 0.4 0.053125 0.084375
2 0.796875 0.4078125 0.08125 0.0625
2 0.8703125 0.409375 0.0671875 0.0734375
2 0.9484375 0.4328125 0.09765625 0.0734375
2 0.621875 0.46171875 0.1484375 0.1890625
2 0.4515625 0.37265625 0.05 0.09140625
2 0.33046875 0.3609375 0.034375 0.03359375
2 0.4015625 0.35859375 0.0234375 0.0265625
2 0.375 0.3609375 0.03046875 0.040625
2 0.509375 0.38125 0.02265625 0.0390625
2 0.034375 0.31796875 0.06875 0.1140625
5 0.08203125 0.33359375 0.01328125 0.096875
8 0.640625 0.1546875 0.06875 0.03359375
8 0.71640625 0.240625 0.028125 0.034375
8 0.715625 0.265625 0.028125 0.01640625
7 0.4859375 0.334375 0.0125 0.01640625
7 0.525 0.33359375 0.009375 0.021875
7 0.58125 0.14296875 0.01640625 0.046875
7 0.575 0.2765625 0.0140625 0.021875
7 0.271875 0.1765625 0.009375 0.034375
7 0.7 0.17265625 0.01015625 0.05859375
7 0.4515625 0.315625 0.0078125 0.02109375
7 0.4203125 0.31953125 0.00703125 0.025
7 0.584375 0.31640625 0.00546875 0.0109375
7 0.73671875 0.3359375 0.0078125 0.03359375
7 0.234375 0.296875 0.0078125 0.0390625
8 0.2109375 0.1484375 0.059375 0.03046875
7 0.5046875 0.328125 0.0046875 0.01953125
8 0.2265625 0.2125 0.02421875 0.021875
5 0.0515625 0.33359375 0.01875 0.084375
5 0.00625 0.321875 0.0125 0.103125