7 0.2296875 0.353125 0.0140625 0.02109375
7 0.36796875 0.2921875 0.01015625 0.01640625
7 0.55546875 0.28671875 0.01015625 0.02109375
7 0.415625 0.36171875 0.00703125 0.0109375
7 0.4765625 0.3640625 0.00859375 0.0125
2 0.3859375 0.40390625 0.0234375 0.04453125
2 0.484375 0.39921875 0.0296875 0.05390625
2 0.4171875 0.39296875 0.021875 0.03046875
2 0.434375 0.38984375 0.01796875 0.0265625
2 0.4546875 0.409375 0.01796875 0.025
2 0.50859375 0.4265625 0.03671875 0.075
2 0.4296875 0.42890625 0.04453125 0.05859375
2 0.284375 0.41328125 0.0546875 0.08046875
2 0.35 0.44921875 0.08125 0.11796875
8 0.321875 0.3265625 0.0140625 0.0359375
2 0.22421875 0.44453125 0.07578125 0.1640625
2 0.53515625 0.4375 0.0734375 0.128125
10 0.71875 0.3828125 0.17109375 0.2265625
2 0.875 0.471875 0.1484375 0.1234375
2 0.659375 0.503125 0.25078125 0.2484375
2 0.9640625 0.57890625 0.0703125 0.265625