7 0.32265625 0.56796875 0.0125 0.03359375
7 0.29375 0.5765625 0.00859375 0.0234375
7 0.38125 0.60390625 0.0078125 0.025
7 0.4328125 0.6359375 0.0046875 0.0140625
7 0.734375 0.60078125 0.01328125 0.04296875
8 0.140625 0.5609375 0.0125 0.021875
8 0.45625 0.63828125 0.0125 0.009375
8 0.44375 0.6125 0.01015625 0.01640625
8 0.4484375 0.659375 0.01328125 0.0359375
8 0.4328125 0.6578125 0.01328125 0.02890625
8 0.23984375 0.58828125 0.00546875 0.02890625
8 0.25 0.65859375 0.01328125 0.02109375
8 0.271875 0.66171875 0.009375 0.0140625
8 0.690625 0.61875 0.015625 0.04609375
2 0.315625 0.70859375 0.0140625 0.0390625
2 0.2734375 0.7203125 0.08203125 0.10390625
2 0.221875 0.703125 0.021875 0.03203125
2 0.1875 0.709375 0.0125 0.021875
2 0.096875 0.77890625 0.19375 0.3453125
2 0.36875 0.753125 0.125 0.2
1 0.865625 0.709375 0.2671875 0.328125