7 0.340625 0.471875 0.00625 0.015625
7 0.31875 0.46953125 0.00703125 0.01640625
5 0.18125 0.534375 0.0203125 0.134375
5 0.63984375 0.565625 0.015625 0.0875
5 0.5390625 0.53515625 0.01484375 0.0734375
5 0.5234375 0.5390625 0.0125 0.065625
5 0.19375 0.509375 0.0140625 0.08203125
5 0.23203125 0.50859375 0.0234375 0.03359375
5 0.2625 0.4984375 0.00703125 0.0265625
5 0.275 0.49609375 0.00703125 0.025
2 0.309375 0.503125 0.015625 0.021875
2 0.35625 0.5078125 0.015625 0.021875
2 0.3640625 0.51171875 0.015625 0.02109375
2 0.378125 0.51328125 0.01796875 0.03046875
2 0.39453125 0.5171875 0.02734375 0.0359375
2 0.44453125 0.53515625 0.028125 0.05546875
2 0.34609375 0.50859375 0.0109375 0.02109375
2 0.33203125 0.50546875 0.015625 0.028125
2 0.29375 0.5265625 0.046875 0.06953125
2 0.4171875 0.54296875 0.065625 0.09140625
2 0.884375 0.66953125 0.228125 0.4015625
8 0.02734375 0.196875 0.05234375 0.146875