2 0.16484375 0.59296875 0.3296875 0.3875
2 0.5625 0.65390625 0.33359375 0.434375
2 0.87734375 0.67109375 0.24375 0.36796875
8 0.88203125 0.353125 0.0328125 0.04296875
8 0.875 0.25078125 0.06640625 0.0390625
8 0.89296875 0.1296875 0.04609375 0.059375
8 0.9125 0.17890625 0.05 0.03359375
8 0.8921875 0.203125 0.01640625 0.03046875
8 0.1203125 0.3265625 0.03046875 0.01640625
8 0.1328125 0.3546875 0.0328125 0.01796875
7 0.2671875 0.22265625 0.01171875 0.05859375
7 0.5828125 0.14765625 0.0140625 0.07890625
7 0.2828125 0.22890625 0.009375 0.05
7 0.590625 0.15625 0.01015625 0.0625
7 0.40625 0.48515625 0.0078125 0.021875
7 0.621875 0.446875 0.00625 0.01796875
7 0.6109375 0.4453125 0.00390625 0.01640625
7 0.8546875 0.353125 0.01171875 0.05
1 0.3265625 0.484375 0.07734375 0.1375
2 0.3703125 0.52265625 0.01171875 0.04296875
2 0.3828125 0.534375 0.0125 0.0375
2 0.3953125 0.54296875 0.01484375 0.02890625
2 0.4078125 0.546875 0.009375 0.02890625