8 0.4296875 0.35078125 0.01328125 0.0125
8 0.4578125 0.29453125 0.04921875 0.040625
8 0.415625 0.3484375 0.0109375 0.01640625
8 0.3859375 0.34296875 0.0203125 0.03203125
8 0.3875 0.340625 0.0109375 0.028125
7 0.50234375 0.3140625 0.009375 0.0234375
7 0.453125 0.30625 0.00625 0.02890625
7 0.5078125 0.315625 0.0109375 0.0234375
8 0.36953125 0.26796875 0.06484375 0.059375
8 0.60703125 0.3921875 0.02265625 0.03203125
2 0.490625 0.40390625 0.02578125 0.0390625
2 0.4328125 0.425 0.07578125 0.128125
2 0.615625 0.4125 0.04453125 0.02890625