2 0.09375 0.45625 0.17734375 0.22109375
2 0.4171875 0.3625 0.01875 0.03359375
2 0.45 0.36015625 0.0203125 0.0234375
2 0.3953125 0.35703125 0.01328125 0.0265625
5 0.31875 0.384375 0.01328125 0.0515625
5 0.259375 0.40078125 0.0125 0.0484375
5 0.271875 0.384375 0.009375 0.0390625
7 0.03515625 0.296875 0.0109375 0.05859375
7 0.2453125 0.309375 0.0078125 0.0390625
7 0.35546875 0.22265625 0.00703125 0.04140625
7 0.46640625 0.22109375 0.00546875 0.04140625
7 0.115625 0.196875 0.0140625 0.04609375
7 0.434375 0.3046875 0.00546875 0.01796875
7 0.3984375 0.3078125 0.00546875 0.0234375
7 0.35859375 0.33515625 0.00546875 0.0265625
7 0.38046875 0.33671875 0.00234375 0.01953125
2 0.378125 0.36328125 0.01875 0.02890625
2 0.4328125 0.3546875 0.01328125 0.03203125
8 0.534375 0.22421875 0.01796875 0.03359375
8 0.66875 0.26875 0.02421875 0.0375
8 0.6671875 0.228125 0.02265625 0.0140625
2 0.70625 0.346875 0.0375 0.0515625
2 0.4984375 0.353125 0.021875 0.0234375
5 0.6265625 0.34453125 0.01328125 0.05546875
7 0.9140625 0.021875 0.02109375 0.040625