8 0.1875 0.365625 0.02734375 0.04140625
8 0.2953125 0.34453125 0.01484375 0.0125
8 0.29921875 0.3671875 0.009375 0.02890625
8 0.609375 0.2828125 0.0453125 0.0875
8 0.559375 0.3375 0.0109375 0.01640625
8 0.36328125 0.3734375 0.02578125 0.0359375
8 0.7921875 0.15078125 0.01796875 0.04140625
1 0.4875 0.378125 0.0125 0.0265625
2 0.4 0.40625 0.021875 0.03359375
2 0.378125 0.4125 0.02890625 0.04140625
2 0.35546875 0.4109375 0.0234375 0.03359375
2 0.34765625 0.415625 0.01875 0.0359375
2 0.3203125 0.42734375 0.04609375 0.03203125
2 0.53828125 0.371875 0.0125 0.01640625
1 0.4234375 0.3765625 0.05703125 0.021875
2 0.440625 0.43671875 0.078125 0.11953125
2 0.1046875 0.434375 0.04375 0.03203125
7 0.3765625 0.309375 0.009375 0.02890625
7 0.40859375 0.296875 0.009375 0.0234375
7 0.4546875 0.29296875 0.0109375 0.0234375
7 0.49609375 0.2859375 0.0125 0.0234375
8 0.5140625 0.3515625 0.0078125 0.0140625
2 0.5078125 0.371875 0.0203125 0.01953125
8 0.5796875 0.32109375 0.015625 0.021875