2 0.6859375 0.41875 0.0875 0.11953125
2 0.71796875 0.421875 0.07890625 0.1109375
2 0.796875 0.4140625 0.1609375 0.19296875
2 0.2734375 0.484375 0.065625 0.0875
2 0.1953125 0.51328125 0.0953125 0.09296875
2 0.903125 0.4328125 0.19296875 0.32890625
2 0.55546875 0.41171875 0.015625 0.028125
2 0.5203125 0.41953125 0.0203125 0.025
2 0.48203125 0.44296875 0.04921875 0.08046875
2 0.609375 0.42109375 0.03515625 0.03359375
2 0.0390625 0.5640625 0.078125 0.121875
2 0.4140625 0.45 0.0296875 0.02890625
2 0.45 0.434375 0.01484375 0.02890625
2 0.4328125 0.446875 0.01796875 0.0234375