8 0.56484375 0.21796875 0.01328125 0.0140625
2 0.4453125 0.28359375 0.05625 0.078125
2 0.403125 0.2828125 0.02890625 0.04609375
2 0.54375 0.2640625 0.0125 0.03046875
2 0.5609375 0.2703125 0.015625 0.025
2 0.58125 0.278125 0.03125 0.0734375
2 0.36015625 0.2890625 0.0453125 0.08046875
2 0.3203125 0.2921875 0.05234375 0.08046875
2 0.2515625 0.3046875 0.10078125 0.12890625
2 0.17890625 0.3125 0.06484375 0.11796875
2 0.6265625 0.2921875 0.08671875 0.125
2 0.0875 0.3578125 0.175 0.26875
2 0.50859375 0.29453125 0.0734375 0.1125
7 0.5484375 0.22109375 0.009375 0.02109375