7 0.34765625 0.35625 0.01015625 0.040625
7 0.49453125 0.3390625 0.009375 0.0375
7 0.39375 0.428125 0.00546875 0.0125
2 0.3890625 0.45703125 0.028125 0.03203125
2 0.41953125 0.446875 0.03046875 0.053125
2 0.45625 0.4578125 0.021875 0.0390625
2 0.4921875 0.4609375 0.0359375 0.07109375
2 0.55 0.4703125 0.02421875 0.05546875
2 0.575 0.465625 0.0390625 0.078125
2 0.6 0.465625 0.0578125 0.0875
2 0.659375 0.4640625 0.10625 0.12109375
2 0.721875 0.50234375 0.109375 0.13359375
2 0.8828125 0.52109375 0.23203125 0.178125
2 0.01875 0.44375 0.03515625 0.05546875
2 0.1125 0.453125 0.0421875 0.03359375
2 0.1484375 0.44609375 0.03984375 0.028125
2 0.18984375 0.44375 0.02890625 0.03046875
8 0.55625 0.34453125 0.01328125 0.015625
7 0.45546875 0.42109375 0.00625 0.01953125
8 0.55703125 0.38203125 0.01171875 0.00859375
7 0.5640625 0.40703125 0.009375 0.01640625