8 0.30625 0.41328125 0.0234375 0.01953125
8 0.30625 0.43828125 0.0265625 0.025
8 0.709375 0.52265625 0.0109375 0.028125
8 0.909375 0.40703125 0.025 0.03203125
8 0.85 0.503125 0.05 0.03046875
8 0.29140625 0.48828125 0.0109375 0.025
7 0.4265625 0.36015625 0.01328125 0.04453125
7 0.43671875 0.36796875 0.00625 0.04453125
7 0.4125 0.3640625 0.009375 0.0484375
7 0.91640625 0.446875 0.0109375 0.0359375
7 0.28203125 0.4859375 0.0078125 0.01953125
7 0.8953125 0.44765625 0.0109375 0.04140625
5 0.8140625 0.6078125 0.0203125 0.0515625
5 0.7328125 0.59140625 0.01171875 0.059375
2 0.7078125 0.61953125 0.034375 0.0640625
2 0.88828125 0.75390625 0.2234375 0.425
2 0.521875 0.66484375 0.3703125 0.58046875
2 0.096875 0.5421875 0.19375 0.396875
8 0.034375 0.159375 0.01953125 0.03203125
8 0.04140625 0.1984375 0.065625 0.03203125