2 0.32890625 0.40703125 0.021875 0.0390625
2 0.30546875 0.4140625 0.0328125 0.053125
2 0.4828125 0.39609375 0.03515625 0.0359375
2 0.26953125 0.42109375 0.04296875 0.06953125
2 0.9578125 0.46171875 0.08359375 0.1140625
5 0.1734375 0.41015625 0.0140625 0.0640625
5 0.1609375 0.41328125 0.01171875 0.06796875
5 0.1390625 0.41484375 0.025 0.09140625
2 0.0203125 0.40703125 0.03828125 0.06640625
2 0.21640625 0.42578125 0.06875 0.103125
2 0.490625 0.4265625 0.04609375 0.06640625
2 0.76875 0.46875 0.3375 0.36796875
7 0.36875 0.39140625 0.00703125 0.009375
2 0.021875 0.46796875 0.04296875 0.09140625
2 0.425 0.45390625 0.115625 0.1609375
7 0.59921875 0.32890625 0.0140625 0.03359375
7 0.08125 0.184375 0.015625 0.0515625
7 0.05 0.32890625 0.0125 0.0265625
8 0.06953125 0.259375 0.0359375 0.0234375
7 0.334375 0.36875 0.00703125 0.01640625
7 0.2 0.07109375 0.0171875 0.04140625
7 0.3703125 0.37734375 0.0078125 0.01640625