2 0.43125 0.453125 0.01953125 0.028125
2 0.4515625 0.44921875 0.0171875 0.025
2 0.4671875 0.45234375 0.0078125 0.01796875
2 0.40546875 0.44609375 0.02890625 0.046875
2 0.3359375 0.45859375 0.05703125 0.08203125
2 0.5203125 0.46328125 0.02890625 0.046875
8 0.4890625 0.4375 0.00546875 0.01640625
8 0.68828125 0.37421875 0.02421875 0.046875
8 0.54921875 0.41015625 0.00859375 0.01640625
7 0.625 0.41328125 0.00703125 0.01640625
2 0.75625 0.37578125 0.02578125 0.03046875
7 0.62578125 0.39140625 0.00390625 0.01640625