2 0.3328125 0.5296875 0.021875 0.0265625
2 0.0578125 0.521875 0.02734375 0.0234375
2 0.1421875 0.52421875 0.02890625 0.0265625
2 0.16875 0.53046875 0.01796875 0.01953125
2 0.575 0.53671875 0.02734375 0.05546875
2 0.484375 0.5875 0.184375 0.2890625
2 0.228125 0.53046875 0.0859375 0.09140625
5 0.1890625 0.5328125 0.034375 0.140625
2 0.37109375 0.53046875 0.04921875 0.0625
2 0.01484375 0.51953125 0.0296875 0.028125
7 0.70234375 0.4296875 0.01484375 0.03203125
7 0.48984375 0.37734375 0.01640625 0.04296875
7 0.4765625 0.375 0.01328125 0.053125
7 0.2859375 0.440625 0.01015625 0.0234375
7 0.2875 0.47421875 0.0125 0.01640625
7 0.36875 0.45546875 0.01484375 0.01796875
8 0.1359375 0.43359375 0.01640625 0.025
8 0.1359375 0.40390625 0.01328125 0.02890625
8 0.11484375 0.35 0.040625 0.02109375
8 0.1234375 0.2109375 0.04921875 0.084375
8 0.11171875 0.15234375 0.0234375 0.03359375
8 0.2171875 0.44296875 0.01953125 0.0140625
7 0.146875 0.4578125 0.01484375 0.0234375
7 0.11875 0.3859375 0.01171875 0.0265625
8 0.61953125 0.4484375 0.01171875 0.028125
8 0.6078125 0.36796875 0.02265625 0.0390625
7 0.59453125 0.48515625 0.01015625 0.021875
7 0.29609375 0.36484375 0.0125 0.028125