8 0.4046875 0.2234375 0.05703125 0.03203125
8 0.3625 0.22890625 0.0171875 0.02890625
7 0.38671875 0.26640625 0.00546875 0.0140625
7 0.35625 0.27421875 0.00625 0.009375
7 0.321875 0.278125 0.0046875 0.01953125
7 0.30859375 0.271875 0.0046875 0.02109375
2 0.428125 0.296875 0.021875 0.028125
2 0.4859375 0.30546875 0.05 0.06953125
2 0.546875 0.29375 0.065625 0.15390625
2 0.1671875 0.35078125 0.04453125 0.09296875
2 0.209375 0.38203125 0.11015625 0.153125
2 0.334375 0.4296875 0.21953125 0.290625
2 0.046875 0.36953125 0.09296875 0.084375
2 0.7765625 0.33359375 0.44609375 0.64140625
1 0.5390625 0.23671875 0.0859375 0.109375