2 0.87421875 0.653125 0.246875 0.37890625
2 0.45 0.515625 0.09765625 0.225
2 0.5390625 0.4875 0.053125 0.11640625
2 0.6 0.5046875 0.11484375 0.153125
3 0.66171875 0.55234375 0.078125 0.10390625
2 0.725 0.57109375 0.08359375 0.09140625
2 0.2578125 0.62734375 0.39453125 0.465625
2 0.05625 0.68828125 0.11171875 0.39609375
8 0.52734375 0.3515625 0.01328125 0.009375
8 0.534375 0.3796875 0.0109375 0.00859375
7 0.4875 0.34609375 0.00859375 0.0265625
8 0.528125 0.334375 0.01171875 0.0265625
8 0.621875 0.32421875 0.01875 0.0140625
7 0.6265625 0.3984375 0.003125 0.01640625