2 0.0921875 0.18671875 0.184375 0.3234375
2 0.89765625 0.5140625 0.20390625 0.19296875
2 0.83125 0.3625 0.3359375 0.24453125
2 0.78125 0.30703125 0.29296875 0.2265625
2 0.7109375 0.27109375 0.2375 0.15546875
2 0.6546875 0.27421875 0.1828125 0.103125
2 0.5578125 0.22890625 0.13046875 0.10703125
2 0.4875 0.20234375 0.03359375 0.04296875
2 0.36015625 0.1671875 0.0890625 0.07890625
2 0.20625 0.1515625 0.0546875 0.0734375
2 0.47109375 0.19609375 0.021875 0.0375
10 0.4546875 0.17265625 0.02109375 0.040625
2 0.4359375 0.18203125 0.0140625 0.02109375
2 0.4203125 0.178125 0.01328125 0.01640625
2 0.6484375 0.23046875 0.19375 0.1359375