7 0.453125 0.3390625 0.00703125 0.0125
7 0.5046875 0.3390625 0.0078125 0.0109375
2 0.53046875 0.384375 0.00703125 0.01953125
2 0.5375 0.39140625 0.0125 0.03046875
2 0.54375 0.390625 0.0109375 0.025
2 0.55625 0.3953125 0.01953125 0.0359375
2 0.5609375 0.396875 0.01640625 0.03046875
2 0.5671875 0.3984375 0.01953125 0.04296875
2 0.58203125 0.409375 0.03046875 0.0515625
2 0.603125 0.4171875 0.05390625 0.0734375
2 0.65234375 0.42109375 0.08203125 0.11640625
2 0.709375 0.44296875 0.1046875 0.13046875
2 0.85390625 0.47890625 0.2640625 0.2515625
2 0.49765625 0.39296875 0.05234375 0.07890625
2 0.425 0.38359375 0.0203125 0.028125