8 0.7109375 0.31484375 0.021875 0.0484375
8 0.6125 0.43359375 0.0109375 0.0234375
8 0.553125 0.478125 0.01875 0.025
8 0.5234375 0.471875 0.03671875 0.03203125
8 0.425 0.3625 0.0171875 0.0359375
2 0.3203125 0.4859375 0.04609375 0.03359375
2 0.18984375 0.48515625 0.0578125 0.028125
2 0.084375 0.47734375 0.11171875 0.0484375
2 0.571875 0.51015625 0.01484375 0.015625
2 0.5375 0.51328125 0.0140625 0.015625
2 0.5078125 0.51171875 0.01015625 0.0140625
2 0.74140625 0.51875 0.0828125 0.08359375
2 0.0765625 0.59609375 0.15234375 0.3265625