7 0.30078125 0.421875 0.01640625 0.01796875
8 0.5109375 0.43671875 0.0078125 0.021875
2 0.540625 0.45703125 0.0109375 0.01796875
2 0.5328125 0.4578125 0.0109375 0.015625
2 0.521875 0.46171875 0.01015625 0.028125
2 0.5109375 0.459375 0.0140625 0.025
2 0.4953125 0.46953125 0.025 0.02890625
2 0.4 0.47421875 0.040625 0.046875
2 0.5640625 0.45546875 0.0140625 0.01953125
2 0.578125 0.45234375 0.0109375 0.028125
2 0.5859375 0.4546875 0.0125 0.03203125
2 0.6015625 0.45703125 0.03203125 0.053125
2 0.62265625 0.47265625 0.0375 0.07890625
2 0.6578125 0.48515625 0.07109375 0.1
2 0.746875 0.5140625 0.18203125 0.196875
2 0.2125 0.5671875 0.246875 0.2390625