7 0.34296875 0.42890625 0.00703125 0.015625
7 0.41640625 0.415625 0.0078125 0.02109375
8 0.5453125 0.471875 0.0234375 0.03203125
8 0.27421875 0.47734375 0.01171875 0.00859375
7 0.51640625 0.47421875 0.00625 0.015625
5 0.5125 0.5140625 0.009375 0.04609375
5 0.5015625 0.5171875 0.00859375 0.04609375
2 0.196875 0.76796875 0.3921875 0.45546875
2 0.353125 0.5765625 0.10078125 0.1765625
2 0.4203125 0.5234375 0.0078125 0.02890625
2 0.4453125 0.5484375 0.0546875 0.0765625
2 0.3984375 0.51796875 0.01640625 0.040625