2 0.15546875 0.52734375 0.140625 0.1234375
2 0.26328125 0.54609375 0.05625 0.075
2 0.0859375 0.5375 0.171875 0.1625
7 0.475 0.46875 0.0109375 0.015625
7 0.3875 0.43359375 0.01015625 0.03359375
7 0.3484375 0.4234375 0.01171875 0.03203125
8 0.64375 0.44609375 0.0171875 0.0125
8 0.64296875 0.46953125 0.0125 0.03359375
8 0.4890625 0.484375 0.028125 0.01953125
2 0.5921875 0.54140625 0.04140625 0.0359375
2 0.653125 0.53671875 0.04453125 0.0265625
2 0.6890625 0.534375 0.021875 0.03046875
2 0.521875 0.53359375 0.06015625 0.05
8 0.47265625 0.5046875 0.00703125 0.01640625
8 0.46796875 0.490625 0.01015625 0.00859375
8 0.3296875 0.465625 0.0203125 0.040625
8 0.4265625 0.525 0.00625 0.01640625