7 0.390625 0.2875 0.00859375 0.01953125
7 0.41484375 0.28125 0.009375 0.01953125
7 0.44375 0.28671875 0.00859375 0.01640625
2 0.40703125 0.33984375 0.03984375 0.05546875
2 0.51875 0.34453125 0.04921875 0.06796875
2 0.5609375 0.33515625 0.01953125 0.0390625
2 0.58125 0.34375 0.0359375 0.046875
2 0.459375 0.3671875 0.06328125 0.09453125
2 0.721875 0.38203125 0.08515625 0.065625
2 0.85078125 0.403125 0.13203125 0.1015625
2 0.30078125 0.32265625 0.021875 0.025
2 0.28125 0.3234375 0.01640625 0.0234375
2 0.26484375 0.3234375 0.01953125 0.0234375
2 0.24609375 0.325 0.01796875 0.025
2 0.225 0.328125 0.0296875 0.028125
2 0.16796875 0.315625 0.025 0.0234375
2 0.12890625 0.309375 0.0390625 0.0390625
2 0.078125 0.33125 0.06796875 0.04609375