2 0.3859375 0.6375 0.08125 0.08359375
2 0.21171875 0.61171875 0.0484375 0.03359375
2 0.05234375 0.61875 0.0390625 0.03359375
2 0.1375 0.63125 0.09921875 0.15859375
2 0.69296875 0.73359375 0.6140625 0.5203125
7 0.7671875 0.4328125 0.025 0.040625
7 0.72109375 0.4359375 0.0171875 0.0375
7 0.76640625 0.1515625 0.03125 0.053125
8 0.7234375 0.26171875 0.03046875 0.0359375
8 0.765625 0.278125 0.03828125 0.021875
8 0.7421875 0.32890625 0.05546875 0.0359375
8 0.2640625 0.54296875 0.0078125 0.00859375
8 0.27734375 0.5546875 0.01171875 0.0109375
7 0.26484375 0.578125 0.00625 0.0125
2 0.315625 0.615625 0.03828125 0.04453125
2 0.084375 0.603125 0.028125 0.04453125
10 0.2234375 0.59140625 0.0421875 0.05546875