7 0.54296875 0.53671875 0.01328125 0.021875
8 0.6140625 0.4703125 0.0140625 0.0234375
8 0.69296875 0.43828125 0.01640625 0.021875
8 0.7609375 0.45703125 0.02265625 0.0359375
8 0.98203125 0.446875 0.0328125 0.05546875
8 0.83046875 0.50703125 0.01484375 0.01953125
7 0.49609375 0.48984375 0.01171875 0.0234375
7 0.3484375 0.4921875 0.01328125 0.021875
7 0.2859375 0.52890625 0.01328125 0.021875
5 0.434375 0.56640625 0.01015625 0.0390625
2 0.4484375 0.5578125 0.0125 0.02109375
2 0.4609375 0.55546875 0.0125 0.01640625
2 0.4734375 0.55859375 0.015625 0.021875
2 0.490625 0.55859375 0.01875 0.01796875
2 0.41875 0.55859375 0.025 0.021875
2 0.403125 0.56328125 0.0203125 0.03046875
2 0.37421875 0.5671875 0.034375 0.0359375
2 0.3296875 0.5765625 0.03828125 0.04453125
2 0.26875 0.5875 0.05078125 0.05390625
2 0.2296875 0.5921875 0.040625 0.05703125
2 0.20625 0.5984375 0.0390625 0.05546875
2 0.18359375 0.6 0.0453125 0.05703125
2 0.1375 0.5984375 0.05859375 0.0875
2 0.096875 0.60078125 0.05390625 0.09609375
2 0.04375 0.6046875 0.08671875 0.14453125
2 0.5140625 0.5671875 0.02734375 0.028125
2 0.9765625 0.56328125 0.04453125 0.07890625
2 0.946875 0.571875 0.07109375 0.096875
2 0.8765625 0.60625 0.11875 0.15390625