2 0.0421875 0.565625 0.0828125 0.153125
2 0.459375 0.5390625 0.084375 0.12109375
2 0.35 0.49765625 0.03046875 0.02890625
2 0.3859375 0.50390625 0.0265625 0.04140625
8 0.49296875 0.46015625 0.0109375 0.01953125
8 0.49375 0.475 0.00625 0.00703125
8 0.6484375 0.34296875 0.0453125 0.08359375
8 0.6515625 0.40078125 0.0375 0.025
8 0.36953125 0.4015625 0.01953125 0.00859375
8 0.3703125 0.3921875 0.015625 0.00703125
7 0.3859375 0.40390625 0.00546875 0.028125
7 0.4328125 0.4203125 0.00390625 0.01953125
2 0.4125 0.496875 0.00625 0.0125
8 0.64765625 0.43359375 0.0125 0.03046875