8 0.61015625 0.1734375 0.02890625 0.0234375
8 0.61875 0.27421875 0.01953125 0.06796875
8 0.48203125 0.36328125 0.00703125 0.01953125
8 0.53125 0.35625 0.009375 0.028125
8 0.4828125 0.3859375 0.00703125 0.01796875
7 0.6078125 0.3625 0.0078125 0.015625
2 0.4609375 0.43515625 0.01875 0.0484375
7 0.4484375 0.415625 0.00625 0.0125
2 0.47421875 0.434375 0.02578125 0.05
2 0.4890625 0.43203125 0.02109375 0.06953125
2 0.5078125 0.4265625 0.03828125 0.08203125
2 0.52578125 0.4328125 0.0421875 0.09609375
2 0.58125 0.44140625 0.10390625 0.1375
2 0.659375 0.4703125 0.13671875 0.203125
2 0.24375 0.459375 0.04921875 0.0640625
2 0.1671875 0.47421875 0.13125 0.134375
2 0.434375 0.4421875 0.009375 0.01796875
2 0.4421875 0.44921875 0.0125 0.02109375
2 0.05859375 0.465625 0.115625 0.23203125
2 0.390625 0.4484375 0.05390625 0.0515625
2 0.33828125 0.44609375 0.0421875 0.065625
2 0.29375 0.4453125 0.04140625 0.06953125
2 0.83515625 0.42421875 0.28515625 0.390625