7 0.7390625 0.43828125 0.009375 0.015625
8 0.81875 0.36328125 0.0359375 0.028125
8 0.82890625 0.33125 0.0328125 0.028125
8 0.690625 0.46875 0.015625 0.025
8 0.55390625 0.43984375 0.0171875 0.0109375
2 0.69765625 0.50703125 0.02421875 0.0375
2 0.48671875 0.51875 0.028125 0.0359375
2 0.5875 0.521875 0.05234375 0.05
2 0.5234375 0.54921875 0.08828125 0.1140625
2 0.7203125 0.51875 0.0484375 0.0640625
10 0.2703125 0.51328125 0.415625 0.525
2 0.9859375 0.54453125 0.02578125 0.07890625
2 0.484375 0.490625 0.028125 0.025