2 0.2109375 0.50390625 0.2234375 0.2390625
2 0.08984375 0.52890625 0.13125 0.1515625
2 0.35546875 0.47421875 0.084375 0.1125
2 0.415625 0.4515625 0.06171875 0.0875
2 0.45 0.4390625 0.04296875 0.0625
2 0.471875 0.409375 0.03828125 0.07109375
2 0.5140625 0.396875 0.01875 0.02890625
2 0.53515625 0.3921875 0.0203125 0.01640625
2 0.55703125 0.390625 0.0171875 0.02890625
2 0.6078125 0.390625 0.0140625 0.0140625
2 0.5921875 0.38984375 0.009375 0.0109375
7 0.540625 0.378125 0.00546875 0.00703125
7 0.60703125 0.3515625 0.003125 0.00546875
8 0.10390625 0.36640625 0.0296875 0.034375
8 0.65 0.32734375 0.01328125 0.021875
8 0.6734375 0.346875 0.00859375 0.01640625
8 0.675 0.36484375 0.0078125 0.01796875
7 0.5890625 0.36875 0.00390625 0.00703125
7 0.5859375 0.37421875 0.003125 0.00703125