10 0.40859375 0.484375 0.09453125 0.2625
2 0.6078125 0.578125 0.1546875 0.2109375
2 0.4875 0.540625 0.05625 0.08046875
2 0.353125 0.521875 0.01328125 0.0359375
2 0.33359375 0.52578125 0.01796875 0.02890625
8 0.51640625 0.33125 0.0671875 0.0234375
8 0.32890625 0.4609375 0.0359375 0.03203125
8 0.5953125 0.38984375 0.0203125 0.02890625
7 0.30390625 0.5015625 0.0078125 0.01953125
2 0.303125 0.521875 0.03203125 0.0390625
7 0.02265625 0.3234375 0.01171875 0.05859375
7 0.4375 0.33125 0.0109375 0.0390625
7 0.4234375 0.3296875 0.01171875 0.04453125
7 0.0109375 0.3296875 0.0109375 0.04453125
8 0.2984375 0.478125 0.009375 0.021875