8 0.509375 0.39453125 0.0140625 0.015625
8 0.47890625 0.39453125 0.01015625 0.009375
2 0.4890625 0.440625 0.025 0.028125
2 0.4078125 0.45703125 0.03984375 0.02890625
2 0.3671875 0.46171875 0.04140625 0.04453125
2 0.3328125 0.46015625 0.0328125 0.046875
2 0.2859375 0.4671875 0.0578125 0.04453125
2 0.21484375 0.475 0.05546875 0.05546875
2 0.55078125 0.4515625 0.025 0.0234375
2 0.571875 0.45390625 0.02109375 0.0234375
2 0.4625 0.43359375 0.01484375 0.0109375
2 0.6375 0.47890625 0.11171875 0.15390625
2 0.06015625 0.4734375 0.11875 0.171875
2 0.521875 0.434375 0.01328125 0.01953125
2 0.5109375 0.4375 0.0078125 0.015625
2 0.503125 0.43828125 0.00703125 0.0125