7 0.48984375 0.503125 0.00859375 0.025
7 0.4140625 0.53046875 0.0046875 0.009375
7 0.396875 0.53828125 0.009375 0.015625
7 0.4609375 0.55703125 0.0046875 0.00859375
7 0.484375 0.528125 0.00703125 0.0125
2 0.42890625 0.578125 0.0265625 0.02890625
2 0.4125 0.5953125 0.01953125 0.0390625
2 0.39296875 0.60078125 0.03359375 0.0359375
2 0.359375 0.5953125 0.01328125 0.025
2 0.3515625 0.60078125 0.01640625 0.0234375
2 0.3296875 0.60703125 0.03125 0.0359375
2 0.259375 0.621875 0.0359375 0.05703125
2 0.2125 0.63515625 0.06953125 0.06796875
2 0.13125 0.653125 0.07421875 0.08359375
2 0.04921875 0.65546875 0.096875 0.1125
2 0.4578125 0.590625 0.01875 0.02890625
2 0.49453125 0.5796875 0.01796875 0.025
2 0.5078125 0.5890625 0.01171875 0.034375
2 0.5265625 0.5953125 0.0265625 0.05546875
2 0.5515625 0.60546875 0.053125 0.06796875
2 0.6140625 0.609375 0.0796875 0.1125
2 0.6421875 0.634375 0.11484375 0.153125
2 0.753125 0.6734375 0.19921875 0.25546875
7 0.3296875 0.496875 0.0078125 0.015625
2 0.896875 0.73671875 0.2046875 0.428125
7 0.48125 0.54609375 0.00390625 0.009375
2 0.475 0.57109375 0.009375 0.0125
10 0.3921875 0.57109375 0.03671875 0.04140625
8 0.2953125 0.534375 0.009375 0.00546875
7 0.2890625 0.5671875 0.00625 0.0140625