7 0.6234375 0.0859375 0.021875 0.05
7 0.3953125 0.3234375 0.0203125 0.04296875
7 0.50859375 0.4609375 0.00859375 0.0140625
7 0.534375 0.42109375 0.0109375 0.02109375
8 0.3890625 0.38515625 0.02734375 0.04609375
8 0.38671875 0.5 0.0140625 0.01796875
8 0.38671875 0.51796875 0.0140625 0.01953125
8 0.5890625 0.41875 0.009375 0.0109375
8 0.7890625 0.3234375 0.01640625 0.02890625
8 0.79765625 0.36015625 0.01484375 0.03046875
8 0.78125 0.35390625 0.009375 0.01796875
8 0.7734375 0.3828125 0.01328125 0.01953125
2 0.22109375 0.48984375 0.07578125 0.06953125
2 0.6953125 0.5140625 0.07578125 0.078125
2 0.34375 0.49140625 0.03203125 0.0359375
2 0.36328125 0.48984375 0.0234375 0.03046875
2 0.3734375 0.484375 0.01953125 0.034375
2 0.63828125 0.50546875 0.04453125 0.065625
2 0.61015625 0.50703125 0.01953125 0.0484375
2 0.6 0.50078125 0.015625 0.0484375
2 0.5890625 0.503125 0.01171875 0.034375
2 0.578125 0.503125 0.01171875 0.03046875
2 0.453125 0.49375 0.040625 0.046875
7 0.9546875 0.34765625 0.02421875 0.04140625
2 0.5484375 0.50078125 0.053125 0.0265625
2 0.2984375 0.4921875 0.05625 0.04609375