7 0.33046875 0.07421875 0.009375 0.01953125
7 0.4296875 0.0859375 0.01015625 0.01796875
2 0.3671875 0.171875 0.0125 0.015625
2 0.31875 0.16953125 0.01796875 0.046875
2 0.303125 0.171875 0.021875 0.0515625
2 0.28828125 0.1734375 0.02265625 0.05546875
2 0.271875 0.1734375 0.03359375 0.071875
2 0.25 0.18125 0.03671875 0.08359375
2 0.2046875 0.18203125 0.065625 0.115625
2 0.14375 0.19140625 0.0765625 0.15546875
2 0.0609375 0.20546875 0.12109375 0.20390625
2 0.39609375 0.1640625 0.02265625 0.028125
2 0.4390625 0.165625 0.01953125 0.02890625
2 0.790625 0.30078125 0.359375 0.4140625
7 0.4671875 0.1421875 0.00625 0.0109375
7 0.415625 0.134375 0.0046875 0.00859375
7 0.259375 0.1203125 0.0078125 0.0140625
7 0.275 0.1296875 0.00703125 0.0140625
7 0.359375 0.16015625 0.00390625 0.00703125
7 0.41953125 0.159375 0.0046875 0.00703125