7 0.4140625 0.175 0.0125 0.0234375
7 0.478125 0.153125 0.01171875 0.0390625
7 0.5390625 0.23203125 0.0046875 0.009375
7 0.5328125 0.27265625 0.0078125 0.0125
7 0.5921875 0.2359375 0.00546875 0.0140625
7 0.4046875 0.16875 0.009375 0.0375
7 0.46875 0.15078125 0.01015625 0.0390625
8 0.29375 0.21015625 0.015625 0.0109375
8 0.3953125 0.16640625 0.01171875 0.025
8 0.5859375 0.17109375 0.028125 0.06640625
8 0.6046875 0.115625 0.01171875 0.03359375
8 0.6109375 0.146875 0.0125 0.025
8 0.609375 0.1984375 0.0125 0.059375
8 0.3625 0.2546875 0.009375 0.01953125
8 0.45546875 0.25703125 0.00703125 0.015625
8 0.46484375 0.23984375 0.0078125 0.021875
8 0.30078125 0.278125 0.01953125 0.0140625
8 0.40703125 0.290625 0.00859375 0.02109375
10 0.4375 0.29453125 0.021875 0.046875
2 0.2375 0.290625 0.03984375 0.04140625
2 0.3921875 0.3046875 0.02265625 0.034375
2 0.45390625 0.315625 0.0296875 0.0390625
2 0.9265625 0.4390625 0.1453125 0.17890625