7 0.3703125 0.49375 0.0109375 0.01953125
7 0.4203125 0.52890625 0.0078125 0.0140625
7 0.4796875 0.5234375 0.00546875 0.0125
7 0.490625 0.4890625 0.009375 0.01953125
2 0.4625 0.559375 0.015625 0.028125
2 0.19140625 0.58828125 0.07109375 0.059375
2 0.0546875 0.66796875 0.109375 0.2484375
2 0.55703125 0.57109375 0.04609375 0.05546875
2 0.61796875 0.584375 0.0765625 0.0890625
2 0.7125 0.59375 0.1078125 0.171875
2 0.94375 0.70625 0.11171875 0.3109375
2 0.86328125 0.6046875 0.2734375 0.28125
8 0.53203125 0.51640625 0.009375 0.00859375
2 0.50390625 0.56640625 0.0578125 0.04140625