2 0.84921875 0.54921875 0.29921875 0.32109375
2 0.13515625 0.47109375 0.10234375 0.09296875
2 0.440625 0.43671875 0.046875 0.04296875
2 0.51171875 0.43984375 0.0375 0.04453125
2 0.378125 0.44140625 0.03203125 0.040625
2 0.24140625 0.4546875 0.07109375 0.0734375
2 0.73125 0.459375 0.06640625 0.08046875
2 0.684375 0.4546875 0.0609375 0.06953125
2 0.40234375 0.43984375 0.021875 0.03046875
2 0.47890625 0.428125 0.0140625 0.0109375
2 0.5703125 0.41875 0.02109375 0.025
2 0.5515625 0.41640625 0.01171875 0.0125
2 0.5296875 0.421875 0.0109375 0.015625
7 0.3765625 0.35078125 0.0109375 0.015625
7 0.51796875 0.359375 0.00546875 0.0109375
7 0.5390625 0.3828125 0.00390625 0.00703125
8 0.7859375 0.32578125 0.025 0.0484375