2 0.0265625 0.55 0.05234375 0.0484375
2 0.28671875 0.546875 0.04609375 0.0390625
2 0.3421875 0.5390625 0.03203125 0.03359375
2 0.19375 0.534375 0.04921875 0.04453125
2 0.2453125 0.5359375 0.0359375 0.034375
2 0.4359375 0.53671875 0.021875 0.01640625
2 0.4828125 0.53125 0.02421875 0.02890625
2 0.5 0.528125 0.0109375 0.01796875
2 0.5171875 0.53125 0.0140625 0.01953125
2 0.5265625 0.5296875 0.00625 0.00703125
2 0.63984375 0.5578125 0.1015625 0.13046875
2 0.70859375 0.53046875 0.04765625 0.04453125
2 0.74375 0.51796875 0.04140625 0.05390625
2 0.8125 0.49921875 0.10390625 0.10703125
2 0.8796875 0.52578125 0.03828125 0.034375
2 0.9375 0.515625 0.12265625 0.14296875
8 0.071875 0.45546875 0.02578125 0.01640625
8 0.61171875 0.41640625 0.01796875 0.03203125
8 0.72890625 0.4390625 0.02265625 0.009375
8 0.459375 0.47734375 0.00703125 0.01640625
8 0.39453125 0.45078125 0.00859375 0.01953125
7 0.3953125 0.48203125 0.009375 0.01796875
7 0.459375 0.490625 0.00703125 0.009375
7 0.4890625 0.440625 0.00859375 0.0265625
7 0.3515625 0.43515625 0.00546875 0.01953125
7 0.11875 0.45390625 0.0046875 0.02109375
7 0.359375 0.4359375 0.00703125 0.01796875
7 0.2203125 0.4703125 0.00625 0.028125
2 0.453125 0.5296875 0.009375 0.01640625
7 0.5171875 0.50546875 0.00625 0.0109375
7 0.5921875 0.48515625 0.0125 0.02109375
7 0.1125 0.4546875 0.00390625 0.0140625
7 0.70859375 0.4390625 0.00390625 0.00703125