7 0.3 0.115625 0.0171875 0.096875
7 0.2625 0.303125 0.0125 0.0265625
7 0.8015625 0.303125 0.01640625 0.065625
7 0.43046875 0.421875 0.00859375 0.015625
7 0.5046875 0.4359375 0.00703125 0.0140625
7 0.23515625 0.4125 0.01328125 0.01640625
7 0.28125 0.1234375 0.01796875 0.084375
7 0.31640625 0.13046875 0.0203125 0.084375
7 0.7859375 0.303125 0.01171875 0.0625
7 0.45 0.4640625 0.00546875 0.00859375
8 0.0796875 0.0984375 0.078125 0.10859375
8 0.009375 0.17734375 0.0171875 0.140625
8 0.82578125 0.33125 0.04375 0.0640625
8 0.26015625 0.271875 0.0296875 0.03359375
8 0.3359375 0.4046875 0.01953125 0.025
8 0.38125 0.4203125 0.00625 0.01640625
8 0.5328125 0.4703125 0.0078125 0.00546875
8 0.5234375 0.44609375 0.01171875 0.01640625
8 0.55 0.45546875 0.00859375 0.00546875
5 0.703125 0.534375 0.0171875 0.040625
5 0.615625 0.5265625 0.009375 0.04609375
5 0.6046875 0.5234375 0.01171875 0.04453125
2 0.4203125 0.4890625 0.0140625 0.02109375
2 0.5109375 0.50859375 0.01640625 0.025
2 0.734375 0.58046875 0.16640625 0.12109375
2 0.1140625 0.51796875 0.228125 0.1515625
1 0.92265625 0.5 0.1515625 0.99609375
5 0.634375 0.52265625 0.01328125 0.046875
2 0.49375 0.50234375 0.01796875 0.0234375
7 0.45859375 0.49921875 0.04296875 0.025
7 0.534375 0.4890625 0.0046875 0.00859375