8 0.4984375 0.225 0.0328125 0.0375
8 0.4234375 0.28046875 0.0578125 0.0390625
8 0.34453125 0.309375 0.02421875 0.0234375
7 0.3265625 0.3421875 0.0109375 0.02109375
8 0.4015625 0.3296875 0.03203125 0.0234375
8 0.371875 0.33125 0.02109375 0.01640625
8 0.3453125 0.34765625 0.02109375 0.0125
8 0.3453125 0.33203125 0.02109375 0.01640625
8 0.646875 0.28984375 0.01796875 0.053125
8 0.5515625 0.37578125 0.00703125 0.0140625
7 0.3265625 0.37421875 0.00703125 0.02109375
7 0.42734375 0.365625 0.00625 0.015625
7 0.4734375 0.365625 0.01015625 0.01796875
8 0.2390625 0.34921875 0.02890625 0.0109375
10 0.3953125 0.40703125 0.040625 0.0859375
2 0.3671875 0.44921875 0.0625 0.084375
2 0.309375 0.42734375 0.02109375 0.028125
2 0.5109375 0.42890625 0.0359375 0.04453125
2 0.559375 0.44453125 0.05859375 0.0609375
2 0.1375 0.44921875 0.07734375 0.0640625
2 0.2296875 0.43671875 0.053125 0.05859375