2 0.746875 0.903125 0.31484375 0.1890625
2 0.28203125 0.965625 0.05703125 0.059375
2 0.4421875 0.90546875 0.11875 0.17890625
2 0.23984375 0.96171875 0.0296875 0.0515625
2 0.1921875 0.965625 0.04375 0.053125
2 0.1359375 0.98046875 0.02734375 0.028125
2 0.1640625 0.97734375 0.01484375 0.034375
2 0.3234375 0.953125 0.02265625 0.02890625
2 0.3546875 0.94765625 0.034375 0.03359375
7 0.17421875 0.91796875 0.00859375 0.015625
7 0.19296875 0.9140625 0.0078125 0.0125
7 0.21875 0.92578125 0.00703125 0.015625
7 0.05625 0.9453125 0.00703125 0.0125
7 0.0703125 0.9484375 0.0046875 0.015625
2 0.61875 0.884375 0.0703125 0.0890625