8 0.4578125 0.31171875 0.0484375 0.0984375
8 0.45 0.415625 0.0359375 0.02109375
7 0.4515625 0.446875 0.025 0.03203125
7 0.428125 0.478125 0.01171875 0.0359375
7 0.70859375 0.46015625 0.00859375 0.015625
7 0.78359375 0.5296875 0.0046875 0.009375
7 0.7046875 0.5234375 0.00546875 0.009375
7 0.709375 0.546875 0.003125 0.00703125
7 0.753125 0.546875 0.00390625 0.00703125
2 0.3484375 0.70859375 0.27890625 0.24296875
5 0.5078125 0.59765625 0.01328125 0.07109375
5 0.4921875 0.60390625 0.0203125 0.0875
5 0.48125 0.590625 0.01328125 0.08046875
5 0.4671875 0.58828125 0.01484375 0.07109375
5 0.4546875 0.58984375 0.015625 0.071875
5 0.58125 0.596875 0.01328125 0.071875
0 0.6015625 0.64765625 0.02109375 0.078125
6 0.6 0.609375 0.03203125 0.103125
0 0.55625 0.678125 0.0328125 0.13359375
6 0.55625 0.6390625 0.0328125 0.18046875
2 0.6375 0.5875 0.02265625 0.0375
2 0.6234375 0.60625 0.03203125 0.04453125
2 0.68359375 0.5703125 0.06171875 0.0359375
2 0.684375 0.66171875 0.10703125 0.153125
2 0.7375 0.58828125 0.0234375 0.03359375
2 0.834375 0.60078125 0.02265625 0.034375
2 0.81328125 0.57890625 0.01171875 0.0140625
2 0.8625 0.615625 0.02265625 0.05546875
2 0.79375 0.61796875 0.07265625 0.11953125
1 0.9328125 0.58046875 0.13359375 0.26640625
8 0.578125 0.471875 0.0203125 0.0125
8 0.5765625 0.503125 0.0125 0.02109375
5 0.496875 0.55390625 0.0078125 0.02109375
2 0.78515625 0.5875 0.0484375 0.0359375
2 0.75625 0.5828125 0.00703125 0.0140625