7 0.46015625 0.13359375 0.015625 0.06953125
7 0.6765625 0.36171875 0.0140625 0.03203125
7 0.48671875 0.13046875 0.015625 0.071875
7 0.3625 0.43671875 0.00625 0.0140625
8 0.65078125 0.2953125 0.0328125 0.02109375
8 0.4921875 0.434375 0.00859375 0.00546875
8 0.3796875 0.440625 0.0078125 0.00703125
2 0.4640625 0.47265625 0.01640625 0.0265625
2 0.2796875 0.46875 0.0296875 0.01640625
2 0.253125 0.4953125 0.071875 0.046875
2 0.24296875 0.5046875 0.071875 0.0609375
2 0.4875 0.4765625 0.02734375 0.0484375
2 0.5046875 0.48515625 0.03515625 0.0609375
2 0.52734375 0.48359375 0.03203125 0.090625
2 0.4328125 0.46953125 0.00859375 0.009375
2 0.559375 0.48515625 0.0671875 0.1015625
2 0.1671875 0.51484375 0.1734375 0.10859375
2 0.325 0.48671875 0.06953125 0.04453125
2 0.91875 0.5671875 0.1609375 0.340625
7 0.0203125 0.0546875 0.025 0.103125
7 0.0640625 0.05078125 0.02421875 0.1015625
2 0.034375 0.53046875 0.06796875 0.1125
2 0.40703125 0.47265625 0.03671875 0.03359375
2 0.29609375 0.503125 0.0109375 0.021875
2 0.3 0.49609375 0.01796875 0.03359375
2 0.228125 0.465625 0.0546875 0.01796875
2 0.4515625 0.46875 0.0140625 0.02109375
2 0.440625 0.4671875 0.00546875 0.009375
8 0.07109375 0.04765625 0.1421875 0.0953125