8 0.071875 0.04765625 0.14296875 0.09140625
8 0.590625 0.5390625 0.00859375 0.01953125
2 0.58671875 0.57734375 0.01328125 0.01796875
2 0.5703125 0.58671875 0.01796875 0.03359375
2 0.55 0.590625 0.0140625 0.040625
2 0.521875 0.58984375 0.04453125 0.0640625
2 0.50546875 0.60078125 0.034375 0.065625
2 0.465625 0.60078125 0.0671875 0.09296875
2 0.6421875 0.58203125 0.0109375 0.04140625
2 0.646875 0.578125 0.01015625 0.05
2 0.678125 0.5921875 0.06875 0.09609375
7 0.9671875 0.4515625 0.0109375 0.028125
2 0.05625 0.5453125 0.10859375 0.10546875
7 0.9953125 0.4484375 0.00703125 0.025
2 0.5546875 0.584375 0.01953125 0.04609375