2 0.3140625 0.371875 0.1609375 0.18203125
2 0.74921875 0.3984375 0.21171875 0.25
2 0.9078125 0.334375 0.0796875 0.04453125
2 0.9921875 0.33515625 0.015625 0.0265625
7 0.525 0.29140625 0.003125 0.00546875
7 0.55078125 0.290625 0.00390625 0.00859375
7 0.5671875 0.2890625 0.0046875 0.009375
7 0.58359375 0.309375 0.00390625 0.0109375
7 0.615625 0.29375 0.0046875 0.009375
7 0.5046875 0.28828125 0.003125 0.00859375
7 0.4875 0.29296875 0.00234375 0.00546875
8 0.61875 0.259375 0.0109375 0.009375
8 0.6046875 0.29375 0.0109375 0.01953125