7 0.65 0.365625 0.01875 0.03046875
7 0.61171875 0.453125 0.01015625 0.028125
7 0.45 0.3671875 0.01171875 0.025
7 0.365625 0.365625 0.01015625 0.01640625
7 0.5609375 0.5390625 0.00859375 0.0125
7 0.184375 0.49296875 0.01015625 0.0125
7 0.2015625 0.47265625 0.00859375 0.0140625
7 0.09375 0.296875 0.00859375 0.0109375
7 0.16875 0.5140625 0.00703125 0.0109375
7 0.51171875 0.51328125 0.0046875 0.009375
8 0.4 0.5015625 0.009375 0.02109375
8 0.5390625 0.40390625 0.01796875 0.0140625
8 0.6203125 0.3796875 0.025 0.01640625
8 0.4171875 0.521875 0.00859375 0.01953125
2 0.2703125 0.5765625 0.03046875 0.0265625
10 0.528125 0.54140625 0.0359375 0.053125
2 0.503125 0.56328125 0.01640625 0.021875
2 0.478125 0.56953125 0.021875 0.025
2 0.5703125 0.55234375 0.01953125 0.02109375
2 0.7828125 0.56953125 0.2578125 0.278125
2 0.94375 0.71015625 0.1078125 0.34609375
2 0.0546875 0.528125 0.10546875 0.1140625
2 0.61171875 0.53203125 0.04375 0.05859375
2 0.30234375 0.559375 0.04453125 0.0390625