7 0.5046875 0.421875 0.00703125 0.0140625
7 0.5734375 0.421875 0.00625 0.00859375
2 0.45703125 0.5140625 0.065625 0.075
2 0.39375 0.5140625 0.07890625 0.125
2 0.33203125 0.553125 0.1296875 0.19609375
2 0.1546875 0.571875 0.3046875 0.29453125
2 0.04375 0.68828125 0.0875 0.24609375
2 0.6625 0.5359375 0.0484375 0.128125
2 0.765625 0.565625 0.20703125 0.2390625
2 0.9484375 0.7546875 0.103125 0.36953125
2 0.525 0.49296875 0.01484375 0.00703125
2 0.58671875 0.515625 0.04140625 0.10390625
2 0.6359375 0.51328125 0.053125 0.1140625