7 0.578125 0.27734375 0.009375 0.0359375
7 0.428125 0.3 0.00625 0.02890625
7 0.5703125 0.2796875 0.009375 0.03046875
7 0.309375 0.2375 0.009375 0.0375
8 0.0859375 0.29140625 0.02890625 0.0140625
8 0.40625 0.29453125 0.015625 0.03046875
8 0.40703125 0.271875 0.02421875 0.01640625
8 0.1015625 0.271875 0.02421875 0.02109375
8 0.9671875 0.246875 0.02734375 0.09609375
8 0.63828125 0.3390625 0.015625 0.00546875
8 0.6296875 0.321875 0.009375 0.0109375
2 0.1296875 0.4421875 0.07109375 0.0734375
2 0.05078125 0.421875 0.09765625 0.071875
2 0.3921875 0.41640625 0.02265625 0.0265625
2 0.4515625 0.4125 0.09921875 0.2140625
2 0.53046875 0.40390625 0.01796875 0.0125
2 0.609375 0.453125 0.07734375 0.134375
2 0.76875 0.50078125 0.25 0.26796875
2 0.94296875 0.521875 0.11015625 0.184375
2 0.52890625 0.571875 0.23671875 0.34140625
5 0.87734375 0.43125 0.025 0.0640625
5 0.9015625 0.4328125 0.025 0.065625
5 0.9109375 0.4125 0.01640625 0.04296875
5 0.2578125 0.428125 0.01796875 0.08203125
5 0.2203125 0.42421875 0.02109375 0.078125
5 0.3375 0.434375 0.03046875 0.153125
5 0.315625 0.43515625 0.03515625 0.1609375
7 0.653125 0.3734375 0.00546875 0.00859375
7 0.57578125 0.3921875 0.01171875 0.0234375
8 0.62109375 0.35546875 0.00703125 0.00703125
7 0.51328125 0.378125 0.003125 0.00390625
8 0.428125 0.334375 0.009375 0.01953125
8 0.96796875 0.3046875 0.025 0.015625
5 0.84609375 0.4015625 0.015625 0.025
2 0.50625 0.38828125 0.01796875 0.0390625