8 0.659375 0.165625 0.01796875 0.04609375
8 0.2921875 0.19921875 0.0171875 0.040625
8 0.9390625 0.03984375 0.0375 0.059375
7 0.5515625 0.184375 0.00703125 0.0140625
7 0.49921875 0.18828125 0.00546875 0.009375
7 0.4703125 0.21328125 0.003125 0.00703125
7 0.37421875 0.2375 0.00703125 0.0125
2 0.478125 0.2546875 0.02109375 0.03359375
2 0.4578125 0.2609375 0.0265625 0.03203125
10 0.546875 0.2375 0.0390625 0.071875
2 0.553125 0.265625 0.04609375 0.05546875
2 0.4203125 0.26328125 0.03359375 0.0625
2 0.978125 0.259375 0.04140625 0.05
7 0.9515625 0.14453125 0.021875 0.025