7 0.48515625 0.43359375 0.0046875 0.009375
7 0.42890625 0.43515625 0.00546875 0.00859375
7 0.20859375 0.0765625 0.02109375 0.096875
7 0.18515625 0.07734375 0.02265625 0.0890625
7 0.225 0.08125 0.0125 0.0875
7 0.71640625 0.009375 0.0265625 0.01875
7 0.796875 0.390625 0.0125 0.025
7 0.81875 0.38828125 0.01328125 0.025
2 0.440625 0.47421875 0.01796875 0.025
2 0.4640625 0.47421875 0.00859375 0.00546875
2 0.3625 0.48671875 0.02578125 0.046875
2 0.34375 0.4859375 0.0375 0.0640625
2 0.32265625 0.4921875 0.0328125 0.0734375
2 0.26953125 0.4921875 0.09921875 0.1125
2 0.484375 0.48125 0.009375 0.009375
2 0.509375 0.48203125 0.0234375 0.0359375
2 0.54375 0.48828125 0.034375 0.04609375
2 0.59140625 0.50078125 0.06171875 0.071875
2 0.928125 0.46875 0.14296875 0.140625
2 0.3953125 0.4765625 0.0609375 0.0515625
7 0.690625 0.009375 0.0234375 0.01796875