8 0.4546875 0.55390625 0.015625 0.0265625
7 0.42734375 0.590625 0.00625 0.009375
1 0.34453125 0.61328125 0.07109375 0.05
2 0.3890625 0.61796875 0.01640625 0.01953125
2 0.5140625 0.621875 0.02109375 0.04296875
2 0.55078125 0.6390625 0.0765625 0.10546875
2 0.459375 0.65859375 0.096875 0.140625
2 0.821875 0.73984375 0.35390625 0.3625
2 0.69296875 0.61171875 0.046875 0.071875
8 0.478125 0.55234375 0.0296875 0.0234375
7 0.4578125 0.55390625 0.00390625 0.00703125
7 0.49375 0.53828125 0.00546875 0.009375
2 0.5 0.6171875 0.01171875 0.015625
2 0.40703125 0.615625 0.0078125 0.0109375
2 0.4171875 0.6125 0.009375 0.0109375
8 0.40703125 0.5640625 0.01171875 0.015625
8 0.4078125 0.58203125 0.009375 0.015625