8 0.1328125 0.4890625 0.0125 0.00703125
8 0.12734375 0.50078125 0.00859375 0.00703125
8 0.465625 0.540625 0.00859375 0.01796875
8 0.5109375 0.5140625 0.00859375 0.00859375
7 0.4359375 0.48984375 0.009375 0.01640625
2 0.4546875 0.57734375 0.021875 0.02890625
2 0.4890625 0.58359375 0.02109375 0.0484375
2 0.496875 0.58984375 0.02109375 0.04609375
2 0.5140625 0.59296875 0.02890625 0.05
2 0.5375 0.59921875 0.034375 0.05859375
2 0.5640625 0.6046875 0.04609375 0.075
2 0.62265625 0.61484375 0.0875 0.1125
2 0.715625 0.6359375 0.13828125 0.140625
2 0.8671875 0.69375 0.2609375 0.196875
2 0.040625 0.54921875 0.0484375 0.0359375
2 0.225 0.546875 0.0484375 0.03359375
10 0.36171875 0.51328125 0.1046875 0.26640625
2 0.421875 0.56015625 0.01796875 0.028125