2 0.3953125 0.4203125 0.02734375 0.02890625
2 0.371875 0.425 0.02421875 0.03046875
2 0.3296875 0.41953125 0.06796875 0.0734375
2 0.25234375 0.43203125 0.08359375 0.078125
2 0.10625 0.4734375 0.2015625 0.16953125
2 0.53359375 0.41171875 0.02265625 0.03359375
2 0.553125 0.41328125 0.01796875 0.03359375
2 0.5671875 0.425 0.03671875 0.0484375
2 0.609375 0.42265625 0.05546875 0.08046875
2 0.4390625 0.41171875 0.03203125 0.04296875
2 0.490625 0.4171875 0.0453125 0.05859375
7 0.46875 0.36796875 0.00859375 0.0140625
7 0.515625 0.36875 0.00859375 0.0125
7 0.5109375 0.03984375 0.01796875 0.0734375
7 0.4875 0.04921875 0.02265625 0.090625
7 0.7484375 0.15703125 0.0234375 0.0625
8 0.73671875 0.23828125 0.034375 0.02109375
7 0.7609375 0.296875 0.021875 0.0390625