7 0.40625 0.40625 0.00703125 0.01796875
7 0.3375 0.434375 0.00859375 0.015625
8 0.68828125 0.128125 0.028125 0.1125
8 0.484375 0.353125 0.009375 0.01953125
8 0.4828125 0.37890625 0.01328125 0.03046875
2 0.3703125 0.475 0.021875 0.0375
2 0.35 0.46875 0.0140625 0.02109375
2 0.32265625 0.48671875 0.04375 0.053125
2 0.24609375 0.534375 0.125 0.153125
2 0.4328125 0.528125 0.13359375 0.21640625
5 0.65546875 0.49296875 0.034375 0.11953125
5 0.690625 0.49765625 0.03203125 0.10546875
5 0.8046875 0.51875 0.0625 0.21640625
5 0.8453125 0.534375 0.04296875 0.2015625