7 0.20859375 0.246875 0.00546875 0.0234375
7 0.1796875 0.29453125 0.00625 0.01640625
7 0.3703125 0.2359375 0.00546875 0.0234375
7 0.4140625 0.265625 0.00546875 0.02109375
8 0.1734375 0.24765625 0.01171875 0.015625
8 0.38125 0.23359375 0.01328125 0.02109375
8 0.48125 0.25546875 0.0125 0.03046875
8 0.6984375 0.15625 0.03359375 0.04609375
8 0.646875 0.05 0.0296875 0.0515625
8 0.1140625 0.2796875 0.0125 0.00859375
2 0.1296875 0.346875 0.03984375 0.05
2 0.14765625 0.334375 0.02109375 0.03046875
2 0.103125 0.35390625 0.03984375 0.04609375
2 0.075 0.359375 0.04453125 0.0609375
2 0.371875 0.334375 0.0125 0.01796875
2 0.421875 0.328125 0.0171875 0.04296875
2 0.44375 0.31953125 0.0484375 0.05859375
2 0.47890625 0.33359375 0.0609375 0.06953125
2 0.26484375 0.33828125 0.02890625 0.0375
10 0.3515625 0.31640625 0.021875 0.05
2 0.18203125 0.3390625 0.0421875 0.0359375
2 0.2875 0.33828125 0.02734375 0.034375
2 0.3390625 0.33359375 0.03359375 0.04609375
2 0.54609375 0.34375 0.08671875 0.090625
8 0.2984375 0.27265625 0.00703125 0.0140625
2 0.0328125 0.36875 0.065625 0.06640625
2 0.38125 0.33828125 0.0125 0.0140625
2 0.453125 0.328125 0.028125 0.05859375
7 0.36640625 0.23828125 0.00546875 0.021875
7 0.10546875 0.30078125 0.00703125 0.015625
7 0.14375 0.30625 0.0046875 0.00859375