8 0.528125 0.30703125 0.0171875 0.0265625
8 0.5265625 0.3296875 0.009375 0.0125
8 0.5828125 0.23203125 0.05234375 0.025
8 0.58125 0.27734375 0.053125 0.0625
8 0.6328125 0.2765625 0.04921875 0.0390625
7 0.3484375 0.30546875 0.00703125 0.01640625
7 0.37421875 0.3046875 0.00625 0.01640625
2 0.0203125 0.3953125 0.040625 0.1515625
2 0.31015625 0.35703125 0.01953125 0.021875
2 0.2390625 0.37578125 0.05546875 0.05390625
2 0.121875 0.38359375 0.11640625 0.10546875
2 0.4015625 0.49765625 0.26953125 0.3734375