8 0.07265625 0.48828125 0.02265625 0.025
8 0.11171875 0.52265625 0.0109375 0.0140625
8 0.8046875 0.103125 0.10546875 0.07109375
2 0.109375 0.65859375 0.08046875 0.07890625
5 0.00546875 0.6015625 0.0109375 0.0359375
2 0.0359375 0.659375 0.071875 0.08203125
7 0.325 0.553125 0.0046875 0.01640625
7 0.35390625 0.57265625 0.00625 0.0125
7 0.4265625 0.584375 0.00703125 0.009375
7 0.4640625 0.5671875 0.00625 0.00859375
7 0.478125 0.58359375 0.00390625 0.009375
7 0.44453125 0.603125 0.003125 0.00703125
2 0.475 0.63828125 0.01796875 0.02890625
2 0.4625 0.6375 0.009375 0.01953125
2 0.421875 0.62421875 0.015625 0.015625
2 0.43515625 0.628125 0.01171875 0.01796875
2 0.48828125 0.65 0.01796875 0.03203125
2 0.428125 0.64453125 0.01875 0.025
2 0.45 0.63125 0.01484375 0.028125
2 0.3796875 0.63203125 0.01328125 0.02109375
2 0.409375 0.628125 0.01171875 0.01640625
2 0.39375 0.61953125 0.0140625 0.0125
2 0.39375 0.64609375 0.0265625 0.04453125
2 0.33671875 0.66015625 0.08515625 0.1
5 0.50234375 0.64609375 0.00703125 0.03046875
8 0.5546875 0.534375 0.0109375 0.021875
8 0.559375 0.56328125 0.00859375 0.028125
5 0.64921875 0.665625 0.01875 0.096875
5 0.6953125 0.71015625 0.04140625 0.23203125
5 0.834375 0.75390625 0.04921875 0.3015625
5 0.903125 0.75703125 0.07265625 0.315625
7 0.8625 0.3765625 0.05625 0.08046875
7 0.7765625 0.396875 0.00859375 0.05390625
5 0.01875 0.60390625 0.0109375 0.025
7 0.31875 0.553125 0.003125 0.0140625
8 0.55 0.55 0.00546875 0.00703125