8 0.75078125 0.45859375 0.01328125 0.01796875
8 0.7375 0.478125 0.01171875 0.02109375
8 0.29375 0.48203125 0.02421875 0.04140625
7 0.7640625 0.54765625 0.02578125 0.02890625
7 0.2296875 0.56328125 0.0125 0.0109375
7 0.5875 0.5859375 0.01015625 0.0140625
2 0.0703125 0.615625 0.06875 0.0875
2 0.81328125 0.6671875 0.1 0.0765625
2 0.9015625 0.665625 0.02734375 0.0515625
2 0.62734375 0.67890625 0.1703125 0.2109375
2 0.3453125 0.64140625 0.20078125 0.321875
5 0.72890625 0.69765625 0.0296875 0.178125
2 0.975 0.78828125 0.04921875 0.15390625
8 0.7859375 0.42890625 0.04140625 0.06640625
7 0.6203125 0.428125 0.01015625 0.034375
7 0.61015625 0.428125 0.009375 0.034375
7 0.6296875 0.428125 0.009375 0.0390625
7 0.6609375 0.42421875 0.021875 0.0390625