8 0.4984375 0.284375 0.01953125 0.0390625
8 0.4390625 0.31484375 0.00859375 0.01953125
8 0.32734375 0.3078125 0.00859375 0.009375
8 0.328125 0.29375 0.01015625 0.00859375
8 0.340625 0.3125 0.00859375 0.01640625
2 0.38359375 0.33828125 0.0125 0.01796875
2 0.33828125 0.3484375 0.01796875 0.05
2 0.3203125 0.35390625 0.03125 0.053125
2 0.41015625 0.340625 0.0109375 0.01796875
2 0.415625 0.3484375 0.009375 0.01640625
2 0.4484375 0.3609375 0.021875 0.05390625
2 0.471875 0.3609375 0.046875 0.0734375
2 0.47734375 0.3765625 0.03046875 0.08203125
2 0.521875 0.37890625 0.08515625 0.115625
2 0.27265625 0.35859375 0.0828125 0.109375
2 0.35625 0.33671875 0.02578125 0.0359375
2 0.3984375 0.3359375 0.0109375 0.0140625
8 0.43828125 0.30390625 0.0109375 0.00703125