7 0.490625 0.3953125 0.00703125 0.02109375
7 0.57734375 0.396875 0.00625 0.0125
8 0.4890625 0.41171875 0.01015625 0.00703125
8 0.6 0.3984375 0.0171875 0.009375
8 0.4265625 0.43125 0.01015625 0.02109375
8 0.1828125 0.178125 0.07578125 0.0390625
2 0.1953125 0.45625 0.05546875 0.0484375
2 0.140625 0.459375 0.0578125 0.05546875
2 0.08359375 0.45859375 0.06484375 0.053125
2 0.625 0.465625 0.01796875 0.034375
2 0.63671875 0.475 0.0140625 0.03203125
2 0.65234375 0.475 0.02890625 0.04453125
2 0.69375 0.48046875 0.06171875 0.071875
2 0.7734375 0.50859375 0.07890625 0.103125
2 0.878125 0.52265625 0.16484375 0.1734375
2 0.5734375 0.48671875 0.09375 0.14453125