2 0.5078125 0.415625 0.0078125 0.015625
2 0.47109375 0.42265625 0.01171875 0.01640625
2 0.528125 0.41484375 0.0109375 0.0140625
2 0.4359375 0.4328125 0.03046875 0.02890625
2 0.37578125 0.43984375 0.040625 0.03046875
2 0.19375 0.47578125 0.11171875 0.078125
2 0.490625 0.421875 0.028125 0.04296875
8 0.5046875 0.38984375 0.0078125 0.0109375
8 0.534375 0.359375 0.025 0.0234375
8 0.528125 0.3984375 0.00625 0.0109375
8 0.5359375 0.39609375 0.00625 0.00859375
8 0.7046875 0.25 0.02578125 0.07109375
8 0.5515625 0.39296875 0.0046875 0.0109375