2 0.475 0.49296875 0.02578125 0.0375
2 0.503125 0.46875 0.0078125 0.0140625
2 0.5109375 0.4640625 0.00625 0.009375
2 0.49296875 0.465625 0.009375 0.01640625
2 0.4453125 0.4640625 0.0375 0.009375
8 0.5953125 0.421875 0.01484375 0.009375
8 0.59453125 0.440625 0.01640625 0.01953125
8 0.54375 0.45390625 0.00625 0.01796875
7 0.5078125 0.4421875 0.003125 0.00703125
2 0.47421875 0.465625 0.0109375 0.01640625
2 0.46484375 0.465625 0.009375 0.0109375
7 0.484375 0.44140625 0.00546875 0.00859375
8 0.58828125 0.465625 0.0109375 0.01640625
2 0.4859375 0.465625 0.0078125 0.0125
7 0.45390625 0.43671875 0.003125 0.00546875