7 0.378125 0.171875 0.015625 0.0390625
7 0.63359375 0.3125 0.0171875 0.03046875
7 0.38203125 0.42890625 0.0046875 0.009375
7 0.3703125 0.4296875 0.00625 0.0125
7 0.621875 0.05234375 0.0171875 0.07109375
7 0.65546875 0.05 0.015625 0.075
8 0.5078125 0.3109375 0.01953125 0.03203125
8 0.425 0.203125 0.04375 0.021875
8 0.46640625 0.3875 0.00546875 0.01640625
2 0.3484375 0.45703125 0.02734375 0.028125
2 0.33125 0.45625 0.0171875 0.034375
2 0.3109375 0.4609375 0.03515625 0.0515625
8 0.41875 0.425 0.0078125 0.01796875
2 0.1515625 0.5453125 0.303125 0.25546875