7 0.428125 0.321875 0.00625 0.015625
7 0.5765625 0.35078125 0.00625 0.0140625
2 0.496875 0.440625 0.0109375 0.0125
2 0.484375 0.44375 0.01796875 0.01796875
2 0.45703125 0.44140625 0.0171875 0.02109375
2 0.4375 0.44140625 0.015625 0.025
2 0.5203125 0.45390625 0.034375 0.0265625
2 0.575 0.47109375 0.0734375 0.09453125
5 0.3203125 0.446875 0.00546875 0.04296875
7 0.1078125 0.30625 0.0140625 0.01953125
8 0.7578125 0.35234375 0.02578125 0.03046875
8 0.615625 0.34921875 0.02578125 0.015625
8 0.4109375 0.315625 0.01484375 0.0140625
8 0.38203125 0.33359375 0.02734375 0.0109375
8 0.3453125 0.3609375 0.01015625 0.00703125
8 0.35078125 0.36875 0.01015625 0.00703125
5 0.41875 0.44453125 0.0109375 0.05546875
8 0.4234375 0.396875 0.0125 0.00703125
2 0.1421875 0.44140625 0.1328125 0.0875
2 0.0234375 0.44921875 0.04609375 0.05859375
2 0.47265625 0.44140625 0.01015625 0.0140625