7 0.4796875 0.34921875 0.00625 0.0109375
7 0.51796875 0.38359375 0.00625 0.0109375
7 0.596875 0.3359375 0.00859375 0.021875
8 0.44375 0.35625 0.028125 0.0109375
8 0.70859375 0.3390625 0.015625 0.0359375
7 0.74140625 0.446875 0.0109375 0.01953125
2 0.5234375 0.43125 0.02109375 0.01953125
2 0.525 0.45625 0.03046875 0.0265625
2 0.5578125 0.425 0.03984375 0.03046875
2 0.559375 0.45234375 0.021875 0.0265625
2 0.47890625 0.45703125 0.0375 0.0375
2 0.47265625 0.48828125 0.05625 0.0640625
7 0.409375 0.3984375 0.00703125 0.0140625
2 0.275 0.44296875 0.04453125 0.0390625
2 0.24375 0.440625 0.065625 0.0484375
2 0.590625 0.44296875 0.025 0.06796875
10 0.69453125 0.484375 0.1984375 0.2234375
5 0.8515625 0.50546875 0.02421875 0.115625
2 0.91953125 0.653125 0.1609375 0.4640625