2 0.025 0.65 0.04921875 0.2375
2 0.16875 0.628125 0.26484375 0.265625
8 0.2625 0.31875 0.0328125 0.06796875
2 0.4890625 0.5515625 0.0765625 0.09453125
2 0.54296875 0.54609375 0.04453125 0.059375
7 0.659375 0.41328125 0.00859375 0.01796875
7 0.71796875 0.409375 0.009375 0.015625
2 0.95078125 0.59921875 0.0984375 0.23046875
2 0.9 0.55859375 0.1234375 0.14453125
2 0.834375 0.525 0.1015625 0.14453125
10 0.7390625 0.5046875 0.040625 0.071875
2 0.70703125 0.5125 0.02421875 0.03359375
2 0.68125 0.5296875 0.03828125 0.0609375
7 0.56875 0.378125 0.00546875 0.03046875
7 0.63125 0.3734375 0.0046875 0.03203125
8 0.85 0.4203125 0.01171875 0.015625
7 0.68125 0.471875 0.0078125 0.00546875
7 0.6984375 0.46953125 0.00390625 0.00859375
7 0.50625 0.421875 0.00546875 0.01640625
7 0.546875 0.48671875 0.00546875 0.0125
2 0.65859375 0.5203125 0.0296875 0.01953125