7 0.4671875 0.1796875 0.0171875 0.09296875
7 0.440625 0.596875 0.00546875 0.01953125
7 0.49375 0.61171875 0.00546875 0.01953125
7 0.4421875 0.17890625 0.021875 0.08359375
7 0.6625 0.52890625 0.009375 0.034375
7 0.3734375 0.5921875 0.00625 0.01640625
8 0.325 0.5484375 0.0109375 0.01640625
8 0.3515625 0.58828125 0.0078125 0.0140625
8 0.334375 0.59609375 0.00625 0.0140625
8 0.2953125 0.621875 0.009375 0.00546875
8 0.315625 0.62890625 0.00546875 0.00859375
8 0.49375 0.5625 0.01015625 0.01953125
8 0.46640625 0.59765625 0.01953125 0.00859375
8 0.49375 0.6359375 0.00859375 0.0125
2 0.328125 0.6828125 0.03046875 0.05546875
2 0.2875 0.696875 0.06796875 0.10546875
2 0.1828125 0.728125 0.159375 0.165625
2 0.07734375 0.7359375 0.15390625 0.3875
2 0.4109375 0.74453125 0.16875 0.24453125
8 0.92265625 0.33046875 0.0453125 0.1265625
8 0.8453125 0.2796875 0.04375 0.065625
8 0.84921875 0.32578125 0.05078125 0.02890625
8 0.81875 0.446875 0.0296875 0.06953125
8 0.83515625 0.53515625 0.0390625 0.05859375
8 0.3234375 0.59453125 0.00859375 0.00546875
8 0.31875 0.609375 0.009375 0.00546875