2 0.39140625 0.8765625 0.0296875 0.04453125
2 0.365625 0.878125 0.034375 0.053125
2 0.31484375 0.890625 0.046875 0.05703125
2 0.2671875 0.9125 0.0453125 0.053125
2 0.2265625 0.92265625 0.046875 0.053125
2 0.190625 0.93515625 0.03984375 0.0625
2 0.5296875 0.88359375 0.01796875 0.0390625
2 0.54375 0.88515625 0.02109375 0.04609375
2 0.55546875 0.88515625 0.03125 0.05
2 0.5703125 0.9015625 0.034375 0.0609375
2 0.603125 0.903125 0.0546875 0.09296875
2 0.65625 0.91171875 0.07421875 0.1359375
2 0.74375 0.934375 0.18046875 0.125
2 0.1453125 0.9484375 0.05234375 0.0765625
2 0.45546875 0.871875 0.03046875 0.0359375