2 0.0390625 0.690625 0.0765625 0.07890625
2 0.203125 0.65 0.06484375 0.071875
8 0.24375 0.4796875 0.015625 0.028125
8 0.784375 0.3421875 0.0390625 0.040625
8 0.740625 0.3609375 0.0203125 0.04140625
8 0.6078125 0.43515625 0.025 0.03046875
7 0.371875 0.30390625 0.0171875 0.02890625
8 0.36796875 0.23359375 0.0109375 0.025
8 0.29609375 0.48203125 0.01328125 0.0125
7 0.3 0.51171875 0.01171875 0.0359375
7 0.26015625 0.52578125 0.009375 0.025
8 0.278125 0.52265625 0.01796875 0.021875
2 0.3984375 0.578125 0.021875 0.025
2 0.459375 0.565625 0.0171875 0.01640625
2 0.490625 0.55546875 0.02421875 0.02109375
2 0.5484375 0.54453125 0.0328125 0.02890625
2 0.5859375 0.53828125 0.04765625 0.04140625
2 0.63203125 0.52734375 0.04609375 0.059375
2 0.675 0.5296875 0.03125 0.05390625
2 0.71875 0.50546875 0.0484375 0.065625
2 0.77890625 0.503125 0.0671875 0.0765625
2 0.8703125 0.50078125 0.06015625 0.07890625
2 0.0109375 0.82890625 0.021875 0.1890625