8 0.040625 0.59921875 0.04765625 0.08046875
8 0.5140625 0.4609375 0.0296875 0.08046875
8 0.5125 0.5375 0.0421875 0.071875
8 0.4671875 0.70703125 0.00625 0.01640625
8 0.32421875 0.71171875 0.0109375 0.01796875
8 0.321875 0.72734375 0.00859375 0.0125
8 0.4671875 0.725 0.0046875 0.015625
2 0.0703125 0.790625 0.13984375 0.15390625
2 0.1609375 0.778125 0.103125 0.1109375
2 0.23125 0.771875 0.06953125 0.08203125
2 0.28359375 0.76875 0.046875 0.06953125
2 0.3078125 0.76640625 0.028125 0.046875
2 0.328125 0.76015625 0.03203125 0.05
2 0.425 0.77109375 0.078125 0.1265625
2 0.478125 0.75546875 0.01875 0.0359375
5 0.4875 0.7828125 0.009375 0.05703125
8 0.1796875 0.3625 0.01953125 0.05859375
8 0.4671875 0.6796875 0.00546875 0.025
8 0.47578125 0.671875 0.0046875 0.0125