8 0.578125 0.26484375 0.01015625 0.02109375
8 0.45625 0.30390625 0.00625 0.009375
8 0.45546875 0.28984375 0.00546875 0.0109375
8 0.225 0.1515625 0.0171875 0.07109375
2 0.4796875 0.3328125 0.0140625 0.01640625
2 0.465625 0.334375 0.01171875 0.01796875
2 0.43671875 0.34375 0.04140625 0.04609375
2 0.3421875 0.378125 0.10234375 0.1234375
2 0.53125 0.321875 0.0078125 0.01640625
2 0.546875 0.321875 0.025 0.0375
2 0.575 0.33203125 0.0421875 0.05546875
2 0.6296875 0.3453125 0.07109375 0.07890625
2 0.73125 0.3578125 0.146875 0.14609375
2 0.2828125 0.41171875 0.1328125 0.146875
2 0.04453125 0.546875 0.0890625 0.259375
10 0.4828125 0.3203125 0.01640625 0.02890625
10 0.53125 0.3140625 0.0125 0.0234375
2 0.828125 0.33046875 0.10234375 0.140625