5 0.421875 0.41328125 0.22421875 0.75859375
2 0.0375 0.52734375 0.075 0.2453125
2 0.8671875 0.565625 0.26484375 0.51796875
2 0.37109375 0.453125 0.0484375 0.0515625
2 0.2984375 0.46171875 0.0734375 0.09609375
2 0.246875 0.4796875 0.07109375 0.09609375
2 0.140625 0.47734375 0.15625 0.165625
2 0.5359375 0.40703125 0.00625 0.00859375
2 0.546875 0.4078125 0.009375 0.028125
2 0.5546875 0.41015625 0.01640625 0.046875
2 0.5671875 0.41328125 0.025 0.065625
2 0.58515625 0.42265625 0.03984375 0.0984375
2 0.62890625 0.440625 0.0859375 0.125
2 0.7265625 0.4828125 0.21328125 0.2890625
2 0.5140625 0.4078125 0.009375 0.01796875
7 0.53203125 0.36640625 0.00625 0.0109375
7 0.53359375 0.3828125 0.00546875 0.0109375
7 0.5234375 0.38515625 0.00546875 0.00859375