7 0.4640625 0.390625 0.01015625 0.01640625
7 0.39453125 0.37421875 0.00703125 0.01640625
7 0.4140625 0.428125 0.00625 0.0125
7 0.45 0.428125 0.00390625 0.00859375
7 0.50859375 0.4375 0.00546875 0.0125
8 0.5171875 0.41953125 0.0109375 0.00859375
8 0.325 0.41796875 0.01171875 0.00703125
8 0.35078125 0.425 0.0109375 0.00859375
8 0.784375 0.221875 0.0421875 0.134375
2 0.478125 0.47109375 0.015625 0.028125
2 0.4984375 0.47578125 0.03203125 0.04296875
2 0.6046875 0.48984375 0.071875 0.1140625
2 0.67890625 0.5078125 0.14140625 0.19609375
2 0.26875 0.4796875 0.03671875 0.078125
2 0.215625 0.48515625 0.084375 0.11953125
2 0.1421875 0.5109375 0.09453125 0.1
2 0.4375 0.46640625 0.01484375 0.01953125
2 0.4078125 0.46875 0.025 0.03046875
2 0.3578125 0.47421875 0.06171875 0.0765625
2 0.534375 0.48359375 0.05078125 0.05390625
2 0.84453125 0.525 0.3109375 0.340625
2 0.46640625 0.4703125 0.009375 0.0140625
2 0.05 0.5140625 0.1 0.1234375