8 0.30390625 0.29140625 0.0125 0.04140625
8 0.5359375 0.34140625 0.01171875 0.03046875
8 0.684375 0.2640625 0.034375 0.059375
8 0.6859375 0.3125 0.01796875 0.03359375
7 0.46875 0.36171875 0.0078125 0.0109375
8 0.51015625 0.365625 0.00703125 0.015625
2 0.47734375 0.3890625 0.0125 0.01953125
2 0.4828125 0.3921875 0.0109375 0.015625
2 0.496875 0.39296875 0.02421875 0.034375
2 0.515625 0.403125 0.021875 0.04609375
2 0.5328125 0.4 0.03515625 0.0765625
2 0.58125 0.409375 0.08359375 0.1109375
2 0.6265625 0.446875 0.103125 0.12890625
2 0.45 0.3890625 0.01484375 0.01953125
2 0.4375 0.3890625 0.01328125 0.021875
2 0.421875 0.38828125 0.0203125 0.03203125
2 0.4015625 0.396875 0.028125 0.053125
2 0.4171875 0.396875 0.0125 0.0375
2 0.38203125 0.40078125 0.03515625 0.06953125
2 0.35234375 0.403125 0.04765625 0.1125
2 0.3171875 0.41875 0.075 0.15859375
2 0.2125 0.43203125 0.19296875 0.23203125
2 0.4640625 0.39375 0.009375 0.01640625
2 0.734375 0.4734375 0.2203125 0.2109375
2 0.0765625 0.48984375 0.15234375 0.359375
2 0.9734375 0.69140625 0.053125 0.26796875