8 0.5421875 0.1828125 0.0234375 0.0515625
8 0.634375 0.18515625 0.028125 0.0515625
8 0.740625 0.2984375 0.01328125 0.02109375
8 0.4953125 0.37578125 0.00859375 0.021875
8 0.51875 0.38984375 0.009375 0.01796875
8 0.6265625 0.38125 0.00703125 0.01796875
8 0.66484375 0.396875 0.00625 0.0109375
8 0.740625 0.3265625 0.0125 0.00703125
7 0.575 0.3625 0.00625 0.009375
7 0.7390625 0.35625 0.00859375 0.0125
7 0.64296875 0.3984375 0.00546875 0.009375
7 0.6015625 0.4015625 0.00625 0.0109375
7 0.2421875 0.3953125 0.00859375 0.034375
8 0.20625 0.3703125 0.0125 0.01953125
2 0.61875 0.41796875 0.01171875 0.0125
2 0.59375 0.428125 0.0234375 0.028125
2 0.596875 0.4640625 0.040625 0.0609375
2 0.6578125 0.41953125 0.01796875 0.0234375
2 0.6390625 0.43125 0.02109375 0.028125
2 0.50390625 0.428125 0.02109375 0.028125
2 0.4734375 0.4328125 0.028125 0.025
2 0.384375 0.446875 0.01640625 0.03046875
2 0.3453125 0.4453125 0.03125 0.025
2 0.25 0.440625 0.03828125 0.03359375
2 0.0703125 0.471875 0.140625 0.121875
2 0.440625 0.440625 0.02265625 0.0265625
2 0.17109375 0.4296875 0.034375 0.03046875
2 0.79140625 0.4875 0.12890625 0.14609375
2 0.66875 0.50234375 0.11328125 0.1390625
2 0.57109375 0.43203125 0.01953125 0.03359375
7 0.24140625 0.35078125 0.00859375 0.01953125
2 0.409375 0.44375 0.034375 0.04609375
7 0.51875 0.3734375 0.00390625 0.00859375
8 0.6078125 0.37890625 0.00703125 0.015625
8 0.58671875 0.3765625 0.00625 0.0140625