7 0.45390625 0.41796875 0.0078125 0.01640625
7 0.421875 0.409375 0.00859375 0.01640625
7 0.41953125 0.46328125 0.00546875 0.0140625
8 0.28828125 0.43515625 0.0125 0.015625
2 0.49296875 0.49921875 0.0140625 0.04453125
2 0.5078125 0.50390625 0.0296875 0.0875
2 0.5359375 0.515625 0.05234375 0.1
2 0.5484375 0.53203125 0.065625 0.128125
2 0.41953125 0.50234375 0.01875 0.0390625
2 0.39375 0.5078125 0.02734375 0.05390625
2 0.375 0.5109375 0.04609375 0.065625
2 0.3328125 0.5390625 0.07109375 0.078125
2 0.2421875 0.5625 0.1546875 0.18359375
2 0.4390625 0.49765625 0.0140625 0.01640625
2 0.4578125 0.49609375 0.02890625 0.04609375
2 0.6078125 0.575 0.16171875 0.20390625
2 0.08359375 0.64140625 0.1671875 0.2484375
2 0.4078125 0.50234375 0.01875 0.05