7 0.48125 0.14296875 0.0125 0.05703125
7 0.92265625 0.278125 0.0421875 0.0734375
8 0.87109375 0.16171875 0.0640625 0.0484375
8 0.6453125 0.26015625 0.02734375 0.01953125
8 0.640625 0.23046875 0.01796875 0.01796875
7 0.6640625 0.34609375 0.01640625 0.025
8 0.39765625 0.38359375 0.01171875 0.0140625
2 0.25234375 0.4171875 0.025 0.0375
2 0.2359375 0.41796875 0.0265625 0.046875
2 0.2125 0.4234375 0.034375 0.04609375
2 0.184375 0.4296875 0.03515625 0.04140625
2 0.4171875 0.440625 0.0265625 0.04140625
2 0.9171875 0.48828125 0.14375 0.103125
2 0.9890625 0.46953125 0.02109375 0.07890625
2 0.0421875 0.4125 0.08359375 0.11796875