7 0.46484375 0.034375 0.0140625 0.06875
7 0.67578125 0.028125 0.0203125 0.05625
7 0.809375 0.19609375 0.0109375 0.02109375
7 0.79375 0.19765625 0.0125 0.02109375
7 0.453125 0.034375 0.01328125 0.05390625
8 0.3390625 0.19140625 0.02109375 0.0359375
8 0.35625 0.1640625 0.025 0.0109375
8 0.3515625 0.146875 0.015625 0.0109375
8 0.79765625 0.12578125 0.0296875 0.0140625
8 0.7921875 0.11015625 0.01796875 0.0140625
8 0.95 0.1640625 0.0234375 0.0484375
2 0.440625 0.30859375 0.015625 0.01640625
2 0.428125 0.309375 0.009375 0.015625
2 0.41875 0.3125 0.0125 0.0265625
2 0.4078125 0.3125 0.0109375 0.0265625
2 0.396875 0.309375 0.01796875 0.01953125
2 0.38359375 0.3046875 0.0125 0.01953125
2 0.365625 0.3171875 0.0265625 0.034375
2 0.33125 0.3171875 0.02890625 0.04296875
2 0.30625 0.34296875 0.0390625 0.0515625
2 0.1265625 0.36328125 0.03671875 0.05
2 0.0796875 0.36875 0.06328125 0.05703125
2 0.0265625 0.3859375 0.05234375 0.05390625
2 0.16328125 0.375 0.03515625 0.1
2 0.2296875 0.3703125 0.13203125 0.14609375
2 0.490625 0.315625 0.01484375 0.025
2 0.503125 0.3078125 0.01484375 0.021875
2 0.51328125 0.31015625 0.0171875 0.02890625
2 0.5234375 0.3109375 0.0125 0.0234375
2 0.534375 0.31015625 0.0171875 0.025
2 0.54609375 0.31015625 0.01328125 0.0265625
2 0.56328125 0.31015625 0.0328125 0.040625
2 0.46875 0.325 0.0421875 0.06640625
2 0.671875 0.3203125 0.09140625 0.096875
5 0.8515625 0.2875 0.04140625 0.11953125
5 0.9328125 0.28828125 0.04375 0.153125
7 0.4765625 0.034375 0.009375 0.05390625
8 0.784375 0.1734375 0.02109375 0.021875