7 0.503125 0.31796875 0.0078125 0.021875
7 0.4265625 0.39375 0.00546875 0.01640625
7 0.3546875 0.3703125 0.00703125 0.0125
7 0.26796875 0.42734375 0.00859375 0.015625
7 0.26875 0.44453125 0.0109375 0.0109375
8 0.23984375 0.3609375 0.015625 0.0265625
2 0.4453125 0.42734375 0.03125 0.02109375
2 0.4078125 0.4609375 0.03671875 0.0515625
2 0.3609375 0.48828125 0.06015625 0.0734375
2 0.090625 0.63984375 0.18046875 0.3140625
2 0.509375 0.42109375 0.009375 0.0140625
2 0.4859375 0.43046875 0.0140625 0.0234375
2 0.46640625 0.4359375 0.0171875 0.025
8 0.46484375 0.38125 0.01171875 0.00703125
7 0.51484375 0.39921875 0.00546875 0.0125
7 0.98671875 0.30078125 0.01640625 0.02890625
7 0.89375 0.253125 0.015625 0.0234375
2 0.484375 0.41328125 0.025 0.0234375