7 0.4609375 0.1953125 0.015625 0.075
7 0.6375 0.2109375 0.0140625 0.0765625
7 0.465625 0.46953125 0.0046875 0.00859375
7 0.5125 0.471875 0.00625 0.009375
7 0.5078125 0.49375 0.00546875 0.009375
7 0.9671875 0.40078125 0.0296875 0.0515625
8 0.53984375 0.51015625 0.00546875 0.0109375
8 0.46171875 0.50390625 0.01015625 0.015625
2 0.53203125 0.540625 0.02890625 0.04453125
2 0.55078125 0.5453125 0.01796875 0.03203125
2 0.5640625 0.5421875 0.02421875 0.04140625
2 0.5984375 0.546875 0.06328125 0.078125
2 0.65 0.55859375 0.0515625 0.084375
2 0.625 0.56328125 0.03046875 0.059375
2 0.70078125 0.57109375 0.08984375 0.1140625
2 0.78515625 0.5875 0.15078125 0.15390625
2 0.48984375 0.55234375 0.065625 0.140625
2 0.43515625 0.53671875 0.0203125 0.0484375
2 0.41875 0.54453125 0.03515625 0.071875
2 0.403125 0.54609375 0.034375 0.0765625
2 0.3796875 0.559375 0.0515625 0.1015625
2 0.328125 0.5796875 0.11171875 0.11953125
2 0.1421875 0.559375 0.284375 0.68125
2 0.9828125 0.68046875 0.03359375 0.19140625
2 0.4453125 0.5375 0.0171875 0.0390625