2 0.378125 0.346875 0.02578125 0.0625
2 0.353125 0.359375 0.0421875 0.08046875
2 0.33125 0.37109375 0.04609375 0.1015625
2 0.2859375 0.38125 0.0875 0.1390625
2 0.1921875 0.39375 0.1796875 0.2515625
2 0.06640625 0.3453125 0.1328125 0.49296875
2 0.453125 0.34453125 0.0171875 0.01796875
2 0.5703125 0.38828125 0.10859375 0.15703125
2 0.66484375 0.39453125 0.08828125 0.11953125
2 0.89375 0.478125 0.21171875 0.215625
2 0.434375 0.346875 0.025 0.034375
8 0.2640625 0.2171875 0.0125 0.021875
7 0.425 0.309375 0.00703125 0.009375
2 0.403125 0.346875 0.01953125 0.025
2 0.49609375 0.35234375 0.06796875 0.04140625