7 0.6109375 0.396875 0.009375 0.01953125
7 0.4640625 0.39296875 0.00859375 0.01796875
7 0.3609375 0.415625 0.01015625 0.03046875
8 0.3109375 0.36484375 0.01640625 0.015625
7 0.3109375 0.396875 0.0125 0.028125
5 0.14375 0.421875 0.01796875 0.03359375
5 0.4234375 0.48359375 0.01015625 0.05859375
2 0.440625 0.48359375 0.0171875 0.040625
2 0.56328125 0.496875 0.015625 0.03359375
2 0.54921875 0.5 0.0328125 0.05390625
2 0.69375 0.521875 0.04375 0.04609375
2 0.7390625 0.546875 0.0859375 0.0890625
2 0.60703125 0.51953125 0.0796875 0.10546875
7 0.60703125 0.44140625 0.009375 0.034375
2 0.484375 0.534375 0.0984375 0.14140625
2 0.409375 0.49375 0.0203125 0.06640625
2 0.3921875 0.50625 0.02890625 0.08203125
2 0.3328125 0.503125 0.1 0.190625
2 0.24375 0.534375 0.203125 0.2234375
2 0.0828125 0.51484375 0.165625 0.4921875