2 0.4140625 0.4296875 0.03671875 0.05
2 0.371875 0.4296875 0.059375 0.084375
2 0.4625 0.44765625 0.0796875 0.12109375
2 0.2859375 0.403125 0.01796875 0.025
2 0.321875 0.44765625 0.075 0.11640625
2 0.15 0.471875 0.29921875 0.3875
2 0.6640625 0.496875 0.3671875 0.4359375
2 0.8453125 0.43125 0.04296875 0.046875
7 0.53359375 0.2609375 0.00859375 0.0375
7 0.38046875 0.22265625 0.01171875 0.034375
7 0.5390625 0.26328125 0.00625 0.028125
2 0.921875 0.49375 0.15625 0.340625
8 0.2671875 0.3375 0.00859375 0.0359375
8 0.4765625 0.36484375 0.01796875 0.021875
7 0.45 0.36171875 0.00546875 0.01640625
8 0.94375 0.2671875 0.04140625 0.021875
8 0.94296875 0.290625 0.01875 0.021875