2 0.571875 0.7 0.321875 0.384375
2 0.01875 0.690625 0.0375 0.24453125
2 0.10234375 0.6 0.16875 0.1015625
2 0.440625 0.56640625 0.05625 0.1
2 0.31484375 0.5890625 0.16328125 0.0875
2 0.9125 0.5640625 0.09296875 0.0609375
2 0.86875 0.565625 0.03671875 0.03046875
2 0.76953125 0.559375 0.1359375 0.09296875
5 0.28671875 0.6203125 0.05 0.19140625
5 0.740625 0.6265625 0.05859375 0.24453125
7 0.30859375 0.409375 0.009375 0.02109375
7 0.7484375 0.234375 0.01953125 0.0875
7 0.18828125 0.53359375 0.01328125 0.01953125
7 0.121875 0.484375 0.01484375 0.025
7 0.8921875 0.44453125 0.01484375 0.0265625
7 0.9203125 0.2453125 0.01796875 0.05703125
7 0.8859375 0.32265625 0.01484375 0.046875
7 0.1625 0.41796875 0.0171875 0.09296875
7 0.125 0.40703125 0.01328125 0.07109375
7 0.73125 0.23984375 0.0203125 0.078125
8 0.1484375 0.4953125 0.00859375 0.0265625
2 0.39296875 0.57734375 0.0421875 0.065625
2 0.9578125 0.5546875 0.04921875 0.04609375