7 0.478125 0.271875 0.009375 0.04140625
7 0.340625 0.28359375 0.01015625 0.040625
7 0.63359375 0.384375 0.01484375 0.028125
8 0.6265625 0.29140625 0.02265625 0.009375
8 0.5765625 0.30546875 0.01875 0.0234375
8 0.2453125 0.271875 0.01796875 0.0109375
5 0.62109375 0.4578125 0.01875 0.10859375
5 0.5953125 0.4265625 0.0078125 0.028125
5 0.90703125 0.534375 0.06015625 0.328125
2 0.384375 0.43515625 0.028125 0.0609375
2 0.3609375 0.44296875 0.0375 0.059375
2 0.33046875 0.4390625 0.040625 0.10859375
2 0.2875 0.459375 0.10078125 0.17890625
2 0.5734375 0.4421875 0.04296875 0.05546875
10 0.49921875 0.378125 0.03828125 0.0515625
2 0.49296875 0.38515625 0.0296875 0.0390625
2 0.8875 0.47734375 0.225 0.21796875
2 0.1421875 0.465625 0.28359375 0.440625
2 0.96328125 0.5953125 0.0734375 0.178125
2 0.73125 0.52578125 0.22109375 0.253125
2 0.4625 0.54453125 0.20859375 0.29609375
2 0.54140625 0.4390625 0.02265625 0.05703125
8 0.73359375 0.33671875 0.028125 0.01640625
8 0.753125 0.28984375 0.01953125 0.00859375
7 0.07890625 0.27578125 0.009375 0.0515625