8 0.45390625 0.3875 0.01953125 0.03203125
8 0.221875 0.371875 0.0125 0.0390625
2 0.2234375 0.4625 0.04296875 0.05546875
2 0.1453125 0.46875 0.03671875 0.0890625
2 0.075 0.465625 0.08828125 0.15390625
2 0.02265625 0.45859375 0.0453125 0.17890625
2 0.4171875 0.49453125 0.05703125 0.0890625
2 0.4234375 0.50625 0.05234375 0.084375
2 0.4390625 0.5203125 0.04921875 0.11640625
2 0.5234375 0.5140625 0.175 0.2375
2 0.6625 0.62265625 0.353125 0.353125
2 0.9015625 0.759375 0.19609375 0.19296875
2 0.1203125 0.4640625 0.034375 0.11640625