7 0.3640625 0.446875 0.00625 0.0140625
8 0.40625 0.471875 0.00859375 0.00703125
7 0.4890625 0.4453125 0.00703125 0.0109375
8 0.4703125 0.453125 0.00703125 0.015625
8 0.42890625 0.465625 0.00546875 0.00859375
7 0.40625 0.453125 0.0078125 0.009375
2 0.4171875 0.48984375 0.01953125 0.01953125
2 0.38828125 0.490625 0.01953125 0.01953125
2 0.35 0.48828125 0.0171875 0.025
2 0.4609375 0.4796875 0.03359375 0.0375
2 0.51875 0.4796875 0.05078125 0.07890625
2 0.434375 0.48671875 0.015625 0.025
8 0.2734375 0.40703125 0.021875 0.040625
8 0.24140625 0.46640625 0.00703125 0.01640625
8 0.61796875 0.42109375 0.00859375 0.0125
8 0.2171875 0.45 0.01875 0.009375
7 0.36796875 0.48125 0.003125 0.00703125