7 0.6203125 0.409375 0.01953125 0.03046875
7 0.5546875 0.48671875 0.0078125 0.01640625
7 0.5765625 0.2515625 0.0140625 0.07890625
8 0.171875 0.4375 0.05 0.040625
8 0.62265625 0.334375 0.04453125 0.02109375
2 0.128125 0.55 0.0921875 0.11953125
2 0.78359375 0.50078125 0.0390625 0.0234375
2 0.7234375 0.49921875 0.03125 0.02109375
2 0.7515625 0.50078125 0.02109375 0.0234375
2 0.390625 0.4828125 0.03984375 0.0890625
2 0.40078125 0.490625 0.03515625 0.0890625
2 0.025 0.584375 0.05 0.20546875
2 0.96015625 0.57578125 0.0796875 0.1140625
2 0.2484375 0.61796875 0.2390625 0.328125
2 0.4546875 0.50078125 0.05390625 0.0484375