7 0.490625 0.56640625 0.0109375 0.01953125
7 0.559375 0.5625 0.01171875 0.0109375
8 0.65625 0.33671875 0.025 0.0875
8 0.971875 0.21015625 0.05 0.1109375
8 0.61171875 0.51015625 0.0109375 0.02109375
2 0.53125 0.60859375 0.0140625 0.02109375
2 0.5046875 0.6125 0.02109375 0.02109375
2 0.42734375 0.61875 0.06484375 0.03359375
2 0.3140625 0.634375 0.02421875 0.04453125
2 0.28515625 0.63125 0.03203125 0.0640625
2 0.634375 0.61328125 0.03046875 0.090625
2 0.725 0.628125 0.16875 0.23203125
2 0.19609375 0.653125 0.1609375 0.153125
10 0.0828125 0.6265625 0.165625 0.190625
2 0.3828125 0.625 0.0359375 0.03359375
2 0.625 0.6125 0.03984375 0.078125
2 0.60234375 0.609375 0.0171875 0.0640625