2 0.3875 0.6328125 0.025 0.05703125
2 0.346875 0.65234375 0.0890625 0.11796875
2 0.490625 0.66484375 0.09453125 0.1359375
2 0.15078125 0.66015625 0.3 0.30546875
2 0.8859375 0.74375 0.2234375 0.259375
8 0.546875 0.53984375 0.028125 0.0140625
7 0.515625 0.54765625 0.0109375 0.02109375
8 0.57578125 0.57265625 0.0109375 0.0234375
2 0.44375 0.6265625 0.02109375 0.04609375
2 0.4015625 0.61953125 0.01484375 0.0140625
2 0.4265625 0.621875 0.0109375 0.01796875
7 0.4640625 0.58671875 0.00625 0.009375
7 0.40859375 0.58828125 0.00546875 0.0109375