2 0.3515625 0.453125 0.02265625 0.04140625
2 0.3703125 0.45703125 0.02890625 0.0515625
2 0.396875 0.45390625 0.05 0.0609375
2 0.49453125 0.47421875 0.09765625 0.12109375
2 0.603125 0.515625 0.165625 0.15390625
2 0.26875 0.4390625 0.02421875 0.0234375
2 0.05625 0.465625 0.07890625 0.0515625
8 0.753125 0.24375 0.0375 0.0359375
8 0.81953125 0.1828125 0.04140625 0.0515625
8 0.671875 0.38515625 0.021875 0.025
2 0.321875 0.4484375 0.03359375 0.03203125
2 0.28125 0.43125 0.01015625 0.015625
2 0.24375 0.440625 0.0125 0.015625
2 0.2328125 0.44296875 0.0125 0.01640625