2 0.5375 0.5765625 0.01484375 0.0390625
2 0.55390625 0.571875 0.02734375 0.05
2 0.5671875 0.57109375 0.01875 0.053125
2 0.584375 0.571875 0.0421875 0.0640625
2 0.6171875 0.57421875 0.0453125 0.08359375
2 0.64765625 0.575 0.0625 0.09609375
2 0.74765625 0.57890625 0.16015625 0.14296875
8 0.5375 0.534375 0.0125 0.02109375
2 0.6046875 0.50859375 0.0078125 0.009375
2 0.471875 0.57109375 0.021875 0.015625
2 0.4328125 0.565625 0.01015625 0.02890625
2 0.41640625 0.5671875 0.021875 0.03203125
2 0.3796875 0.559375 0.04453125 0.0765625
2 0.3578125 0.571875 0.07109375 0.08203125
8 0.3453125 0.4890625 0.00859375 0.01796875
8 0.3453125 0.50625 0.009375 0.01640625
2 0.19921875 0.59765625 0.1796875 0.15703125
2 0.5171875 0.5796875 0.01640625 0.01953125
2 0.5015625 0.57734375 0.01328125 0.01953125
2 0.44453125 0.5703125 0.0140625 0.01953125