2 0.0609375 0.434375 0.11015625 0.084375
2 0.559375 0.41171875 0.00859375 0.01640625
2 0.5453125 0.415625 0.0125 0.01953125
2 0.53046875 0.4203125 0.01640625 0.02109375
7 0.5375 0.3671875 0.00703125 0.0125
7 0.53203125 0.39140625 0.00546875 0.009375
7 0.5453125 0.37578125 0.00625 0.009375
7 0.5671875 0.37421875 0.00390625 0.00859375
8 0.61796875 0.3703125 0.00703125 0.01953125
2 0.653125 0.41796875 0.03984375 0.046875
2 0.5671875 0.39921875 0.01328125 0.0375
2 0.5984375 0.42734375 0.0703125 0.14453125
2 0.7078125 0.43671875 0.0765625 0.0875
5 0.796875 0.4265625 0.02109375 0.09296875
7 0.3421875 0.24765625 0.02109375 0.04453125
2 0.80625 0.42578125 0.0859375 0.0484375