2 0.02890625 0.4578125 0.0578125 0.18046875
2 0.496875 0.41015625 0.08671875 0.08203125
2 0.1109375 0.44375 0.1390625 0.1609375
2 0.18125 0.41640625 0.09296875 0.121875
2 0.240625 0.40625 0.04453125 0.06953125
2 0.259375 0.38359375 0.05390625 0.07109375
2 0.2875 0.378125 0.02578125 0.04453125
2 0.3765625 0.3703125 0.0109375 0.0125
2 0.3890625 0.3828125 0.01015625 0.01640625
2 0.4046875 0.38671875 0.02421875 0.0359375
2 0.43125 0.3875 0.0390625 0.05859375
2 0.44921875 0.4109375 0.01796875 0.05
7 0.3671875 0.328125 0.00625 0.009375
7 0.34609375 0.328125 0.00625 0.009375
2 0.3 0.371875 0.0171875 0.028125
2 0.3078125 0.36171875 0.0203125 0.0390625
2 0.3203125 0.36015625 0.01875 0.03359375