8 0.125 0.24609375 0.07421875 0.02109375
8 0.0640625 0.303125 0.02421875 0.0140625
8 0.4875 0.26328125 0.01484375 0.04453125
8 0.5015625 0.3171875 0.01953125 0.009375
8 0.49140625 0.33125 0.01953125 0.0140625
7 0.18671875 0.25625 0.00859375 0.04453125
7 0.42109375 0.26484375 0.0171875 0.0390625
7 0.196875 0.2546875 0.00859375 0.03046875
7 0.0453125 0.34140625 0.01484375 0.0234375
7 0.4828125 0.359375 0.0109375 0.015625
2 0.05859375 0.5015625 0.1171875 0.31640625
2 0.2046875 0.45234375 0.11953125 0.159375
2 0.3421875 0.48203125 0.15859375 0.221875
2 0.6359375 0.45859375 0.1921875 0.1984375
2 0.721875 0.4171875 0.0734375 0.065625
2 0.275 0.4265625 0.028125 0.05546875