2 0.3734375 0.57109375 0.02421875 0.0359375
2 0.3484375 0.60390625 0.05078125 0.11953125
2 0.2828125 0.61640625 0.1125 0.153125
2 0.18125 0.65078125 0.17421875 0.2484375
2 0.078125 0.653125 0.15546875 0.36640625
2 0.5171875 0.58671875 0.02109375 0.04296875
2 0.5375 0.58046875 0.0171875 0.04296875
2 0.5484375 0.590625 0.02265625 0.059375
2 0.58125 0.5875 0.06015625 0.09140625
2 0.603125 0.60234375 0.06875 0.0984375
2 0.625 0.61953125 0.059375 0.10859375
2 0.69921875 0.625 0.12734375 0.18203125
2 0.8625 0.67421875 0.2734375 0.35703125
2 0.43671875 0.6765625 0.1890625 0.26640625
8 0.65703125 0.5125 0.03671875 0.05546875
8 0.5640625 0.49921875 0.02421875 0.015625
8 0.55390625 0.5171875 0.01171875 0.0109375
8 0.43671875 0.5 0.009375 0.01796875
7 0.4234375 0.5125 0.00859375 0.0140625
7 0.54375 0.49921875 0.00625 0.021875
8 0.3890625 0.5140625 0.0125 0.0125
8 0.03125 0.3921875 0.0625 0.1625
2 0.9828125 0.86015625 0.03359375 0.15703125