8 0.703125 0.3609375 0.0390625 0.11640625
8 0.4796875 0.54765625 0.01640625 0.03046875
7 0.253125 0.171875 0.01953125 0.09296875
7 0.4578125 0.27578125 0.0234375 0.08359375
7 0.11796875 0.45703125 0.01953125 0.040625
7 0.7359375 0.47265625 0.0203125 0.04140625
7 0.5890625 0.534375 0.01875 0.0265625
7 0.425 0.5453125 0.00859375 0.015625
7 0.4015625 0.54140625 0.0109375 0.015625
7 0.22109375 0.1640625 0.01953125 0.07109375
7 0.365625 0.265625 0.0203125 0.05703125
7 0.38515625 0.26640625 0.015625 0.06953125
7 0.71875 0.47578125 0.01328125 0.040625
2 0.3546875 0.58203125 0.0125 0.04140625
2 0.3359375 0.58046875 0.0296875 0.059375
2 0.315625 0.590625 0.03515625 0.071875
2 0.27421875 0.59609375 0.07734375 0.090625
2 0.421875 0.584375 0.0171875 0.01953125
2 0.4546875 0.59609375 0.03515625 0.05859375
2 0.55625 0.6125 0.15234375 0.0984375
2 0.671875 0.625 0.05546875 0.0640625
2 0.7734375 0.64375 0.09921875 0.0890625
2 0.84453125 0.63359375 0.090625 0.06796875
2 0.88671875 0.63046875 0.034375 0.04140625
2 0.9203125 0.63046875 0.01171875 0.034375
2 0.93671875 0.63046875 0.02890625 0.034375
2 0.9734375 0.62890625 0.02265625 0.0375
0 0.628125 0.6625 0.0703125 0.103125
6 0.6359375 0.63984375 0.05703125 0.1484375
8 0.4515625 0.55078125 0.009375 0.02109375
7 0.29140625 0.29453125 0.01875 0.075