7 0.33359375 0.2703125 0.0078125 0.04140625
7 0.58359375 0.2671875 0.009375 0.046875
7 0.2859375 0.384375 0.01328125 0.028125
7 0.525 0.396875 0.01171875 0.0234375
7 0.3453125 0.27109375 0.0109375 0.04453125
7 0.725 0.3765625 0.02109375 0.03046875
8 0.275 0.34375 0.01953125 0.02109375
8 0.51875 0.37265625 0.02109375 0.01953125
8 0.18671875 0.2078125 0.01953125 0.05859375
8 0.7109375 0.296875 0.0359375 0.0265625
5 0.6609375 0.465625 0.0171875 0.071875
5 0.65390625 0.45390625 0.015625 0.071875
5 0.64140625 0.4546875 0.0171875 0.075
5 0.61796875 0.44609375 0.01171875 0.05703125
5 0.6109375 0.45390625 0.0109375 0.05859375
5 0.6015625 0.45625 0.015625 0.071875
5 0.5875 0.46640625 0.0171875 0.0890625
6 0.63046875 0.46953125 0.03203125 0.084375
0 0.625 0.4984375 0.05 0.05390625
5 0.8296875 0.4921875 0.03671875 0.13203125
0 0.7796875 0.5671875 0.10546875 0.13203125
0 0.759375 0.56015625 0.1 0.121875
2 0.2515625 0.42578125 0.0421875 0.05390625
2 0.2875 0.521875 0.06328125 0.146875
2 0.778125 0.46796875 0.08828125 0.071875
5 0.85390625 0.50078125 0.02734375 0.09140625
5 0.921875 0.51953125 0.0328125 0.09609375
2 0.4 0.4796875 0.1 0.12890625
2 0.1578125 0.60546875 0.315625 0.5453125
2 0.9859375 0.4703125 0.02734375 0.04453125
2 0.965625 0.47265625 0.034375 0.05859375
2 0.6859375 0.47734375 0.06953125 0.11953125
8 0.7328125 0.2671875 0.0328125 0.0234375
2 0.8375 0.46796875 0.07421875 0.0484375