2 0.27421875 0.4671875 0.0890625 0.04453125
2 0.58828125 0.45859375 0.03671875 0.01640625
2 0.6953125 0.51953125 0.07109375 0.1
2 0.6296875 0.53828125 0.12109375 0.15
2 0.7546875 0.503125 0.05390625 0.07109375
2 0.428125 0.63828125 0.42421875 0.440625
2 0.85 0.66015625 0.29765625 0.4609375
10 0.575 0.44921875 0.0375 0.05546875
8 0.075 0.29609375 0.05625 0.01953125
8 0.15625 0.38203125 0.015625 0.0125
8 0.6109375 0.3421875 0.04453125 0.015625
8 0.56015625 0.39375 0.0078125 0.0234375
8 0.6140625 0.421875 0.009375 0.01796875
8 0.7640625 0.353125 0.01875 0.015625
8 0.7546875 0.3875 0.01328125 0.01640625
7 0.15703125 0.415625 0.0078125 0.0140625
7 0.42890625 0.375 0.00703125 0.01796875
7 0.578125 0.328125 0.00703125 0.028125
7 0.6546875 0.41171875 0.009375 0.02109375
7 0.765625 0.41796875 0.01796875 0.025
7 0.1515625 0.29453125 0.01015625 0.034375
7 0.1671875 0.296875 0.0171875 0.0359375
7 0.5734375 0.328125 0.0046875 0.02890625
7 0.5859375 0.328125 0.00546875 0.03046875
7 0.4296875 0.4078125 0.0109375 0.01953125
10 0.31640625 0.43046875 0.05390625 0.03203125