10 0.1453125 0.34375 0.2890625 0.6859375
7 0.50390625 0.38828125 0.00859375 0.025
7 0.67578125 0.32734375 0.01171875 0.040625
2 0.49140625 0.4453125 0.02734375 0.0390625
2 0.45859375 0.46328125 0.04140625 0.0890625
2 0.5265625 0.440625 0.04296875 0.084375
2 0.5359375 0.46171875 0.05625 0.09140625
2 0.6703125 0.47734375 0.0859375 0.1375
2 0.7265625 0.47265625 0.03046875 0.0390625
2 0.3953125 0.49921875 0.121875 0.17109375
2 0.60625 0.484375 0.125 0.1625
2 0.9109375 0.48359375 0.1734375 0.20859375
2 0.9125 0.5890625 0.175 0.42109375
2 0.3359375 0.43828125 0.02734375 0.05390625
1 0.9046875 0.44296875 0.1609375 0.11640625