7 0.36796875 0.3125 0.01171875 0.02109375
7 0.46875 0.2921875 0.015625 0.03203125
2 0.4203125 0.415625 0.06484375 0.11953125
2 0.15 0.478125 0.29765625 0.57890625
2 0.3171875 0.43203125 0.0421875 0.090625
2 0.3484375 0.428125 0.0453125 0.07890625
2 0.340625 0.37421875 0.04375 0.0234375
2 0.4546875 0.4109375 0.0171875 0.0515625
10 0.3890625 0.38125 0.01640625 0.04609375
8 0.4921875 0.30546875 0.0109375 0.02890625
8 0.4921875 0.3359375 0.01796875 0.02890625
5 0.61328125 0.4265625 0.059375 0.12890625
0 0.51953125 0.42421875 0.0171875 0.0609375