2 0.33203125 0.571875 0.021875 0.075
2 0.3546875 0.57109375 0.02578125 0.06953125
2 0.2796875 0.5765625 0.0921875 0.10703125
2 0.403125 0.57890625 0.071875 0.10859375
2 0.5578125 0.58125 0.03828125 0.05
7 0.15625 0.4359375 0.02421875 0.03203125
7 0.43515625 0.4796875 0.00625 0.0125
7 0.4984375 0.48984375 0.00703125 0.02109375
7 0.459375 0.5296875 0.003125 0.009375
7 0.484375 0.51953125 0.0046875 0.0140625
7 0.4828125 0.534375 0.00546875 0.009375
7 0.46171875 0.5359375 0.00390625 0.00859375
7 0.615625 0.1890625 0.01953125 0.09296875
7 0.6375 0.1875 0.02109375 0.0859375
7 0.759375 0.46875 0.0234375 0.0390625
8 0.1671875 0.31015625 0.0265625 0.01953125
8 0.19375 0.3 0.01015625 0.02109375
8 0.17421875 0.2296875 0.0125 0.06796875
8 0.57890625 0.4984375 0.01328125 0.02890625
8 0.5296875 0.5296875 0.0078125 0.00546875
8 0.74296875 0.4328125 0.0375 0.02109375
8 0.7421875 0.3703125 0.0265625 0.05546875
7 0.18671875 0.43828125 0.0109375 0.03046875
2 0.5171875 0.5703125 0.071875 0.04296875