7 0.19140625 0.115625 0.0125 0.05703125
7 0.4640625 0.184375 0.0109375 0.04140625
7 0.4640625 0.3078125 0.0078125 0.01953125
2 0.5421875 0.34765625 0.0515625 0.075
2 0.428125 0.33828125 0.015625 0.02109375
2 0.3859375 0.334375 0.02109375 0.01953125
2 0.24609375 0.3515625 0.04375 0.05390625
2 0.278125 0.340625 0.01640625 0.05
2 0.29765625 0.34609375 0.01640625 0.0359375
2 0.51171875 0.34140625 0.015625 0.0515625
2 0.49375 0.34140625 0.0171875 0.03046875
8 0.56796875 0.23671875 0.01484375 0.0125
7 0.6234375 0.2546875 0.01171875 0.0234375
2 0.3375 0.3421875 0.059375 0.04453125