10 0.2375 0.64140625 0.08125 0.0890625
2 0.29765625 0.67109375 0.02578125 0.02890625
2 0.3484375 0.6671875 0.0171875 0.021875
2 0.3953125 0.66953125 0.025 0.04296875
2 0.42578125 0.675 0.015625 0.03203125
2 0.43828125 0.68828125 0.0296875 0.1015625
2 0.59375 0.69375 0.05 0.08359375
2 0.63125 0.703125 0.0671875 0.08203125
2 0.3734375 0.66640625 0.0140625 0.01796875
7 0.4578125 0.634375 0.009375 0.0234375
7 0.3890625 0.640625 0.0109375 0.01796875
7 0.396875 0.646875 0.009375 0.01640625
2 0.50703125 0.71171875 0.140625 0.20390625
2 0.7328125 0.7515625 0.23984375 0.18046875
8 0.8734375 0.56328125 0.03046875 0.05390625
5 0.9640625 0.746875 0.0390625 0.159375
8 0.6 0.6078125 0.01796875 0.0140625
8 0.59375 0.54453125 0.015625 0.0265625
5 0.69375 0.653125 0.01328125 0.01953125