2 0.38125 0.52421875 0.01484375 0.01796875
2 0.365625 0.54453125 0.03125 0.04140625
8 0.4578125 0.50234375 0.009375 0.021875
7 0.3765625 0.43046875 0.01328125 0.03046875
7 0.23984375 0.44453125 0.0140625 0.0265625
7 0.403125 0.49375 0.00625 0.0140625
7 0.3984375 0.509375 0.0046875 0.009375
7 0.40703125 0.509375 0.00546875 0.009375
7 0.415625 0.50859375 0.00390625 0.009375
7 0.4234375 0.51953125 0.00390625 0.00859375
7 0.415625 0.5203125 0.0046875 0.00703125
8 0.42578125 0.48671875 0.01875 0.02109375