7 0.2484375 0.0421875 0.0171875 0.084375
7 0.2953125 0.034375 0.01875 0.06875
7 0.271875 0.04609375 0.01875 0.09140625
7 0.540625 0.125 0.03046875 0.0765625
8 0.5859375 0.31953125 0.015625 0.0359375
2 0.38984375 0.41171875 0.03046875 0.05546875
2 0.35703125 0.428125 0.05 0.0640625
2 0.83984375 0.534375 0.31640625 0.34609375
2 0.0609375 0.51953125 0.1203125 0.284375
2 0.9515625 0.659375 0.09609375 0.4640625
2 0.5359375 0.590625 0.3421875 0.4640625
7 0.1484375 0.34296875 0.01953125 0.02890625
7 0.45625 0.31328125 0.00859375 0.01796875
7 0.50625 0.31015625 0.00703125 0.0140625