2 0.34765625 0.459375 0.02421875 0.0359375
2 0.2125 0.5546875 0.24453125 0.23359375
7 0.15390625 0.39453125 0.01484375 0.03203125
7 0.1796875 0.39453125 0.01171875 0.03203125
7 0.1703125 0.203125 0.0125 0.05
7 0.1078125 0.0453125 0.028125 0.0734375
7 0.1375 0.0453125 0.0296875 0.090625
7 0.7734375 0.3375 0.01953125 0.03046875
8 0.6171875 0.33828125 0.01640625 0.0359375
5 0.8234375 0.4453125 0.021875 0.10703125
5 0.8421875 0.446875 0.01484375 0.10703125
2 0.56875 0.553125 0.55 0.721875
7 0.6078125 0.146875 0.01796875 0.0359375
2 0.296875 0.46015625 0.06796875 0.078125
7 0.7609375 0.3359375 0.009375 0.034375