2 0.203125 0.57890625 0.07109375 0.065625
2 0.315625 0.58203125 0.07578125 0.084375
2 0.48046875 0.5671875 0.02578125 0.0265625
2 0.5078125 0.56796875 0.02265625 0.02109375
2 0.5390625 0.5625 0.03359375 0.025
2 0.625 0.57578125 0.05625 0.0609375
2 0.853125 0.6625 0.28984375 0.3359375
8 0.10625 0.1875 0.21171875 0.14609375
8 0.503125 0.3375 0.08046875 0.09296875
8 0.46953125 0.453125 0.02734375 0.028125
2 0.325 0.43828125 0.0671875 0.04140625
2 0.565625 0.4328125 0.05546875 0.04140625
2 0.65 0.4234375 0.096875 0.059375
2 0.3859375 0.4375 0.0453125 0.03203125