8 0.403125 0.42109375 0.0109375 0.0234375
2 0.32734375 0.44453125 0.01171875 0.03359375
2 0.35 0.45 0.0171875 0.021875
2 0.3671875 0.45078125 0.01875 0.0234375
2 0.37890625 0.45234375 0.015625 0.02109375
2 0.40703125 0.465625 0.028125 0.03359375
2 0.4765625 0.4921875 0.065625 0.0765625
2 0.575 0.5203125 0.13046875 0.13203125
2 0.30546875 0.4578125 0.03828125 0.0625
2 0.24453125 0.48515625 0.103125 0.15546875
2 0.10546875 0.60625 0.2109375 0.3609375
2 0.8796875 0.615625 0.23671875 0.3375
2 0.6734375 0.49765625 0.06796875 0.10546875