2 0.203125 0.5609375 0.06796875 0.04296875
2 0.440625 0.58046875 0.01875 0.03359375
2 0.4671875 0.57578125 0.0265625 0.03359375
2 0.50625 0.57578125 0.040625 0.02890625
2 0.5375 0.57578125 0.0203125 0.0265625
2 0.5953125 0.57578125 0.0203125 0.01640625
2 0.11796875 0.59375 0.2125 0.1265625
2 0.028125 0.54609375 0.05234375 0.0859375
2 0.3828125 0.57578125 0.10390625 0.06953125
2 0.896875 0.60078125 0.07734375 0.078125
2 0.2703125 0.56953125 0.03828125 0.03359375
2 0.315625 0.571875 0.03125 0.02890625
2 0.56640625 0.58359375 0.03984375 0.03359375
2 0.7 0.58046875 0.046875 0.03046875
2 0.7515625 0.5875 0.04296875 0.034375
2 0.8015625 0.5890625 0.01640625 0.021875
2 0.81875 0.5890625 0.0171875 0.021875