7 0.4734375 0.55625 0.009375 0.01796875
7 0.56796875 0.54375 0.00703125 0.028125
8 0.71640625 0.534375 0.02421875 0.0515625
7 0.5453125 0.58515625 0.0078125 0.0125
2 0.46875 0.6265625 0.01640625 0.040625
2 0.44375 0.6296875 0.03515625 0.05390625
2 0.7390625 0.65 0.08125 0.13203125
2 0.6109375 0.6390625 0.02578125 0.0625
2 0.6640625 0.66796875 0.1109375 0.15703125
2 0.51640625 0.66875 0.11171875 0.1609375
2 0.3171875 0.65546875 0.13984375 0.125
5 0.2125 0.63125 0.015625 0.06953125
2 0.09296875 0.67421875 0.1859375 0.165625
2 0.896875 0.715625 0.20546875 0.284375
2 0.56015625 0.609375 0.01171875 0.01953125