2 0.878125 0.684375 0.2421875 0.46796875
10 0.06953125 0.49296875 0.1390625 0.6640625
2 0.56875 0.628125 0.1296875 0.17109375
2 0.421875 0.5875 0.0296875 0.0484375
2 0.3359375 0.58515625 0.0234375 0.0390625
2 0.303125 0.584375 0.03046875 0.04296875
2 0.1828125 0.59765625 0.1203125 0.16640625
2 0.25625 0.603125 0.0390625 0.09453125
2 0.50234375 0.61796875 0.065625 0.10703125
2 0.4671875 0.615625 0.05078125 0.0734375
2 0.4 0.58515625 0.01875 0.03359375
2 0.3828125 0.5828125 0.0125 0.01796875
7 0.303125 0.4296875 0.00859375 0.040625
7 0.4171875 0.453125 0.0078125 0.03046875
7 0.325 0.5234375 0.00546875 0.01953125
7 0.50625 0.515625 0.0046875 0.028125
7 0.46484375 0.53515625 0.0109375 0.0125
7 0.4546875 0.5375 0.009375 0.0140625
8 0.21328125 0.4890625 0.021875 0.015625
8 0.5046875 0.48203125 0.021875 0.0140625
8 0.4625 0.49609375 0.01328125 0.009375
8 0.45859375 0.515625 0.01796875 0.00859375
8 0.7421875 0.38984375 0.0515625 0.121875
8 0.28125 0.51796875 0.01328125 0.0140625
5 0.69375 0.590625 0.0125 0.1140625
5 0.6703125 0.590625 0.01875 0.09296875
5 0.6546875 0.590625 0.01640625 0.103125