8 0.6390625 0.21328125 0.09453125 0.20390625
8 0.70625 0.5359375 0.01953125 0.03359375
8 0.1078125 0.609375 0.0171875 0.034375
2 0.2890625 0.63671875 0.11328125 0.0984375
2 0.453125 0.6125 0.0515625 0.0609375
2 0.5421875 0.59921875 0.03828125 0.05546875
2 0.6296875 0.5921875 0.03828125 0.04140625
8 0.61171875 0.565625 0.01875 0.028125
2 0.91015625 0.6265625 0.178125 0.18203125
2 0.409375 0.60546875 0.0359375 0.04296875
2 0.4828125 0.60234375 0.01953125 0.034375
2 0.49765625 0.590625 0.00703125 0.021875
2 0.5609375 0.578125 0.0109375 0.015625
2 0.575 0.57578125 0.0140625 0.0140625
10 0.51328125 0.5703125 0.02421875 0.0484375
2 0.625 0.5578125 0.0078125 0.0109375