7 0.45 0.278125 0.01328125 0.05390625
7 0.340625 0.46640625 0.009375 0.0234375
7 0.40078125 0.46484375 0.0078125 0.028125
7 0.6296875 0.42890625 0.01953125 0.03359375
7 0.4640625 0.27734375 0.009375 0.0375
7 0.5671875 0.440625 0.0109375 0.0234375
7 0.81875 0.39296875 0.01875 0.034375
8 0.1015625 0.47265625 0.0171875 0.01640625
8 0.1671875 0.47734375 0.01328125 0.02109375
8 0.02734375 0.45859375 0.025 0.02109375
8 0.0125 0.4375 0.01953125 0.01640625
8 0.0203125 0.4234375 0.015625 0.01640625
8 0.303125 0.4921875 0.0109375 0.01953125
8 0.4140625 0.48203125 0.01171875 0.01640625
8 0.7546875 0.334375 0.0359375 0.0265625
2 0.271875 0.52109375 0.02109375 0.0375
2 0.25 0.52109375 0.02734375 0.0375
2 0.4203125 0.50703125 0.009375 0.01953125
2 0.446875 0.509375 0.01328125 0.028125
2 0.36796875 0.5125 0.0234375 0.03046875
2 0.21875 0.528125 0.03828125 0.046875
2 0.32578125 0.55625 0.07890625 0.10859375
2 0.43203125 0.5109375 0.0171875 0.0234375
2 0.4609375 0.5125 0.0328125 0.04453125
2 0.053125 0.5640625 0.07890625 0.09140625
2 0.403125 0.503125 0.0109375 0.01640625
2 0.90390625 0.4984375 0.07265625 0.109375
2 0.8984375 0.63203125 0.203125 0.3109375