7 0.33515625 0.41953125 0.01640625 0.05390625
7 0.31953125 0.41640625 0.01328125 0.05
8 0.3 0.41875 0.028125 0.025
8 0.22578125 0.45703125 0.0234375 0.034375
7 0.2171875 0.503125 0.021875 0.040625
7 0.2140625 0.534375 0.015625 0.03046875
7 0.2015625 0.59921875 0.01953125 0.0265625
5 0.0671875 0.71328125 0.02265625 0.1125
5 0.04453125 0.71875 0.021875 0.10703125
1 0.359375 0.6578125 0.1484375 0.1359375
7 0.53984375 0.5890625 0.01015625 0.01640625
2 0.53359375 0.671875 0.03046875 0.04140625
2 0.42578125 0.68671875 0.06015625 0.08203125
2 0.49921875 0.6859375 0.04921875 0.06796875
2 0.6328125 0.66484375 0.040625 0.04453125
1 0.6875 0.653125 0.07578125 0.13359375
2 0.46640625 0.678125 0.03203125 0.05
2 0.5 0.6421875 0.03984375 0.0359375
2 0.540625 0.6265625 0.04765625 0.04140625