7 0.54609375 0.33125 0.0078125 0.0234375
7 0.390625 0.32734375 0.0078125 0.0265625
8 0.5890625 0.35234375 0.015625 0.0234375
8 0.615625 0.3859375 0.0109375 0.01640625
8 0.6671875 0.3453125 0.02109375 0.01953125
5 0.2640625 0.4171875 0.01484375 0.0375
5 0.35625 0.42734375 0.01171875 0.01953125
5 0.1484375 0.421875 0.0171875 0.0515625
5 0.1328125 0.421875 0.0171875 0.04140625
5 0.7 0.4375 0.01171875 0.03046875
5 0.9859375 0.440625 0.0234375 0.065625
2 0.40703125 0.43515625 0.01953125 0.02109375
2 0.3953125 0.4390625 0.015625 0.03359375
2 0.471875 0.43515625 0.01171875 0.02109375
2 0.528125 0.43359375 0.0265625 0.0265625
2 0.62578125 0.45390625 0.0484375 0.05859375
2 0.790625 0.4625 0.153125 0.159375
2 0.8921875 0.49140625 0.18359375 0.153125
6 0.790625 0.46328125 0.059375 0.153125
4 0.8109375 0.51875 0.11640625 0.165625
10 0.49140625 0.41875 0.01484375 0.02109375
6 0.08671875 0.4734375 0.06484375 0.2390625
0 0.0859375 0.54140625 0.07109375 0.19140625
5 0.0078125 0.41640625 0.01484375 0.06796875
2 0.37578125 0.4421875 0.034375 0.040625
2 0.440625 0.4609375 0.06328125 0.1015625
2 0.484375 0.43203125 0.01875 0.028125
2 0.66875 0.46328125 0.065625 0.0859375
10 0.5609375 0.4203125 0.05 0.0890625