7 0.390625 0.50078125 0.00546875 0.02109375
7 0.3703125 0.50703125 0.01171875 0.01796875
7 0.346875 0.4984375 0.01171875 0.015625
8 0.446875 0.52421875 0.01328125 0.0265625
8 0.41015625 0.50703125 0.01875 0.009375
8 0.2234375 0.45390625 0.01171875 0.01640625
8 0.5953125 0.46640625 0.03203125 0.0234375
8 0.60859375 0.42578125 0.02265625 0.01640625
2 0.0921875 0.5671875 0.08671875 0.084375
2 0.2453125 0.56171875 0.10546875 0.06796875
2 0.4265625 0.553125 0.03984375 0.028125
2 0.4375 0.57578125 0.03828125 0.040625
5 0.50625 0.56640625 0.015625 0.05390625
2 0.609375 0.60859375 0.11484375 0.14296875
2 0.6921875 0.63828125 0.18203125 0.178125
2 0.028125 0.56328125 0.05546875 0.1265625
2 0.853125 0.64140625 0.29296875 0.36796875