7 0.37890625 0.2953125 0.00703125 0.0265625
7 0.45703125 0.3109375 0.01171875 0.025
7 0.45625 0.34375 0.01015625 0.01640625
7 0.4078125 0.35078125 0.00859375 0.01796875
7 0.3734375 0.29296875 0.009375 0.02109375
8 0.509375 0.34140625 0.0125 0.0125
8 0.5015625 0.35703125 0.0125 0.0125
8 0.4890625 0.35859375 0.00859375 0.009375
8 0.29453125 0.309375 0.01484375 0.015625
8 0.378125 0.346875 0.0078125 0.0109375
2 0.55 0.4046875 0.034375 0.0375
2 0.5890625 0.41484375 0.059375 0.04609375
2 0.82578125 0.425 0.140625 0.103125
2 0.81328125 0.44296875 0.15703125 0.09296875
2 0.9828125 0.428125 0.034375 0.1390625
2 0.446875 0.403125 0.0328125 0.0625
5 0.5859375 0.43203125 0.0109375 0.0515625
5 0.5765625 0.43203125 0.01171875 0.05859375