5 0.83046875 0.5140625 0.08203125 0.46796875
5 0.70703125 0.5109375 0.12421875 0.496875
5 0.7546875 0.515625 0.08046875 0.3984375
8 0.515625 0.271875 0.03671875 0.0234375
8 0.39921875 0.2984375 0.02265625 0.0140625
7 0.0703125 0.31328125 0.01796875 0.04296875
7 0.396875 0.3328125 0.0125 0.028125
7 0.5390625 0.34765625 0.0265625 0.03203125
7 0.4109375 0.39921875 0.01640625 0.02890625
2 0.159375 0.490625 0.08046875 0.05
2 0.06171875 0.51171875 0.12109375 0.19609375
1 0.25625 0.45546875 0.0375 0.071875
2 0.2203125 0.478125 0.053125 0.08203125
2 0.3015625 0.47734375 0.01953125 0.03046875
5 0.1421875 0.49609375 0.0203125 0.06640625
5 0.33046875 0.47734375 0.01328125 0.065625
5 0.3421875 0.471875 0.0125 0.0640625
5 0.3625 0.49765625 0.03203125 0.15546875
5 0.359375 0.47109375 0.01484375 0.08046875
2 0.546875 0.46953125 0.02578125 0.04453125