7 0.509375 0.33984375 0.0078125 0.03046875
7 0.478125 0.35390625 0.0078125 0.01953125
7 0.453125 0.34296875 0.0078125 0.0234375
7 0.584375 0.353125 0.00546875 0.02109375
7 0.6109375 0.37421875 0.00703125 0.02109375
7 0.5484375 0.39296875 0.00703125 0.01640625
8 0.4734375 0.415625 0.0078125 0.02109375
8 0.39375 0.33359375 0.0109375 0.021875
8 0.3078125 0.29375 0.01484375 0.040625
8 0.78828125 0.5109375 0.05 0.0859375
2 0.2046875 0.44765625 0.109375 0.0984375
2 0.10625 0.45703125 0.15 0.1125
2 0.90859375 0.528125 0.18125 0.19453125
2 0.6421875 0.4484375 0.06796875 0.078125