2 0.88203125 0.47578125 0.23203125 0.21796875
2 0.325 0.47734375 0.015625 0.03046875
2 0.3109375 0.4734375 0.0078125 0.01953125
2 0.2984375 0.471875 0.01171875 0.01640625
2 0.2875 0.47421875 0.0109375 0.01640625
2 0.265625 0.48203125 0.02734375 0.034375
2 0.3609375 0.49296875 0.05234375 0.078125
2 0.2140625 0.49296875 0.034375 0.0390625
2 0.18671875 0.49296875 0.02265625 0.05390625
2 0.15 0.490625 0.05390625 0.071875
2 0.134375 0.5046875 0.03984375 0.05859375
2 0.103125 0.515625 0.05703125 0.07890625
2 0.05 0.51640625 0.07265625 0.10546875
2 0.0171875 0.5390625 0.02890625 0.1125
7 0.3515625 0.453125 0.009375 0.02109375
7 0.21953125 0.45546875 0.009375 0.02109375
7 0.3265625 0.39609375 0.00703125 0.025
7 0.278125 0.4125 0.009375 0.028125
7 0.403125 0.01875 0.015625 0.0375
7 0.5125 0.3609375 0.0171875 0.0375
7 0.5328125 0.35859375 0.015625 0.04140625
8 0.5 0.27890625 0.03828125 0.03359375
8 0.146875 0.44140625 0.01484375 0.01640625