2 0.37265625 0.60703125 0.021875 0.03203125
2 0.34765625 0.61328125 0.028125 0.040625
2 0.4609375 0.59765625 0.034375 0.05390625
2 0.42109375 0.5984375 0.03515625 0.046875
2 0.575 0.60078125 0.078125 0.1015625
2 0.4890625 0.5921875 0.01484375 0.025
2 0.525 0.59921875 0.0453125 0.0765625
2 0.27109375 0.634375 0.01875 0.02890625
2 0.2453125 0.63203125 0.03671875 0.04296875
2 0.2203125 0.64375 0.02421875 0.02890625
2 0.0890625 0.66640625 0.0515625 0.0875
2 0.1375 0.665625 0.078125 0.090625
2 0.028125 0.7 0.05625 0.065625
2 0.3921875 0.6078125 0.01875 0.01953125
8 0.61953125 0.265625 0.08203125 0.046875
7 0.72734375 0.278125 0.01796875 0.040625
7 0.528125 0.2390625 0.0265625 0.0875
8 0.7328125 0.384375 0.03515625 0.03203125
7 0.75625 0.446875 0.0203125 0.03359375
7 0.2984375 0.55546875 0.00703125 0.01796875
2 0.5109375 0.6046875 0.02421875 0.0515625
8 0.5046875 0.5234375 0.01875 0.015625
8 0.5109375 0.56328125 0.01328125 0.0234375
7 0.4859375 0.51953125 0.009375 0.0140625
7 0.4 0.53984375 0.00859375 0.01796875