8 0.4296875 0.57890625 0.00546875 0.0140625
8 0.446875 0.559375 0.00703125 0.015625
8 0.446875 0.571875 0.0078125 0.009375
8 0.46875 0.56015625 0.01015625 0.0140625
8 0.46875 0.54375 0.0140625 0.00703125
8 0.5515625 0.50859375 0.01171875 0.01640625
8 0.54453125 0.43671875 0.02421875 0.05390625
7 0.32421875 0.55546875 0.00546875 0.01953125
7 0.3765625 0.571875 0.00546875 0.0140625
7 0.403125 0.57109375 0.00546875 0.01640625
7 0.421875 0.53515625 0.00625 0.01796875
7 0.4453125 0.54453125 0.00546875 0.01796875
2 0.3953125 0.59609375 0.01484375 0.0234375
2 0.36875 0.6015625 0.01484375 0.025
2 0.3375 0.61796875 0.0265625 0.040625
2 0.4609375 0.60703125 0.04921875 0.07890625
2 0.528125 0.6171875 0.0828125 0.11796875
2 0.60078125 0.63125 0.1484375 0.19296875
2 0.290625 0.6328125 0.02578125 0.04140625
2 0.265625 0.640625 0.03046875 0.05859375
2 0.2265625 0.65078125 0.05859375 0.06953125
2 0.0359375 0.665625 0.071875 0.153125
2 0.8109375 0.68125 0.37734375 0.3765625