5 0.5078125 0.5875 0.01796875 0.06953125
2 0.53359375 0.590625 0.04140625 0.05390625
7 0.1296875 0.4328125 0.01484375 0.0609375
7 0.48125 0.4421875 0.021875 0.0484375
8 0.51875 0.43828125 0.0390625 0.0265625
8 0.3828125 0.5375 0.015625 0.0109375
7 0.3984375 0.5375 0.00859375 0.021875
7 0.47734375 0.5234375 0.0125 0.02109375
2 0.45625 0.578125 0.02421875 0.0359375
2 0.4046875 0.5859375 0.01328125 0.015625
7 0.1453125 0.428125 0.01640625 0.05390625
8 0.578125 0.4765625 0.01171875 0.0265625
7 0.11875 0.43359375 0.01328125 0.05
8 0.69765625 0.34140625 0.01640625 0.0390625