7 0.24453125 0.1734375 0.01484375 0.046875
7 0.51875 0.021875 0.0171875 0.04296875
7 0.4765625 0.425 0.00859375 0.025
7 0.2828125 0.4609375 0.01171875 0.021875
7 0.35234375 0.446875 0.00859375 0.025
7 0.40078125 0.440625 0.00859375 0.0265625
7 0.4140625 0.4625 0.00703125 0.01640625
7 0.4453125 0.44453125 0.009375 0.015625
7 0.4671875 0.46328125 0.00703125 0.015625
7 0.1890625 0.49296875 0.00703125 0.015625
7 0.5328125 0.4734375 0.00703125 0.01640625
7 0.4890625 0.4578125 0.00703125 0.015625
8 0.7421875 0.334375 0.0203125 0.03359375
2 0.50546875 0.49609375 0.01875 0.02890625
2 0.51796875 0.5015625 0.0234375 0.04453125
2 0.5359375 0.509375 0.02421875 0.05
2 0.553125 0.5125 0.03203125 0.05703125
2 0.575 0.51484375 0.03359375 0.059375
2 0.60546875 0.53046875 0.0703125 0.13203125
2 0.690625 0.553125 0.1296875 0.165625
2 0.30390625 0.51484375 0.0421875 0.03046875
2 0.20625 0.53203125 0.065625 0.028125
2 0.14765625 0.54140625 0.05390625 0.04453125
2 0.06796875 0.5421875 0.0421875 0.04296875
2 0.4390625 0.49140625 0.0234375 0.03203125
2 0.8578125 0.6046875 0.2828125 0.31640625
2 0.9390625 0.67265625 0.11640625 0.2875