2 0.12109375 0.47734375 0.08125 0.09140625
2 0.196875 0.47109375 0.0703125 0.053125
2 0.3515625 0.45 0.04921875 0.0359375
2 0.5265625 0.4578125 0.04296875 0.0640625
2 0.5734375 0.43828125 0.015625 0.0265625
2 0.584375 0.4421875 0.01796875 0.02109375
2 0.60625 0.4453125 0.025 0.0484375
2 0.6203125 0.45234375 0.0375 0.0609375
2 0.64375 0.45390625 0.03828125 0.0875
10 0.70625 0.47421875 0.13515625 0.15703125
7 0.553125 0.3984375 0.009375 0.015625
7 0.5796875 0.390625 0.01171875 0.015625
2 0.940625 0.625 0.115625 0.4125
2 0.4984375 0.4359375 0.01875 0.02109375