7 0.04375 0.19453125 0.03671875 0.053125
7 0.33125 0.42421875 0.0125 0.01796875
8 0.26796875 0.40546875 0.040625 0.0640625
8 0.428125 0.446875 0.0078125 0.01640625
8 0.3796875 0.44921875 0.0078125 0.0140625
5 0.134375 0.5703125 0.040625 0.15390625
2 0.35625 0.465625 0.0125 0.0125
2 0.346875 0.475 0.01171875 0.01796875
2 0.36875 0.46875 0.0203125 0.03359375
2 0.3875 0.478125 0.02265625 0.03046875
2 0.33203125 0.4796875 0.025 0.03046875
2 0.5265625 0.53984375 0.1359375 0.1765625
10 0.509375 0.44375 0.08671875 0.1109375