7 0.446875 0.4515625 0.00703125 0.021875
7 0.3125 0.43984375 0.00703125 0.028125
7 0.234375 0.490625 0.0078125 0.02109375
7 0.3671875 0.4890625 0.0046875 0.0125
2 0.33828125 0.53984375 0.03671875 0.05
2 0.2890625 0.54609375 0.0640625 0.0859375
2 0.10625 0.59140625 0.21171875 0.23203125
2 0.4140625 0.5640625 0.10703125 0.171875
2 0.6 0.5546875 0.1171875 0.1484375
2 0.75 0.565625 0.209375 0.19609375
8 0.7171875 0.3453125 0.03203125 0.07890625
8 0.4734375 0.459375 0.0234375 0.0109375
8 0.4578125 0.4578125 0.00859375 0.009375
8 0.4859375 0.47421875 0.009375 0.00859375
8 0.28125 0.44765625 0.03203125 0.0125
8 0.2359375 0.44140625 0.0109375 0.02109375