2 0.1078125 0.759375 0.215625 0.403125
2 0.94921875 0.86640625 0.09921875 0.259375
2 0.840625 0.70546875 0.3125 0.34296875
2 0.2078125 0.65234375 0.2953125 0.315625
2 0.3640625 0.6078125 0.10625 0.159375
2 0.415625 0.590625 0.0546875 0.1140625
2 0.44453125 0.584375 0.0375 0.0890625
2 0.4640625 0.57890625 0.028125 0.078125
2 0.484375 0.5671875 0.01953125 0.05390625
2 0.496875 0.559375 0.0171875 0.040625
2 0.65703125 0.603125 0.1359375 0.184375
2 0.5875 0.5828125 0.04609375 0.09609375
2 0.56875 0.575 0.0296875 0.075
2 0.553125 0.575 0.02265625 0.05546875
2 0.5453125 0.571875 0.01875 0.04453125
8 0.825 0.51796875 0.025 0.05546875