7 0.284375 0.196875 0.01171875 0.04609375
7 0.58515625 0.253125 0.0109375 0.034375
7 0.275 0.19296875 0.0078125 0.0390625
7 0.296875 0.19140625 0.01015625 0.05546875
7 0.37421875 0.2140625 0.0125 0.04609375
7 0.57890625 0.32734375 0.0078125 0.01953125
7 0.590625 0.32734375 0.00390625 0.015625
8 0.7203125 0.3671875 0.01171875 0.028125
8 0.5953125 0.36328125 0.00703125 0.034375
8 0.30234375 0.31796875 0.01328125 0.03203125
8 0.8109375 0.32109375 0.009375 0.021875
8 0.2328125 0.27265625 0.0203125 0.0125
2 0.790625 0.3921875 0.021875 0.0359375
2 0.8140625 0.39765625 0.04921875 0.04453125
2 0.759375 0.39765625 0.0453125 0.046875
2 0.7171875 0.3984375 0.02890625 0.03046875
2 0.696875 0.3984375 0.0125 0.01953125
2 0.6828125 0.3984375 0.0109375 0.01640625
2 0.66796875 0.40078125 0.0125 0.01953125
2 0.653125 0.3984375 0.015625 0.0234375
2 0.63515625 0.396875 0.0140625 0.01640625
2 0.6140625 0.39375 0.0171875 0.021875
2 0.590625 0.396875 0.01875 0.01953125
2 0.5609375 0.39921875 0.00859375 0.015625
2 0.5734375 0.396875 0.0125 0.0234375
2 0.546875 0.39609375 0.0140625 0.025
2 0.30625 0.35 0.01640625 0.021875
2 0.2859375 0.34453125 0.02265625 0.0234375
2 0.184375 0.34296875 0.01328125 0.021875
2 0.209375 0.35234375 0.04296875 0.04453125
2 0.11015625 0.45 0.2203125 0.24296875
2 0.41875 0.4953125 0.2984375 0.403125
2 0.90859375 0.44140625 0.1828125 0.43046875
2 0.075 0.2875 0.04140625 0.04609375