2 0.10703125 0.56484375 0.2140625 0.221875
2 0.2359375 0.46328125 0.053125 0.06953125
2 0.375 0.4921875 0.0828125 0.0984375
2 0.509375 0.49140625 0.0671875 0.1015625
2 0.4296875 0.47578125 0.04921875 0.05703125
2 0.459375 0.4625 0.03515625 0.04453125
2 0.27109375 0.440625 0.01640625 0.02890625
2 0.14375 0.43828125 0.0328125 0.03359375
7 0.165625 0.3796875 0.009375 0.0140625
7 0.25078125 0.38203125 0.00859375 0.015625
7 0.26796875 0.39140625 0.0078125 0.0140625
7 0.15234375 0.37734375 0.0078125 0.028125
7 0.309375 0.39140625 0.0046875 0.015625
8 0.2796875 0.38359375 0.01484375 0.00859375
8 0.43203125 0.409375 0.0171875 0.03359375
8 0.56875 0.4046875 0.01953125 0.0359375