2 0.9515625 0.54921875 0.0953125 0.13203125
2 0.1984375 0.5015625 0.19609375 0.1859375
2 0.2796875 0.47109375 0.115625 0.178125
2 0.34375 0.45859375 0.0453125 0.09140625
2 0.371875 0.44375 0.03125 0.05
2 0.709375 0.46796875 0.09609375 0.11953125
2 0.6578125 0.4578125 0.0859375 0.096875
2 0.60625 0.459375 0.04375 0.059375
8 0.365625 0.384375 0.0140625 0.0234375
2 0.490625 0.4375 0.0265625 0.03046875
8 0.47578125 0.38671875 0.01171875 0.009375
2 0.565625 0.4515625 0.0390625 0.04296875
2 0.5203125 0.44609375 0.03125 0.03203125
7 0.428125 0.38984375 0.00703125 0.01796875
2 0.4375 0.43125 0.0171875 0.02109375
8 0.278125 0.3515625 0.01328125 0.021875
2 0.39765625 0.42890625 0.01875 0.034375