2 0.40859375 0.52109375 0.01171875 0.025
2 0.3984375 0.52734375 0.0140625 0.028125
2 0.38828125 0.53046875 0.01328125 0.025
2 0.375 0.53203125 0.015625 0.028125
2 0.3609375 0.53203125 0.0171875 0.0375
2 0.4765625 0.51640625 0.015625 0.03046875
2 0.55078125 0.54296875 0.0328125 0.059375
2 0.3328125 0.534375 0.040625 0.0515625
2 0.178125 0.59375 0.11484375 0.1265625
2 0.5078125 0.5203125 0.040625 0.0515625
2 0.6140625 0.525 0.11953125 0.15390625
2 0.8484375 0.58984375 0.29765625 0.3109375
2 0.071875 0.553125 0.03125 0.08203125
8 0.2671875 0.35546875 0.06328125 0.0234375
8 0.56015625 0.42890625 0.01875 0.0125
7 0.334375 0.353125 0.02109375 0.046875
7 0.4703125 0.37578125 0.02109375 0.040625
7 0.1828125 0.4703125 0.02109375 0.03359375
7 0.515625 0.32421875 0.00546875 0.021875
7 0.6609375 0.425 0.00703125 0.01953125
7 0.5640625 0.4546875 0.01015625 0.02109375
7 0.4484375 0.490625 0.0078125 0.0109375