2 0.115625 0.38125 0.0765625 0.09140625
2 0.28203125 0.36875 0.0515625 0.025
2 0.3921875 0.37890625 0.04140625 0.03046875
8 0.36171875 0.32734375 0.01953125 0.034375
2 0.66015625 0.38984375 0.03359375 0.03203125
2 0.696875 0.38984375 0.03359375 0.02890625
8 0.6421875 0.28671875 0.01796875 0.03359375
7 0.3234375 0.23828125 0.0140625 0.02890625
7 0.2359375 0.225 0.0140625 0.04609375
7 0.25 0.21875 0.00703125 0.0359375
8 0.05625 0.33203125 0.01328125 0.01796875
8 0.9390625 0.19609375 0.11953125 0.1125
2 0.590625 0.3890625 0.034375 0.03203125
2 0.540625 0.38125 0.03515625 0.02890625
2 0.43125 0.38203125 0.02265625 0.0265625