7 0.7921875 0.15703125 0.02734375 0.1375
7 0.8125 0.3 0.02578125 0.04140625
8 0.721875 0.2 0.06015625 0.07890625
8 0.7296875 0.128125 0.065625 0.06640625
8 0.71875 0.0390625 0.096875 0.0390625
2 0.3828125 0.43359375 0.01640625 0.025
2 0.36875 0.4328125 0.01796875 0.028125
2 0.35703125 0.440625 0.02421875 0.0359375
2 0.340625 0.440625 0.02265625 0.02890625
2 0.315625 0.4421875 0.0375 0.05546875
2 0.2890625 0.4484375 0.0375 0.0640625
2 0.26484375 0.459375 0.04765625 0.05546875
2 0.209375 0.46171875 0.0875 0.09296875
2 0.096875 0.5359375 0.19296875 0.2390625
2 0.4734375 0.44296875 0.021875 0.03203125
2 0.49375 0.4390625 0.01953125 0.03203125
2 0.5078125 0.44453125 0.02890625 0.04296875
2 0.42890625 0.496875 0.09609375 0.1515625
2 0.6140625 0.4984375 0.11484375 0.13046875