7 0.4203125 0.30078125 0.01328125 0.05859375
7 0.559375 0.38046875 0.009375 0.05390625
7 0.56875 0.48515625 0.0140625 0.025
7 0.165625 0.421875 0.0078125 0.02890625
7 0.3640625 0.44765625 0.0046875 0.009375
7 0.3828125 0.44375 0.00546875 0.0140625
7 0.4375 0.5015625 0.00546875 0.009375
7 0.43125 0.459375 0.0046875 0.025
7 0.1125 0.50390625 0.01171875 0.01796875
7 0.15703125 0.421875 0.00859375 0.028125
7 0.434375 0.30078125 0.01171875 0.05
2 0.49609375 0.5828125 0.06015625 0.08203125
2 0.3953125 0.509375 0.01328125 0.021875
2 0.446875 0.5578125 0.0375 0.0484375
2 0.3921875 0.503125 0.0078125 0.015625
2 0.384375 0.490625 0.01171875 0.01640625
2 0.38125 0.48125 0.01015625 0.01640625
2 0.28359375 0.496875 0.01328125 0.01640625
2 0.290625 0.4921875 0.00703125 0.01640625
2 0.2234375 0.521875 0.02109375 0.0265625
2 0.325 0.48125 0.01015625 0.009375
8 0.725 0.4453125 0.021875 0.04140625
8 0.9828125 0.04296875 0.034375 0.08359375
8 0.978125 0.203125 0.0421875 0.06953125
8 0.9921875 0.2953125 0.015625 0.06640625
8 0.9859375 0.484375 0.0265625 0.128125
8 0.4953125 0.49609375 0.01484375 0.0359375
8 0.55859375 0.44921875 0.021875 0.0234375
2 0.3890625 0.496875 0.0109375 0.0140625
2 0.2546875 0.51015625 0.0421875 0.03359375