8 0.39375 0.46015625 0.01171875 0.0140625
8 0.4453125 0.46640625 0.00546875 0.021875
2 0.446875 0.50390625 0.021875 0.021875
2 0.465625 0.49921875 0.009375 0.04140625
2 0.47109375 0.5203125 0.01875 0.08359375
2 0.5609375 0.51015625 0.0125 0.04296875
2 0.59296875 0.5125 0.04921875 0.0640625
2 0.42734375 0.50546875 0.01484375 0.02890625
2 0.4046875 0.50234375 0.028125 0.034375
2 0.509375 0.5234375 0.0796875 0.11796875
5 0.55078125 0.534375 0.0140625 0.07890625
5 0.83984375 0.55234375 0.08125 0.40546875
8 0.35234375 0.490625 0.00625 0.0140625
2 0.3671875 0.49609375 0.01953125 0.021875
2 0.05 0.49921875 0.0984375 0.125
8 0.61875 0.10859375 0.01640625 0.05390625