7 0.44609375 0.375 0.00703125 0.025
7 0.421875 0.378125 0.0078125 0.021875
8 0.4703125 0.4015625 0.0078125 0.01640625
2 0.3890625 0.4234375 0.015625 0.025
2 0.37421875 0.43046875 0.01953125 0.028125
2 0.33203125 0.43046875 0.0359375 0.0484375
2 0.2984375 0.4390625 0.034375 0.05390625
2 0.26875 0.44140625 0.03125 0.065625
2 0.2328125 0.44296875 0.04765625 0.08359375
2 0.1796875 0.459375 0.08984375 0.09140625
2 0.4578125 0.4296875 0.015625 0.028125
2 0.48046875 0.43359375 0.025 0.05859375
2 0.49375 0.43984375 0.02734375 0.0609375
2 0.53125 0.45234375 0.07265625 0.09609375
2 0.4484375 0.428125 0.009375 0.015625
2 0.42890625 0.42578125 0.02109375 0.0140625