2 0.4453125 0.628125 0.02890625 0.04609375
2 0.41328125 0.63515625 0.05234375 0.09296875
2 0.609375 0.621875 0.0171875 0.02109375
2 0.5671875 0.64921875 0.05859375 0.08203125
2 0.21484375 0.596875 0.0546875 0.0640625
2 0.115625 0.715625 0.23046875 0.50703125
2 0.3421875 0.63828125 0.11796875 0.146875
2 0.4984375 0.66875 0.0984375 0.1390625
8 0.18046875 0.365625 0.040625 0.071875
8 0.18046875 0.4140625 0.04609375 0.02109375
8 0.5203125 0.521875 0.0109375 0.02109375
8 0.5515625 0.52421875 0.0109375 0.01953125
8 0.6359375 0.5578125 0.009375 0.01640625
8 0.5796875 0.53046875 0.0125 0.028125
7 0.365625 0.121875 0.025 0.071875
2 0.596875 0.63515625 0.0171875 0.04296875