2 0.5328125 0.4703125 0.015625 0.01640625
2 0.5296875 0.490625 0.025 0.03359375
2 0.56171875 0.490625 0.034375 0.04453125
2 0.621875 0.5109375 0.0390625 0.05546875
2 0.66484375 0.51328125 0.05390625 0.05859375
2 0.71328125 0.52109375 0.0609375 0.0640625
1 0.8 0.459375 0.103125 0.21953125
2 0.9796875 0.5875 0.0390625 0.103125
2 0.3078125 0.4875 0.0296875 0.0359375
2 0.2703125 0.496875 0.01796875 0.01640625
2 0.2515625 0.50078125 0.01796875 0.01640625
2 0.20703125 0.496875 0.0171875 0.01953125
2 0.18125 0.503125 0.021875 0.0234375
2 0.1484375 0.50703125 0.03203125 0.03203125
2 0.1046875 0.50078125 0.05625 0.05546875
2 0.04140625 0.503125 0.0578125 0.0625
2 0.37578125 0.48125 0.02421875 0.015625
2 0.40625 0.475 0.021875 0.01796875
2 0.42734375 0.4765625 0.015625 0.015625