7 0.99375 0.61015625 0.0109375 0.053125
7 0.6140625 0.50625 0.0234375 0.07890625
7 0.434375 0.48359375 0.01640625 0.0515625
7 0.4328125 0.55859375 0.01875 0.04140625
7 0.615625 0.6515625 0.009375 0.028125
7 0.4921875 0.66640625 0.0125 0.0265625
8 0.6734375 0.68359375 0.01796875 0.0265625
8 0.69453125 0.68359375 0.0125 0.00546875
8 0.64765625 0.6703125 0.03125 0.0109375
8 0.42265625 0.64140625 0.02578125 0.059375
8 0.446875 0.67890625 0.0140625 0.02109375
8 0.42265625 0.6875 0.01953125 0.03359375
8 0.26796875 0.65546875 0.0328125 0.0109375
7 0.2953125 0.646875 0.01484375 0.03359375
7 0.01640625 0.09296875 0.03125 0.18203125
2 0.38359375 0.75625 0.02421875 0.03359375
2 0.35625 0.759375 0.01875 0.025
2 0.165625 0.76953125 0.046875 0.0484375
2 0.1234375 0.77421875 0.03671875 0.0375
2 0.08515625 0.78125 0.04375 0.0484375
2 0.5578125 0.75 0.02265625 0.03203125
2 0.4796875 0.7578125 0.01953125 0.02109375
2 0.51328125 0.7578125 0.05 0.071875
2 0.59453125 0.75390625 0.02109375 0.0234375
2 0.7890625 0.7703125 0.059375 0.07109375
2 0.8578125 0.77265625 0.1 0.08203125
2 0.921875 0.784375 0.03671875 0.0640625
2 0.9640625 0.78359375 0.06796875 0.0765625
2 0.68046875 0.74765625 0.03125 0.028125
2 0.70859375 0.74921875 0.02734375 0.03359375