7 0.20625 0.359375 0.00625 0.0234375
7 0.3640625 0.328125 0.00859375 0.0265625
8 0.284375 0.36875 0.015625 0.0140625
8 0.38671875 0.33671875 0.01328125 0.03359375
5 0.59375 0.3890625 0.01640625 0.02890625
5 0.578125 0.396875 0.0171875 0.04609375
8 0.159375 0.309375 0.01875 0.046875
2 0.1015625 0.39921875 0.059375 0.059375
2 0.3140625 0.42109375 0.02109375 0.04453125
2 0.29375 0.41953125 0.03046875 0.06640625
2 0.26171875 0.446875 0.05390625 0.0859375
2 0.1859375 0.43984375 0.13203125 0.23203125
2 0.3859375 0.41875 0.02265625 0.034375
2 0.4140625 0.428125 0.03515625 0.06796875
2 0.41875 0.4390625 0.0234375 0.065625
2 0.446875 0.44453125 0.05234375 0.11640625
2 0.44921875 0.45 0.0484375 0.10546875
2 0.5125 0.46171875 0.1203125 0.15859375
2 0.34609375 0.446875 0.06953125 0.1015625
2 0.6515625 0.515625 0.2390625 0.2265625
2 0.0953125 0.57421875 0.190625 0.3984375
2 0.96015625 0.771875 0.0796875 0.328125