7 0.196875 0.4171875 0.03046875 0.08203125
7 0.2203125 0.4171875 0.0171875 0.06953125
7 0.7015625 0.55546875 0.01328125 0.02109375
7 0.66953125 0.69921875 0.009375 0.015625
7 0.6125 0.7015625 0.00859375 0.01640625
7 0.471875 0.68984375 0.00859375 0.01953125
7 0.4671875 0.709375 0.00625 0.0140625
7 0.6703125 0.71796875 0.0140625 0.009375
7 0.575 0.7234375 0.0046875 0.01640625
7 0.46328125 0.7296875 0.00625 0.0125
8 0.446875 0.684375 0.00625 0.01640625
8 0.4328125 0.69453125 0.015625 0.0109375
8 0.484375 0.74140625 0.0046875 0.0140625
5 0.2828125 0.759375 0.0140625 0.0515625
5 0.3125 0.753125 0.01171875 0.0640625
5 0.0234375 0.7640625 0.02421875 0.0765625
2 0.62265625 0.76015625 0.02734375 0.05546875
1 0.8296875 0.584375 0.33984375 0.525
2 0.1703125 0.759375 0.209375 0.1140625
2 0.559375 0.75078125 0.04140625 0.05546875
2 0.52421875 0.74921875 0.02578125 0.028125
2 0.49375 0.75703125 0.0171875 0.01796875
2 0.5859375 0.75 0.01484375 0.02890625
7 0.209375 0.6828125 0.00625 0.01640625
8 0.23125 0.62734375 0.0140625 0.034375
8 0.61796875 0.68671875 0.0078125 0.03203125