7 0.4890625 0.446875 0.00703125 0.0375
7 0.29453125 0.4828125 0.01171875 0.03359375
7 0.3875 0.51328125 0.0078125 0.02109375
7 0.43359375 0.5203125 0.009375 0.02109375
2 0.425 0.5890625 0.03203125 0.0484375
2 0.3546875 0.62109375 0.0625 0.0734375
2 0.21171875 0.6203125 0.15 0.13203125
2 0.06171875 0.66171875 0.1234375 0.1734375
2 0.47578125 0.584375 0.03515625 0.03359375
2 0.3859375 0.56484375 0.02265625 0.034375
2 0.5328125 0.61171875 0.0359375 0.07890625
2 0.5703125 0.6296875 0.0484375 0.065625
2 0.8484375 0.65078125 0.3015625 0.30703125
2 0.6703125 0.64296875 0.11328125 0.15546875
8 0.6109375 0.49921875 0.009375 0.02109375
7 0.63203125 0.5390625 0.01640625 0.02109375
8 0.515625 0.509375 0.0125 0.0125
7 0.515625 0.54453125 0.00859375 0.02109375
2 0.6046875 0.63125 0.059375 0.103125