7 0.3734375 0.378125 0.00703125 0.015625
7 0.34609375 0.38125 0.00703125 0.01640625
2 0.36796875 0.446875 0.02421875 0.040625
2 0.38359375 0.43984375 0.009375 0.046875
2 0.34453125 0.46015625 0.02109375 0.05546875
2 0.4453125 0.434375 0.01875 0.03359375
2 0.39375 0.428125 0.01328125 0.0234375
2 0.4203125 0.434375 0.015625 0.01953125
2 0.40390625 0.459375 0.03984375 0.059375
2 0.30078125 0.4578125 0.08359375 0.1
2 0.1 0.53125 0.19921875 0.4984375
8 0.196875 0.3171875 0.03359375 0.02890625
2 0.2296875 0.4046875 0.06328125 0.084375