7 0.403125 0.37890625 0.00546875 0.03203125
7 0.240625 0.37265625 0.00625 0.0234375
7 0.234375 0.40546875 0.00625 0.01953125
7 0.3515625 0.4390625 0.0046875 0.015625
7 0.3828125 0.4453125 0.00390625 0.01953125
7 0.375 0.46015625 0.00234375 0.02109375
2 0.3734375 0.48984375 0.01328125 0.03359375
2 0.3234375 0.496875 0.01328125 0.01953125
2 0.3484375 0.49296875 0.0328125 0.04453125
2 0.2984375 0.4921875 0.03359375 0.0265625
2 0.2703125 0.49375 0.03359375 0.04140625
10 0.18125 0.47890625 0.0921875 0.140625
2 0.4 0.4875 0.04375 0.065625
2 0.521875 0.50078125 0.10859375 0.15703125
7 0.47421875 0.4484375 0.009375 0.02109375
5 0.59375 0.49296875 0.02109375 0.078125
5 0.60546875 0.49453125 0.01328125 0.084375
5 0.6140625 0.47421875 0.0171875 0.1015625
2 0.63046875 0.47578125 0.02109375 0.0515625
5 0.67265625 0.4921875 0.02109375 0.1125
5 0.69609375 0.49296875 0.015625 0.09609375
5 0.715625 0.4828125 0.01953125 0.1125
5 0.73515625 0.47890625 0.025 0.1015625
10 0.0359375 0.5609375 0.071875 0.240625