7 0.4796875 0.4734375 0.009375 0.0375
7 0.4140625 0.490625 0.009375 0.03359375
7 0.3484375 0.47734375 0.0109375 0.03046875
7 0.3265625 0.45078125 0.01328125 0.03359375
8 0.3125 0.5140625 0.009375 0.01796875
2 0.23359375 0.54453125 0.0234375 0.03359375
2 0.2609375 0.5421875 0.03203125 0.03359375
2 0.2921875 0.55703125 0.03046875 0.040625
2 0.5375 0.5890625 0.01953125 0.03359375
2 0.5265625 0.6078125 0.03125 0.046875
2 0.3734375 0.58828125 0.09765625 0.159375
2 0.1171875 0.58203125 0.234375 0.2515625