2 0.490625 0.49140625 0.00625 0.0140625
2 0.5 0.496875 0.0125 0.02109375
2 0.51640625 0.49453125 0.02421875 0.04140625
2 0.38671875 0.50234375 0.01796875 0.0484375
2 0.36484375 0.51328125 0.034375 0.04609375
2 0.31328125 0.521875 0.05234375 0.084375
2 0.265625 0.5421875 0.08125 0.09453125
2 0.440625 0.53359375 0.090625 0.140625
2 0.7296875 0.5328125 0.13046875 0.146875
2 0.59921875 0.51796875 0.11640625 0.20703125
2 0.08125 0.66484375 0.16171875 0.44453125
8 0.234375 0.4453125 0.01796875 0.0375
8 0.3578125 0.46484375 0.00859375 0.025
8 0.409375 0.43671875 0.0171875 0.0125
8 0.38203125 0.453125 0.0109375 0.00859375
7 0.375 0.47734375 0.00859375 0.01953125
8 0.3921875 0.471875 0.00625 0.0265625
8 0.64765625 0.403125 0.0171875 0.0390625
7 0.55625 0.4546875 0.009375 0.021875
8 0.54140625 0.453125 0.009375 0.0265625
8 0.6890625 0.4 0.01484375 0.034375
8 0.2640625 0.43515625 0.0109375 0.028125
8 0.7875 0.1140625 0.05859375 0.0859375
8 0.9140625 0.0640625 0.04453125 0.128125
8 0.9375 0.19921875 0.0390625 0.0234375
8 0.9234375 0.2265625 0.01796875 0.021875
8 0.9171875 0.26484375 0.04921875 0.02890625
8 0.896875 0.18359375 0.0171875 0.03359375
7 0.94375 0.33203125 0.03203125 0.05
7 0.5015625 0.428125 0.01171875 0.02109375
7 0.434375 0.43203125 0.0078125 0.02109375
7 0.56015625 0.096875 0.025 0.05859375