2 0.45625 0.33515625 0.01875 0.0375
2 0.5171875 0.31953125 0.0078125 0.01953125
2 0.52890625 0.31953125 0.0078125 0.01953125
2 0.540625 0.32265625 0.0109375 0.01640625
2 0.55390625 0.340625 0.015625 0.03359375
2 0.56484375 0.3421875 0.01640625 0.03359375
2 0.5828125 0.353125 0.03203125 0.04453125
2 0.934375 0.5265625 0.13046875 0.309375
2 0.425 0.371875 0.06328125 0.09140625
6 0.5203125 0.346875 0.01875 0.0640625
3 0.525 0.3703125 0.025 0.06796875
2 0.49296875 0.33359375 0.02265625 0.03359375
2 0.6515625 0.3765625 0.07890625 0.096875
7 0.52578125 0.2875 0.009375 0.02109375
7 0.5046875 0.278125 0.009375 0.01953125
7 0.55078125 0.303125 0.00390625 0.0265625
8 0.5625 0.29296875 0.00625 0.01796875
8 0.4390625 0.303125 0.0046875 0.01953125
2 0.2703125 0.39765625 0.0265625 0.03046875
2 0.24375 0.39453125 0.03046875 0.04140625