2 0.0515625 0.5203125 0.10234375 0.28359375
7 0.2015625 0.378125 0.01484375 0.025
2 0.4640625 0.46953125 0.046875 0.0625
2 0.4203125 0.52578125 0.096875 0.1390625
2 0.5203125 0.50703125 0.12421875 0.2375
2 0.684375 0.53359375 0.30859375 0.38046875
2 0.28671875 0.58046875 0.18984375 0.25
8 0.43828125 0.303125 0.0484375 0.02890625
8 0.490625 0.26796875 0.02890625 0.05
8 0.4875 0.1796875 0.02265625 0.0484375
8 0.50546875 0.33046875 0.01640625 0.0140625
7 0.396875 0.31640625 0.01015625 0.025
7 0.484375 0.36796875 0.0125 0.0265625
5 0.8984375 0.459375 0.04765625 0.2109375
0 0.98515625 0.621875 0.0296875 0.15703125