7 0.546875 0.2671875 0.009375 0.04296875
7 0.47421875 0.265625 0.01484375 0.04296875
7 0.4421875 0.29453125 0.00859375 0.04140625
7 0.4328125 0.26328125 0.0125 0.0390625
7 0.3796875 0.0984375 0.0140625 0.06640625
7 0.2671875 0.096875 0.0140625 0.06953125
7 0.4859375 0.3734375 0.00625 0.0265625
8 0.7640625 0.209375 0.03203125 0.025
8 0.7640625 0.23515625 0.02890625 0.02109375
7 0.7609375 0.33125 0.0078125 0.0359375
8 0.53984375 0.39609375 0.00546875 0.01953125
8 0.721875 0.29921875 0.03984375 0.01640625
7 0.734375 0.35 0.02109375 0.03203125
2 0.52578125 0.440625 0.03203125 0.053125
2 0.43359375 0.44140625 0.03359375 0.053125
2 0.3734375 0.459375 0.08359375 0.09453125
2 0.4875 0.49609375 0.103125 0.153125
2 0.26328125 0.48359375 0.171875 0.20390625
2 0.103125 0.4859375 0.20546875 0.20546875
2 0.80390625 0.50859375 0.28203125 0.28046875
2 0.93515625 0.596875 0.12890625 0.315625