7 0.40078125 0.2859375 0.01015625 0.03203125
7 0.403125 0.44375 0.00859375 0.021875
7 0.47578125 0.446875 0.00546875 0.01796875
7 0.3453125 0.153125 0.01640625 0.05
7 0.44375 0.47109375 0.00546875 0.015625
7 0.43046875 0.478125 0.00546875 0.015625
7 0.4203125 0.48515625 0.00546875 0.015625
7 0.4140625 0.48515625 0.00546875 0.015625
7 0.0609375 0.2625 0.03359375 0.0765625
7 0.7375 0.25 0.01328125 0.0515625
7 0.71015625 0.25078125 0.0140625 0.059375
7 0.72421875 0.25390625 0.01171875 0.05546875
7 0.8984375 0.4546875 0.02109375 0.03046875
7 0.2671875 0.39921875 0.0046875 0.01640625
2 0.37109375 0.503125 0.01484375 0.01796875
2 0.265625 0.484375 0.12109375 0.084375
2 0.16875 0.509375 0.09140625 0.07890625
2 0.0328125 0.5125 0.03984375 0.04453125
2 0.44140625 0.50625 0.015625 0.02109375
2 0.421875 0.50546875 0.01171875 0.015625
8 0.915625 0.409375 0.01875 0.05
8 0.7875 0.4421875 0.02734375 0.01796875
8 0.6953125 0.44921875 0.02109375 0.025