2 0.31640625 0.46328125 0.06875 0.078125
2 0.37109375 0.4515625 0.03125 0.04140625
2 0.39375 0.45234375 0.0109375 0.028125
10 0.42265625 0.43671875 0.0171875 0.05859375
2 0.4375 0.43828125 0.01328125 0.0234375
7 0.38359375 0.37109375 0.009375 0.01953125
7 0.56484375 0.3765625 0.009375 0.02109375
7 0.5140625 0.375 0.00546875 0.0109375
2 0.46640625 0.44609375 0.0234375 0.03359375
2 0.50625 0.43984375 0.03203125 0.05
7 0.43984375 0.3703125 0.0046875 0.0140625
7 0.4296875 0.3953125 0.00546875 0.01640625
7 0.43828125 0.4109375 0.00625 0.01796875
8 0.5984375 0.34921875 0.00859375 0.028125
2 0.55390625 0.43984375 0.03671875 0.05546875
5 0.646875 0.44453125 0.009375 0.040625
8 0.7 0.3921875 0.01328125 0.02109375