7 0.3609375 0.37734375 0.01875 0.04453125
7 0.68046875 0.2421875 0.021875 0.03359375
7 0.821875 0.240625 0.025 0.0359375
7 0.0578125 0.11640625 0.0359375 0.0390625
7 0.203125 0.321875 0.01171875 0.04140625
7 0.3828125 0.3125 0.01875 0.02109375
7 0.1796875 0.4 0.0125 0.025
8 0.06953125 0.440625 0.040625 0.02890625
8 0.89375 0.45546875 0.00859375 0.01640625
8 0.915625 0.446875 0.00859375 0.01640625
8 0.9265625 0.4578125 0.0140625 0.0125
2 0.7609375 0.4796875 0.0328125 0.028125
2 0.8203125 0.49453125 0.0453125 0.07890625
2 0.8796875 0.5234375 0.1140625 0.115625
2 0.0578125 0.52109375 0.11484375 0.10859375
2 0.18046875 0.55703125 0.2125 0.22109375
8 0.1515625 0.378125 0.0796875 0.07109375