7 0.49765625 0.18984375 0.015625 0.07890625
7 0.2015625 0.25234375 0.01171875 0.05546875
7 0.515625 0.1890625 0.01171875 0.08203125
7 0.48125 0.196875 0.0125 0.065625
7 0.2140625 0.259375 0.0140625 0.059375
7 0.1890625 0.25625 0.01015625 0.05859375
8 0.703125 0.24609375 0.0828125 0.15546875
8 0.5828125 0.28125 0.0171875 0.05
8 0.5828125 0.36484375 0.01640625 0.03046875
8 0.5828125 0.4046875 0.028125 0.04609375
8 0.09140625 0.37578125 0.03125 0.05390625
2 0.76953125 0.53359375 0.11015625 0.05703125
2 0.38203125 0.63984375 0.36953125 0.403125
7 0.07421875 0.44453125 0.01171875 0.0234375
7 0.5953125 0.43359375 0.01640625 0.02890625
8 0.775 0.2890625 0.021875 0.021875