2 0.70546875 0.57421875 0.128125 0.1265625
2 0.4296875 0.51328125 0.01484375 0.0234375
2 0.109375 0.559375 0.08359375 0.08203125
2 0.175 0.54375 0.05390625 0.065625
2 0.2890625 0.5265625 0.040625 0.0609375
2 0.23125 0.51484375 0.065625 0.07109375
2 0.334375 0.51875 0.02734375 0.034375
2 0.6421875 0.5359375 0.07578125 0.09296875
2 0.59765625 0.52578125 0.06015625 0.0875
2 0.50859375 0.5015625 0.0296875 0.0484375
2 0.47265625 0.50546875 0.0265625 0.03359375
2 0.36875 0.5140625 0.02578125 0.01953125
7 0.459375 0.4796875 0.00546875 0.02109375
7 0.39375 0.48515625 0.009375 0.0234375
2 0.44765625 0.5046875 0.00625 0.00859375