7 0.54921875 0.53828125 0.00390625 0.01640625
7 0.5765625 0.53671875 0.0046875 0.0140625
8 0.6125 0.5359375 0.01171875 0.02890625
8 0.634375 0.52734375 0.009375 0.040625
8 0.67734375 0.509375 0.01953125 0.04140625
2 0.54296875 0.565625 0.00546875 0.01953125
2 0.5359375 0.5671875 0.01171875 0.025
2 0.53125 0.57734375 0.00859375 0.0265625
2 0.5875 0.56875 0.01171875 0.0234375
2 0.5953125 0.57578125 0.01875 0.04140625
2 0.609375 0.58046875 0.03203125 0.04140625
2 0.6421875 0.58515625 0.0203125 0.03203125
2 0.690625 0.596875 0.0984375 0.12109375
1 0.5125 0.55859375 0.03046875 0.0859375
2 0.509375 0.57734375 0.0203125 0.0625
1 0.4625 0.559375 0.078125 0.140625
2 0.03125 0.60078125 0.0625 0.13359375
8 0.95078125 0.4234375 0.03046875 0.021875
2 0.625 0.58359375 0.025 0.0359375