8 0.9578125 0.496875 0.0265625 0.0484375
8 0.98125 0.303125 0.0328125 0.14140625
8 0.31875 0.4265625 0.025 0.04140625
8 0.628125 0.48046875 0.01640625 0.015625
8 0.6265625 0.515625 0.01796875 0.028125
7 0.12265625 0.44921875 0.01640625 0.0109375
7 0.3546875 0.5 0.01015625 0.015625
7 0.5546875 0.47109375 0.00859375 0.021875
7 0.3625 0.51953125 0.0109375 0.0140625
7 0.578125 0.53125 0.0078125 0.0140625
2 0.5671875 0.56796875 0.01875 0.0390625
2 0.5390625 0.56875 0.034375 0.040625
2 0.51796875 0.57421875 0.015625 0.0234375
2 0.4546875 0.621875 0.1375 0.1890625
2 0.334375 0.58828125 0.0953125 0.1390625
5 0.2484375 0.5609375 0.02421875 0.1
5 0.5984375 0.56328125 0.0109375 0.040625
7 0.6265625 0.546875 0.01328125 0.025