7 0.46875 0.29453125 0.01328125 0.0234375
7 0.5203125 0.3 0.01171875 0.02109375
8 0.525 0.340625 0.01640625 0.00859375
8 0.51015625 0.3703125 0.00859375 0.01796875
2 0.12734375 0.40703125 0.05390625 0.05703125
2 0.1828125 0.41171875 0.04296875 0.0484375
2 0.24296875 0.40546875 0.040625 0.02890625
2 0.278125 0.403125 0.02109375 0.0234375
2 0.29453125 0.4015625 0.01015625 0.0234375
2 0.32109375 0.403125 0.01484375 0.0109375
2 0.3375 0.403125 0.009375 0.009375
2 0.35 0.4015625 0.009375 0.0109375
2 0.3609375 0.4015625 0.009375 0.009375
2 0.3875 0.40234375 0.0109375 0.00859375
2 0.3984375 0.39921875 0.009375 0.015625
2 0.4125 0.403125 0.01171875 0.01640625
2 0.421875 0.40859375 0.0125 0.01796875
2 0.4453125 0.4265625 0.0453125 0.05859375
2 0.4921875 0.42578125 0.0453125 0.05703125
2 0.5609375 0.44453125 0.0609375 0.084375
2 0.60703125 0.45625 0.0875 0.11640625
2 0.6875 0.46953125 0.12109375 0.159375
2 0.8203125 0.5234375 0.1828125 0.16953125
2 0.925 0.5859375 0.14921875 0.16953125
7 0.41015625 0.35859375 0.00859375 0.015625
7 0.3421875 0.35703125 0.0078125 0.01796875
8 0.30078125 0.35078125 0.015625 0.0125
7 0.609375 0.35546875 0.0046875 0.01640625