7 0.49609375 0.090625 0.025 0.103125
7 0.678125 0.396875 0.0171875 0.03203125
7 0.440625 0.42578125 0.01015625 0.025
7 0.64375 0.39453125 0.00859375 0.025
7 0.465625 0.10078125 0.02265625 0.0859375
8 0.6515625 0.32734375 0.04453125 0.01953125
8 0.6671875 0.28125 0.0296875 0.02109375
8 0.65 0.2 0.025 0.059375
2 0.3671875 0.49296875 0.009375 0.0125
2 0.3453125 0.484375 0.01328125 0.02109375
2 0.3328125 0.48828125 0.015625 0.025
2 0.24375 0.5109375 0.02109375 0.0359375
2 0.2140625 0.51484375 0.0515625 0.053125
2 0.08515625 0.54453125 0.1078125 0.09296875
2 0.384375 0.48828125 0.009375 0.01640625
2 0.39140625 0.490625 0.009375 0.01796875
2 0.4015625 0.4921875 0.01015625 0.02109375
2 0.4125 0.4953125 0.01484375 0.01953125
2 0.4546875 0.49921875 0.0578125 0.07109375
2 0.47578125 0.52265625 0.0359375 0.07109375
2 0.5390625 0.51796875 0.10625 0.1390625
8 0.309375 0.45 0.00546875 0.015625
8 0.41953125 0.45390625 0.00546875 0.0109375