8 0.44375 0.34375 0.01328125 0.0140625
2 0.5875 0.378125 0.0125 0.01640625
2 0.5671875 0.37421875 0.01953125 0.01640625
2 0.54375 0.37890625 0.009375 0.0140625
2 0.53125 0.38125 0.0140625 0.021875
2 0.509375 0.39375 0.0296875 0.02890625
2 0.384375 0.4078125 0.059375 0.078125
5 0.184375 0.4296875 0.03125 0.134375
2 0.234375 0.42421875 0.153125 0.121875
2 0.6265625 0.38828125 0.01953125 0.03359375
2 0.6390625 0.4015625 0.02109375 0.02890625
2 0.7359375 0.4203125 0.0453125 0.05546875
2 0.68515625 0.4171875 0.0609375 0.065625
2 0.7984375 0.459375 0.12734375 0.16640625
2 0.90546875 0.5140625 0.1890625 0.225
2 0.96171875 0.60078125 0.0765625 0.20859375
2 0.60625 0.38046875 0.025 0.01953125
2 0.44140625 0.409375 0.0421875 0.0484375