7 0.5046875 0.3484375 0.0046875 0.00703125
7 0.4015625 0.35625 0.0046875 0.009375
7 0.36171875 0.403125 0.0046875 0.0109375
8 0.68046875 0.259375 0.025 0.01953125
8 0.66328125 0.22734375 0.0328125 0.01953125
2 0.5765625 0.44140625 0.0703125 0.10859375
2 0.3328125 0.428125 0.0421875 0.0515625
2 0.2890625 0.428125 0.04296875 0.059375
2 0.24375 0.43828125 0.065625 0.07109375
2 0.18671875 0.459375 0.08515625 0.07890625
2 0.4546875 0.53984375 0.23984375 0.33359375
2 0.0640625 0.51171875 0.128125 0.459375
2 0.9796875 0.4546875 0.040625 0.103125