8 0.7671875 0.2703125 0.0578125 0.134375
2 0.05 0.55546875 0.1 0.26796875
5 0.125 0.49453125 0.0171875 0.08359375
2 0.2453125 0.53125 0.11953125 0.1125
2 0.478125 0.490625 0.03046875 0.04609375
2 0.528125 0.490625 0.02890625 0.071875
2 0.50625 0.48671875 0.0140625 0.015625
2 0.4953125 0.48984375 0.009375 0.028125
2 0.6203125 0.528125 0.1875 0.2984375
2 0.41875 0.528125 0.09765625 0.125
5 0.103125 0.47734375 0.01484375 0.0515625
7 0.4484375 0.38203125 0.00703125 0.015625
7 0.5 0.38125 0.01015625 0.01953125
7 0.36640625 0.453125 0.0046875 0.009375
5 0.73125 0.5046875 0.02265625 0.125
7 0.3171875 0.390625 0.00703125 0.025
2 0.45390625 0.484375 0.01015625 0.0265625