7 0.49453125 0.41796875 0.0046875 0.009375
7 0.52578125 0.403125 0.003125 0.00703125
7 0.55234375 0.41484375 0.003125 0.00546875
8 0.3703125 0.38515625 0.0140625 0.0265625
8 0.4265625 0.39609375 0.00859375 0.015625
8 0.4515625 0.41875 0.00625 0.00859375
8 0.515625 0.4171875 0.00703125 0.00859375
8 0.5625 0.3875 0.00859375 0.01796875
8 0.5625 0.403125 0.00546875 0.009375
8 0.41953125 0.33515625 0.00703125 0.009375
8 0.43515625 0.353125 0.00546875 0.0140625
2 0.85859375 0.58203125 0.2828125 0.3109375
8 0.0375 0.16171875 0.059375 0.0984375