2 0.20546875 0.353125 0.01640625 0.01640625
2 0.17421875 0.353125 0.0109375 0.01953125
2 0.15078125 0.35703125 0.0265625 0.028125
2 0.184375 0.35859375 0.02109375 0.0234375
2 0.21953125 0.353125 0.01328125 0.02109375
2 0.28984375 0.3703125 0.0484375 0.059375
2 0.2546875 0.353125 0.01796875 0.01953125
2 0.32109375 0.359375 0.01953125 0.01953125
2 0.33984375 0.3578125 0.0109375 0.015625
2 0.3734375 0.3578125 0.01796875 0.021875
2 0.35625 0.3578125 0.01875 0.03046875
2 0.4046875 0.36328125 0.03515625 0.0484375
2 0.44921875 0.36328125 0.01640625 0.02109375
2 0.459375 0.3609375 0.01328125 0.01640625
2 0.4875 0.36640625 0.01875 0.02109375
2 0.50234375 0.3671875 0.0125 0.01796875
2 0.5171875 0.36875 0.0140625 0.021875
2 0.53046875 0.371875 0.01484375 0.02109375
2 0.54453125 0.37265625 0.0125 0.01796875
2 0.57890625 0.371875 0.01796875 0.028125
2 0.559375 0.371875 0.021875 0.02109375
2 0.6203125 0.37265625 0.06796875 0.05703125
2 0.6546875 0.3671875 0.0203125 0.04609375
2 0.68828125 0.36796875 0.028125 0.04453125
2 0.7296875 0.378125 0.05859375 0.0515625
2 0.8234375 0.384375 0.109375 0.078125
2 0.9234375 0.3875 0.09296875 0.05390625
2 0.99296875 0.4 0.0125 0.04296875
8 0.7703125 0.365625 0.00859375 0.0109375
2 0.23125 0.35390625 0.01171875 0.02109375
7 0.1578125 0.3125 0.00546875 0.00859375
7 0.18359375 0.31484375 0.00546875 0.00859375
7 0.23046875 0.315625 0.0046875 0.00859375
7 0.20625 0.31640625 0.00390625 0.00859375
7 0.2546875 0.315625 0.00625 0.00859375
7 0.47265625 0.3234375 0.00390625 0.00703125
7 0.453125 0.3234375 0.00390625 0.00390625
7 0.4328125 0.32265625 0.00390625 0.00546875
7 0.4125 0.321875 0.00546875 0.00546875
7 0.39375 0.321875 0.00390625 0.00546875
7 0.2734375 0.3171875 0.00390625 0.00546875
7 0.296875 0.31796875 0.00390625 0.00703125
7 0.35625 0.3203125 0.00390625 0.00546875
7 0.3171875 0.31875 0.00390625 0.00546875
2 0.67109375 0.378125 0.015625 0.025
10 0.5890625 0.3453125 0.05078125 0.0390625
2 0.47265625 0.36171875 0.01015625 0.01640625
2 0.4375 0.359375 0.00625 0.0140625