5 0.83125 0.56171875 0.0578125 0.2140625
8 0.5484375 0.43828125 0.0125 0.025
7 0.48125 0.453125 0.00703125 0.0125
7 0.4359375 0.465625 0.00546875 0.00859375
5 0.3421875 0.5171875 0.0171875 0.07890625
2 0.45234375 0.503125 0.0125 0.02890625
2 0.428125 0.5078125 0.025 0.0390625
2 0.440625 0.50390625 0.01640625 0.034375
2 0.471875 0.503125 0.01328125 0.01953125
2 0.0953125 0.7953125 0.1890625 0.28203125
8 0.721875 0.38046875 0.0328125 0.065625
8 0.3375 0.3875 0.028125 0.0484375
2 0.45 0.50859375 0.00625 0.0234375