7 0.4546875 0.4859375 0.009375 0.0234375
7 0.3734375 0.46484375 0.01171875 0.03046875
7 0.38203125 0.465625 0.0046875 0.025
7 0.753125 0.52109375 0.01015625 0.025
7 0.828125 0.51171875 0.0203125 0.02890625
7 0.79296875 0.4015625 0.0109375 0.0359375
7 0.8171875 0.3875 0.0125 0.04609375
8 0.38359375 0.36875 0.03203125 0.02109375
8 0.44140625 0.48203125 0.01484375 0.02890625
8 0.7671875 0.496875 0.01875 0.03203125
8 0.765625 0.46953125 0.00703125 0.0140625
7 0.4359375 0.38359375 0.00546875 0.03203125
8 0.4078125 0.38515625 0.0109375 0.0265625
2 0.44296875 0.5515625 0.05 0.0640625
2 0.41875 0.6125 0.0953125 0.175
2 0.203125 0.615625 0.40390625 0.484375
2 0.70390625 0.60625 0.0359375 0.0734375
2 0.753125 0.665625 0.13515625 0.20546875
2 0.87265625 0.7453125 0.2546875 0.48125
2 0.5765625 0.540625 0.22578125 0.51640625