7 0.45234375 0.18671875 0.0109375 0.05390625
7 0.5640625 0.215625 0.01015625 0.040625
7 0.4609375 0.1890625 0.00625 0.05
7 0.578125 0.2125 0.01015625 0.040625
7 0.39765625 0.36796875 0.0125 0.02109375
7 0.6859375 0.35546875 0.01015625 0.01796875
7 0.7796875 0.3078125 0.01328125 0.03203125
7 0.2359375 0.3 0.02109375 0.034375
7 0.525 0.36640625 0.00703125 0.0125
7 0.55625 0.37109375 0.0046875 0.009375
2 0.44765625 0.4453125 0.0234375 0.05546875
2 0.5578125 0.4359375 0.021875 0.0390625
2 0.5828125 0.4296875 0.01875 0.0390625
2 0.59140625 0.4359375 0.01796875 0.0359375
2 0.6140625 0.43984375 0.046875 0.059375
8 0.2609375 0.25625 0.04140625 0.02890625
8 0.66953125 0.33671875 0.0203125 0.0125
8 0.6796875 0.309375 0.01796875 0.00859375
2 0.2765625 0.4921875 0.15078125 0.16796875
2 0.79921875 0.4875 0.17890625 0.1859375
2 0.4953125 0.46875 0.11171875 0.146875
2 0.91171875 0.55703125 0.1765625 0.3515625
2 0.12578125 0.51796875 0.2515625 0.3640625
8 0.26328125 0.225 0.01640625 0.034375
8 0.84296875 0.25 0.02421875 0.05859375
8 0.93125 0.28046875 0.03203125 0.0265625
7 0.67421875 0.35625 0.00859375 0.01796875
7 0.809375 0.303125 0.0203125 0.03359375