7 0.509375 0.3046875 0.00625 0.0125
7 0.4046875 0.32109375 0.00390625 0.00859375
7 0.4125 0.35546875 0.0046875 0.00859375
7 0.4375 0.33828125 0.0046875 0.009375
8 0.43515625 0.3609375 0.00390625 0.009375
8 0.53828125 0.3015625 0.01171875 0.0140625
8 0.93359375 0.12109375 0.06015625 0.146875
2 0.5125 0.39140625 0.03984375 0.04453125
2 0.446875 0.3875 0.01875 0.046875
2 0.428125 0.38984375 0.021875 0.034375
2 0.40625 0.3953125 0.025 0.03203125
2 0.47265625 0.39296875 0.0453125 0.075
10 0.5609375 0.365625 0.0609375 0.12109375
2 0.2578125 0.428125 0.2625 0.35390625
2 0.753125 0.43203125 0.17890625 0.196875
5 0.596875 0.38203125 0.00859375 0.046875
2 0.053125 0.4546875 0.10625 0.2140625