2 0.375 0.45234375 0.01171875 0.0125
2 0.36015625 0.46328125 0.0234375 0.0375
2 0.3390625 0.46875 0.01875 0.0375
2 0.50859375 0.471875 0.02890625 0.0640625
2 0.54375 0.4875 0.06015625 0.109375
2 0.56953125 0.50390625 0.09609375 0.128125
2 0.4234375 0.496875 0.1 0.153125
10 0.4453125 0.42734375 0.0671875 0.1484375
2 0.31328125 0.4671875 0.03828125 0.0515625
10 0.1109375 0.434375 0.221875 0.45703125
2 0.83359375 0.60078125 0.33046875 0.59453125
7 0.5328125 0.42421875 0.00546875 0.0109375
7 0.496875 0.39921875 0.00703125 0.0125
7 0.484375 0.4140625 0.00390625 0.00859375
8 0.359375 0.4171875 0.00546875 0.0125
2 0.3484375 0.46796875 0.0078125 0.025
7 0.409375 0.39296875 0.00390625 0.0125
7 0.40625 0.39375 0.00234375 0.00859375