8 0.4453125 0.378125 0.02109375 0.02890625
8 0.6015625 0.390625 0.0484375 0.040625
8 0.5546875 0.37890625 0.01796875 0.0234375
2 0.8109375 0.5109375 0.04453125 0.0375
2 0.94375 0.5390625 0.0859375 0.0390625
2 0.58984375 0.446875 0.01796875 0.01640625
2 0.44765625 0.4234375 0.00390625 0.00546875
2 0.4328125 0.42578125 0.0078125 0.00703125
2 0.4265625 0.42578125 0.01015625 0.00703125
2 0.415625 0.42578125 0.0078125 0.00703125
2 0.3984375 0.434375 0.009375 0.00859375
2 0.3875 0.43828125 0.00625 0.0125
2 0.3734375 0.4421875 0.0171875 0.015625
2 0.35625 0.44375 0.0140625 0.021875
2 0.334375 0.43984375 0.015625 0.028125
2 0.2796875 0.43515625 0.02578125 0.03046875
2 0.3078125 0.446875 0.03046875 0.03046875
2 0.18125 0.4203125 0.128125 0.075
2 0.4265625 0.48671875 0.07890625 0.11640625
2 0.6625 0.5640625 0.2109375 0.25390625
10 0.49609375 0.4375 0.08046875 0.159375
2 0.7734375 0.52734375 0.0328125 0.12890625
2 0.546875 0.446875 0.00625 0.00546875
2 0.4375 0.425 0.003125 0.009375