8 0.9109375 0.32421875 0.0234375 0.04140625
8 0.6546875 0.4296875 0.02578125 0.04609375
8 0.59375 0.403125 0.02109375 0.0265625
8 0.615625 0.465625 0.0078125 0.0109375
8 0.5484375 0.4140625 0.01640625 0.0140625
8 0.5265625 0.396875 0.01640625 0.0234375
8 0.4765625 0.496875 0.01015625 0.01953125
8 0.4625 0.4921875 0.01484375 0.03203125
8 0.0796875 0.42734375 0.034375 0.05
8 0.909375 0.390625 0.028125 0.05703125
7 0.51875 0.37421875 0.0109375 0.034375
7 0.5109375 0.37578125 0.0046875 0.00859375
2 0.41953125 0.55703125 0.01796875 0.0265625
2 0.44375 0.553125 0.02734375 0.0359375
2 0.51796875 0.55546875 0.0265625 0.03359375
2 0.559375 0.5515625 0.05390625 0.04453125
2 0.61953125 0.55 0.0671875 0.04609375
2 0.8 0.54921875 0.1015625 0.071875
2 0.121875 0.56015625 0.05 0.05
2 0.0734375 0.5625 0.0796875 0.06796875
2 0.03671875 0.565625 0.0734375 0.096875
10 0.415625 0.546875 0.02421875 0.0484375
2 0.25546875 0.5484375 0.19140625 0.26796875
7 0.3140625 0.42578125 0.01015625 0.01640625
7 0.3828125 0.43125 0.00703125 0.0140625
7 0.5484375 0.465625 0.0125 0.01796875
8 0.49609375 0.5046875 0.00703125 0.015625
8 0.49453125 0.4671875 0.01015625 0.009375