7 0.390625 0.459375 0.00625 0.0109375
7 0.40390625 0.503125 0.00390625 0.00859375
7 0.42421875 0.503125 0.0046875 0.00859375
8 0.54296875 0.45390625 0.0171875 0.034375
8 0.375 0.4703125 0.0203125 0.00859375
2 0.4375 0.528125 0.015625 0.01796875
2 0.41484375 0.52734375 0.0078125 0.009375
2 0.35 0.53515625 0.02890625 0.06953125
2 0.328125 0.54296875 0.040625 0.096875
2 0.3015625 0.546875 0.03671875 0.11796875
2 0.253125 0.5515625 0.07734375 0.17890625
2 0.1234375 0.5921875 0.246875 0.3109375
2 0.459375 0.53515625 0.02265625 0.0515625
2 0.496875 0.54296875 0.06171875 0.0875
2 0.39765625 0.534375 0.0140625 0.021875
5 0.3703125 0.53203125 0.0125 0.05390625