7 0.5140625 0.296875 0.00703125 0.0125
7 0.503125 0.328125 0.00390625 0.00546875
7 0.4859375 0.346875 0.0046875 0.00859375
7 0.4453125 0.3390625 0.003125 0.00703125
7 0.40546875 0.271875 0.0078125 0.02109375
7 0.325 0.24296875 0.0078125 0.01953125
8 0.5859375 0.2703125 0.0109375 0.01640625
8 0.54375 0.32265625 0.00625 0.0109375
8 0.725 0.23671875 0.021875 0.03046875
8 0.6265625 0.29296875 0.015625 0.0109375
7 0.453125 0.321875 0.00390625 0.00703125
7 0.63125 0.353125 0.01015625 0.0140625
2 0.5078125 0.375 0.01171875 0.01640625
2 0.5171875 0.37578125 0.01171875 0.01796875
2 0.5265625 0.3859375 0.01015625 0.015625
2 0.475 0.3671875 0.01328125 0.01953125
2 0.4453125 0.365625 0.00859375 0.0140625
2 0.434375 0.36328125 0.0125 0.01796875
2 0.39921875 0.359375 0.0078125 0.0140625
2 0.3859375 0.359375 0.01484375 0.028125
2 0.45625 0.36953125 0.01796875 0.0234375
2 0.4921875 0.37890625 0.0234375 0.034375
2 0.55546875 0.39921875 0.0515625 0.0875
2 0.334375 0.36484375 0.1046875 0.16640625
10 0.4171875 0.35078125 0.028125 0.0515625
7 0.5875 0.353125 0.0046875 0.00703125
2 0.52109375 0.38125 0.00703125 0.0140625
5 0.5453125 0.36484375 0.00625 0.0140625