7 0.4 0.33359375 0.0078125 0.0125
7 0.4734375 0.3359375 0.00625 0.0140625
7 0.490625 0.39140625 0.003125 0.009375
7 0.9109375 0.390625 0.01015625 0.0140625
8 0.39375 0.35625 0.03203125 0.02890625
8 0.484375 0.3671875 0.01015625 0.00859375
2 0.52421875 0.4296875 0.05703125 0.03046875
2 0.4609375 0.4328125 0.03984375 0.0625
2 0.46015625 0.44765625 0.03203125 0.06796875
2 0.4296875 0.4625 0.059375 0.109375
2 0.3390625 0.39765625 0.08671875 0.02890625
2 0.3015625 0.55625 0.23515625 0.3140625
2 0.8640625 0.4234375 0.059375 0.04296875
2 0.6234375 0.421875 0.03828125 0.028125
2 0.396875 0.42109375 0.0171875 0.0234375