2 0.25 0.51015625 0.08984375 0.0875
2 0.5640625 0.48984375 0.02109375 0.04140625
2 0.57734375 0.490625 0.02265625 0.040625
2 0.6046875 0.49375 0.03359375 0.0484375
2 0.6375 0.5109375 0.05078125 0.07109375
2 0.7 0.51875 0.1171875 0.12109375
2 0.76328125 0.5546875 0.14140625 0.14296875
2 0.353125 0.496875 0.0515625 0.05546875
2 0.1375 0.53125 0.13515625 0.14609375
10 0.9 0.58984375 0.196875 0.29609375
2 0.4046875 0.48671875 0.059375 0.053125
2 0.4421875 0.47890625 0.01640625 0.021875
2 0.4609375 0.46796875 0.01640625 0.01640625
2 0.6109375 0.5046875 0.02421875 0.046875