2 0.0640625 0.540625 0.12734375 0.32890625
2 0.1140625 0.4546875 0.22734375 0.2359375
2 0.2390625 0.465625 0.059375 0.12109375
2 0.259375 0.44296875 0.07734375 0.109375
2 0.2875 0.43125 0.03984375 0.09453125
2 0.228125 0.37578125 0.05546875 0.03046875
2 0.44453125 0.4265625 0.02734375 0.065625
2 0.4640625 0.43046875 0.0390625 0.090625
2 0.50546875 0.4390625 0.07421875 0.11796875
2 0.5671875 0.471875 0.11875 0.140625
2 0.7484375 0.5703125 0.5 0.56953125
8 0.60625 0.26875 0.01484375 0.025
8 0.596875 0.30078125 0.009375 0.04140625
7 0.4921875 0.2875 0.00625 0.0125
7 0.3171875 0.290625 0.00703125 0.0125
8 0.2734375 0.265625 0.0078125 0.0234375
7 0.50703125 0.32890625 0.00390625 0.009375
7 0.271875 0.340625 0.00546875 0.00859375
2 0.353125 0.3765625 0.02109375 0.03203125
2 0.3796875 0.37890625 0.0296875 0.04296875
2 0.403125 0.37578125 0.01484375 0.0140625
2 0.428125 0.3734375 0.021875 0.034375
7 0.321875 0.28359375 0.00546875 0.01640625
8 0.496875 0.3078125 0.01171875 0.00859375
8 0.278125 0.31640625 0.0109375 0.00859375
3 0.4265625 0.3890625 0.00859375 0.01953125
6 0.4265625 0.36484375 0.0140625 0.025