2 0.8625 0.5375 0.1546875 0.1125
2 0.53671875 0.52421875 0.04296875 0.0640625
2 0.28515625 0.52421875 0.05234375 0.0390625
2 0.49296875 0.515625 0.0234375 0.0265625
2 0.475 0.509375 0.00625 0.015625
2 0.4515625 0.503125 0.0078125 0.0109375
2 0.3140625 0.50546875 0.0375 0.05546875
2 0.3953125 0.50546875 0.01953125 0.01796875
7 0.41875 0.4875 0.003125 0.00703125
2 0.33828125 0.5125 0.015625 0.0390625
2 0.353125 0.5125 0.01484375 0.028125
2 0.3625 0.5109375 0.0109375 0.0265625
2 0.3765625 0.5109375 0.01640625 0.0234375
2 0.4828125 0.50625 0.00625 0.00859375