8 0.784375 0.31796875 0.025 0.0515625
7 0.3265625 0.44140625 0.00546875 0.021875
7 0.4234375 0.43828125 0.0078125 0.02109375
7 0.4984375 0.4359375 0.00703125 0.01640625
7 0.553125 0.42265625 0.00703125 0.01640625
7 0.5859375 0.4171875 0.00859375 0.02109375
7 0.6046875 0.45546875 0.00703125 0.0125
7 0.5765625 0.44921875 0.00546875 0.009375
7 0.321875 0.44296875 0.00703125 0.02109375
2 0.7265625 0.4828125 0.07109375 0.05546875
2 0.68125 0.46953125 0.04921875 0.04609375
2 0.6296875 0.49140625 0.0265625 0.040625
2 0.525 0.509375 0.02734375 0.053125
2 0.5109375 0.49765625 0.01171875 0.02109375
2 0.48046875 0.515625 0.02421875 0.053125
2 0.45859375 0.5234375 0.03984375 0.06953125
2 0.496875 0.50390625 0.02109375 0.0390625
2 0.5828125 0.48828125 0.0359375 0.0234375
2 0.421875 0.5125 0.0296875 0.04609375
2 0.4078125 0.5203125 0.0359375 0.0375
2 0.2640625 0.665625 0.32890625 0.36640625
2 0.5734375 0.56015625 0.0828125 0.1234375
2 0.5484375 0.496875 0.0171875 0.02890625
8 0.10390625 0.415625 0.0359375 0.0625