7 0.52890625 0.29140625 0.009375 0.01953125
7 0.4015625 0.3625 0.00625 0.0125
8 0.60390625 0.328125 0.0109375 0.03046875
8 0.759375 0.22421875 0.0140625 0.03046875
8 0.7703125 0.271875 0.0171875 0.04609375
8 0.753125 0.2609375 0.01484375 0.03203125
2 0.41953125 0.41875 0.0359375 0.0515625
2 0.4765625 0.3859375 0.07421875 0.1359375
2 0.56484375 0.403125 0.0453125 0.075
10 0.3515625 0.38359375 0.10625 0.209375
2 0.290625 0.49140625 0.14453125 0.184375
2 0.20390625 0.45 0.07578125 0.08046875
2 0.8234375 0.534375 0.3484375 0.484375
2 0.00546875 0.565625 0.0109375 0.13046875