8 0.1578125 0.26953125 0.028125 0.04609375
8 0.2609375 0.3421875 0.0265625 0.0390625
8 0.1484375 0.37265625 0.01484375 0.009375
8 0.15625 0.384375 0.021875 0.01640625
8 0.6265625 0.38046875 0.0265625 0.01796875
8 0.6453125 0.31640625 0.0140625 0.01953125
8 0.0140625 0.36953125 0.01796875 0.03203125
8 0.0171875 0.334375 0.03359375 0.02109375
7 0.29140625 0.33828125 0.009375 0.03203125
7 0.4375 0.33125 0.0078125 0.0375
7 0.4296875 0.33046875 0.00703125 0.0265625
2 0.2203125 0.49453125 0.04375 0.05859375
2 0.4734375 0.50703125 0.08515625 0.13046875
2 0.525 0.51328125 0.10390625 0.1859375
2 0.6921875 0.5796875 0.34140625 0.2890625
2 0.06015625 0.5421875 0.1203125 0.23203125
2 0.31875 0.5234375 0.1875 0.3125
7 0.14375 0.428125 0.009375 0.0125
7 0.6421875 0.4109375 0.01484375 0.0265625
7 0.525 0.43828125 0.0109375 0.01796875
7 0.6171875 0.30078125 0.01015625 0.0484375