2 0.03828125 0.671875 0.07578125 0.16640625
2 0.3671875 0.6125 0.0515625 0.0609375
2 0.4359375 0.6125 0.0453125 0.06953125
2 0.46015625 0.6 0.01796875 0.0359375
2 0.49921875 0.60390625 0.0359375 0.0515625
7 0.4671875 0.55859375 0.00625 0.0140625
5 0.5953125 0.59921875 0.01875 0.0734375
8 0.54375 0.43671875 0.0171875 0.05
8 0.55625 0.4828125 0.0140625 0.009375
8 0.546875 0.4984375 0.00625 0.0140625
8 0.6640625 0.38046875 0.02265625 0.0359375
8 0.64140625 0.37578125 0.0109375 0.0109375
8 0.6515625 0.33671875 0.021875 0.04609375
7 0.440625 0.56640625 0.00390625 0.00703125