7 0.721875 0.48515625 0.0203125 0.02890625
7 0.0859375 0.315625 0.01640625 0.06953125
7 0.1078125 0.315625 0.0203125 0.06640625
7 0.40625 0.61171875 0.00546875 0.0125
8 0.5953125 0.484375 0.028125 0.01796875
8 0.534375 0.571875 0.00703125 0.02109375
8 0.940625 0.12734375 0.0515625 0.10859375
8 0.9546875 0.321875 0.078125 0.19140625
8 0.9609375 0.4375 0.02421875 0.0515625
2 0.3828125 0.65859375 0.0640625 0.08046875
2 0.334375 0.659375 0.0421875 0.06640625
2 0.2859375 0.66015625 0.06171875 0.08359375
2 0.025 0.62734375 0.05 0.0953125
2 0.18359375 0.67421875 0.1453125 0.140625
2 0.4390625 0.6640625 0.01484375 0.021875
2 0.91875 0.63984375 0.1578125 0.1140625
5 0.734375 0.6109375 0.12578125 0.065625