2 0.3984375 0.53125 0.021875 0.053125
5 0.4171875 0.51484375 0.00703125 0.01953125
2 0.43515625 0.515625 0.0234375 0.028125
2 0.5140625 0.521875 0.0390625 0.07890625
2 0.53671875 0.55234375 0.03125 0.1015625
2 0.5609375 0.565625 0.04296875 0.13359375
2 0.65546875 0.603125 0.18671875 0.225
8 0.540625 0.4546875 0.009375 0.0375
2 0.4375 0.49609375 0.01328125 0.0140625
2 0.44765625 0.4984375 0.0078125 0.01953125
2 0.44375 0.48515625 0.0109375 0.009375
5 0.41171875 0.515625 0.0078125 0.025
2 0.5171875 0.54453125 0.03515625 0.07109375