2 0.371875 0.50234375 0.0171875 0.02109375
8 0.3578125 0.4421875 0.02109375 0.0265625
8 0.3109375 0.45 0.028125 0.0359375
2 0.35078125 0.4921875 0.01953125 0.021875
2 0.3234375 0.5015625 0.0203125 0.01796875
2 0.3 0.5078125 0.021875 0.01796875
2 0.2578125 0.51796875 0.0265625 0.01953125
2 0.2421875 0.51328125 0.01953125 0.0140625
2 0.21796875 0.51484375 0.015625 0.0140625
2 0.1921875 0.53515625 0.03359375 0.025
2 0.1609375 0.53359375 0.034375 0.0359375
2 0.05546875 0.55234375 0.09140625 0.0609375
2 0.2765625 0.5109375 0.0109375 0.01640625