8 0.590625 0.55625 0.0125 0.009375
8 0.634375 0.61953125 0.00859375 0.015625
7 0.57734375 0.55390625 0.00703125 0.021875
7 0.52421875 0.58828125 0.00625 0.0109375
7 0.46640625 0.6078125 0.00859375 0.0109375
7 0.4984375 0.61875 0.00390625 0.00703125
7 0.6765625 0.62421875 0.00546875 0.0109375
2 0.528125 0.6578125 0.0109375 0.015625
2 0.57265625 0.65859375 0.009375 0.015625
2 0.5921875 0.6640625 0.01328125 0.015625
2 0.496875 0.65625 0.0234375 0.03203125
2 0.72109375 0.66015625 0.03671875 0.05546875
2 0.79453125 0.60859375 0.10390625 0.15
2 0.89296875 0.65390625 0.14453125 0.165625
2 0.9703125 0.71796875 0.05390625 0.1265625
2 0.58125 0.6609375 0.00859375 0.0125