2 0.05390625 0.53125 0.0625 0.05703125
2 0.2578125 0.528125 0.02421875 0.01953125
2 0.278125 0.52890625 0.01328125 0.00859375
2 0.31875 0.52578125 0.0109375 0.0125
2 0.1859375 0.528125 0.01875 0.0140625
2 0.34375 0.528125 0.03125 0.0140625
8 0.3671875 0.509375 0.01015625 0.00859375
8 0.4359375 0.44609375 0.02734375 0.03203125
8 0.46953125 0.4453125 0.02890625 0.03203125
8 0.81015625 0.4453125 0.01484375 0.025
8 0.44453125 0.49296875 0.0125 0.0140625
2 0.9625 0.50625 0.0421875 0.04453125
2 0.94453125 0.446875 0.03125 0.0234375
2 0.29140625 0.528125 0.0078125 0.0109375
2 0.76484375 0.496875 0.02265625 0.00703125