2 0.4390625 0.5828125 0.15859375 0.20703125
2 0.6921875 0.571875 0.034375 0.040625
2 0.63828125 0.56015625 0.01484375 0.025
2 0.60390625 0.56171875 0.025 0.034375
2 0.534375 0.565625 0.04921875 0.08046875
2 0.65625 0.5609375 0.0203125 0.025
7 0.5296875 0.46484375 0.0078125 0.0140625
7 0.6859375 0.52109375 0.00546875 0.009375
7 0.575 0.5125 0.00546875 0.00703125
7 0.8890625 0.42421875 0.009375 0.03203125
8 0.890625 0.46484375 0.01796875 0.015625
8 0.8828125 0.490625 0.01640625 0.00703125
5 0.75 0.5671875 0.0046875 0.01953125
5 0.8359375 0.578125 0.0125 0.04609375
5 0.81875 0.57578125 0.0125 0.046875
5 0.728125 0.56875 0.0046875 0.02109375
5 0.715625 0.565625 0.0046875 0.01640625
5 0.7203125 0.56953125 0.00546875 0.01953125
5 0.8828125 0.57578125 0.0109375 0.0390625
5 0.94375 0.575 0.01328125 0.065625
5 0.7453125 0.56953125 0.00546875 0.015625
5 0.9953125 0.58515625 0.0078125 0.05703125
8 0.90625 0.4640625 0.01171875 0.0234375
8 0.91328125 0.496875 0.0109375 0.01640625
8 0.9015625 0.4921875 0.01015625 0.015625
2 0.66953125 0.5609375 0.00859375 0.0140625
2 0.625 0.56015625 0.00859375 0.01796875
5 0.56640625 0.5609375 0.00625 0.01953125